0
1
0
3
0
2
7
2
0
1
2
1
2
1
1
3
3
0
0
5
1
0
2
1
0
1
1
3
3
3
1
0
3
5
2
1
3
3
1
3
1
3
6
5
2
2
1
0
1
3
7
5
2
2
2
5
3
4
6
10
2
5
2
1
1
3
5
4
3
3
1
2
2
3
7
4
3
1
3
1
2
1
4
7
7
5
2
4
4
3
3
3
6
3
1
6
1
3
5
3
4
5
3
3
4
3
4
1
7
7
6
2
6
2
6
3
8
9
3
5
5
2
4
5
3
2
5
4
7
2
2
8
2
3
2
3
8
2
3
5
9
2
4
3
3
4
1
4
2
4
2
1
3
2
0
4
2
8
6
2
6
2
2
2
0
2
3
3
2
2
4
4
1
2
1
4
1
0
4
1
2
4
4
0
2
2
1
5
2
3
8
3
2
2
2
2
1
1
3
3
4
5
2
1
5
1
2
1
2
2
2
1
2
2
3
2
3
2
1
5
2
2
3
2
2
2
5
2
2
1
5
1
1
1
0
2
6
4
5
1
0
1
1
0
1
2
2
2
1
2
1
3
1
2
2
2
1
2
2
0
2
5
3
2
5
5
3
5
3
1
2
1
3
2
2
2
2
1
8
3
2
2
2
4
0
4
2
2
