10
8
6
2
8
4
6
6
4
8
6
4
6
6
8
8
8
6
12
4
12
8
6
4
10
6
10
8
12
10
6
6
10
8
4
14
14
14
8
6
6
6
10
10
16
18
12
11
16
16
16
0
10
13
10
10
10
6
14
4
6
8
4
12
8
6
8
8
14
14
10
6
10
10
6
12
12
10
10
8
10
6
14
4
4
31
2
12
10
10
12
12
10
14
8
10
8
10
4
6
6
10
12
6
8
12
8
6
8
12
12
8
16
10
10
12
8
18
6
12
10
8
10
14
10
14
12
12
8
6
14
20
8
8
8
6
6
4
8
2
6
6
10
10
6
8
8
8
6
4
4
8
10
4
10
8
6
66
10
14
6
8
8
12
10
14
8
18
14
12
10
14
6
8
8
14
8
14
8
10
12
12
6
10
8
10
8
4
14
10
10
10
8
16
12
14
6
10
4
10
6
41
14
14
10
8
8
8
6
10
10
6
16
8
12
4
19
4
8
16
4
12
8
14
8
8
6
6
8
39
8
12
8
10
8
12
10
14
12
8
14
4
10
6
16
6
10
6
8
12
12
8
12
8
14
12
18
12
8
6
8
6
10
8
6
12
6
8
12
4
6
6
4
8
8
4
14
6
8
8
10
10
12
4
6
6
6
8
