0
0
25
6
2
3
21
31
59
89
2
3
8
2
0
35
30
4
23
19
91
45
0
26
35
25
24
22
63
32
24
44
36
0
21
24
10
9
0
3
19
33
21
33
40
0
2
5
4
0
36
0
0
7
19
2
45
2
27
0
0
0
0
0
0
3
0
0
0
0
2
3
6
38
24
4
3
2
1
23
6
38
51
0
0
0
0
0
9
3
0
0
0
0
2
24
2
44
8
6
4
35
4
43
24
0
26
0
0
0
0
0
0
0
0
0
0
0
8
0
54
36
26
31
40
29
21
2
90
0
5
7
2
2
2
0
21
2
2
0
4
38
38
17
26
31
28
20
33
32
5
23
0
3
5
0
3
2
4
2
59
53
22
8
4
48
2
33
57
24
32
19
42
24
29
35
35
0
4
23
5
4
19
0
4
37
39
0
61
0
2
54
46
44
72
3
19
3
0
6
2
27
9
2
0
27
20
2
38
0
2
1
28
62
5
2
19
9
5
0
24
27
15
60
35
0
2
23
31
87
32
63
32
30
25
45
68
0
6
2
21
0
0
2
7
0
31
23
61
4
21
0
0
0
5
4
0
0
0
0
0
0
2
2
3
23
19
40
13
2
21
24
4
0
4
2
90
0
2
35
21
2
7
23
2
0
51
52
