8
5
9
20
17
15
9
11
7
13
8
19
7
11
4
9
7
13
11
22
8
24
13
22
7
21
21
18
13
13
17
29
13
18
11
21
17
7
19
8
7
10
19
12
27
11
27
15
13
19
13
15
11
19
9
20
11
13
17
18
18
13
6
17
9
9
11
22
9
7
9
23
26
21
10
11
13
28
9
25
13
16
22
20
7
11
20
15
22
22
7
33
11
32
30
43
64
11
11
10
27
24
20
13
23
20
7
20
7
17
6
17
27
21
12
16
9
20
40
22
25
9
26
41
20
29
28
19
48
27
13
31
12
17
16
6
9
18
19
7
29
9
9
9
9
7
27
13
27
25
11
17
21
15
24
30
9
31
26
16
13
26
19
9
20
15
21
27
17
11
15
21
22
9
16
13
21
24
6
22
9
29
7
24
26
30
31
16
21
12
28
20
30
24
19
14
13
29
30
15
36
16
24
28
20
15
29
35
22
34
27
18
26
23
15
41
37
31
24
23
15
11
20
13
13
28
25
4
6
7
9
8
20
28
7
9
6
14
5
11
8
9
11
13
11
9
13
11
11
16
6
7
4
7
10
13
11
11
9
9
13
2
13
11
11
4
9
11
11
5
18
11
13
9
6
4
9
17
4
13
27
8
6
11
13
11
7
20
