2
2
31
13
6
0
6
2
2
2
2
2
0
44
2
2
51
4
6
29
2
2
2
0
6
4
2
2
2
2
11
37
2
2
4
4
4
0
4
3
6
4
2
33
0
2
4
4
8
0
2
4
6
2
22
29
2
6
4
4
39
2
35
0
0
4
17
6
4
4
34
4
2
4
2
4
39
2
2
45
0
2
2
4
2
4
4
2
2
9
6
26
8
0
4
13
16
0
0
0
0
4
4
2
2
0
2
2
2
4
15
2
4
2
0
44
4
0
25
2
4
4
4
4
4
2
6
8
2
4
4
4
51
4
0
2
2
11
2
4
4
0
6
2
2
0
2
2
2
4
0
2
2
0
0
0
2
30
2
2
66
2
46
2
4
2
2
8
4
2
6
2
2
4
4
2
0
2
2
0
2
2
6
34
2
0
0
0
4
4
2
2
2
0
2
2
2
0
2
2
7
4
4
2
2
2
2
4
2
30
4
2
6
6
17
2
6
2
2
2
0
2
0
4
0
2
6
0
2
2
24
0
2
6
2
4
2
0
2
6
2
4
4
0
25
4
12
4
0
0
6
37
2
6
11
4
4
2
0
0
14
2
0
4
0
0
0
0
0
0
0
0
0
0
0
0
0
0
0
0
0
2
0
0
0
0
3
0
