96
96
96
91
98
99
97
98
94
95
95
96
91
98
94
90
92
89
91
89
86
88
97
93
96
96
96
96
95
94
96
94
95
92
89
96
96
92
94
98
92
94
91
88
86
92
97
96
88
97
93
95
96
95
98
96
94
97
94
94
98
99
96
94
97
97
82
91
92
95
96
88
92
99
96
96
97
95
90
96
96
83
96
90
94
96
97
96
88
85
90
99
96
94
96
94
97
90
94
96
98
95
96
97
97
95
96
90
96
94
82
98
93
92
87
98
96
96
95
95
95
93
90
95
96
89
95
76
91
94
87
94
97
97
97
97
94
90
96
97
93
95
96
98
91
97
94
93
91
90
97
95
96
90
85
96
91
96
91
85
83
95
98
95
96
96
92
97
95
92
93
95
95
93
93
79
96
96
92
94
89
90
95
92
94
96
96
93
94
95
94
94
96
96
96
98
96
96
94
93
96
95
94
96
88
94
94
95
94
94
89
98
96
93
90
95
81
94
95
95
81
88
95
96
84
95
90
91
82
95
82
92
92
90
97
90
90
94
93
80
91
84
89
97
60
91
72
94
86
82
70
95
93
95
97
89
90
97
95
95
99
87
83
95
95
94
98
96
94
94
92
94
90
86
93
86
97
91
94
74
90
88
95
79
86
81
64
95
