2
2
4
6
2
3
2
2
2
0
4
4
12
2
46
4
4
6
2
13
2
2
2
4
2
2
2
2
4
2
4
2
4
2
2
0
0
2
2
2
4
4
4
4
0
4
0
6
0
2
0
38
6
2
2
4
4
2
2
4
12
32
0
2
0
0
2
2
0
0
2
2
4
2
4
2
31
2
2
4
4
2
0
2
2
2
0
48
0
4
4
0
4
4
2
4
2
2
6
2
2
29
2
28
33
2
4
2
43
0
0
4
4
26
4
4
2
39
4
2
18
2
8
0
4
4
37
4
0
2
0
2
0
4
4
0
35
4
4
2
2
2
2
11
6
4
2
2
0
2
3
4
4
2
0
31
2
4
31
2
27
2
0
13
2
0
6
0
2
2
0
6
4
0
2
0
0
0
25
4
28
2
2
30
2
8
4
2
0
2
2
2
6
44
4
4
4
9
2
4
2
0
8
4
6
20
0
42
13
8
4
6
4
4
6
4
8
4
8
4
4
0
4
2
2
2
2
2
4
2
2
2
2
2
4
2
21
4
4
2
2
6
2
0
2
4
2
2
2
4
0
37
4
8
0
42
2
4
4
2
2
4
8
0
2
0
0
0
0
0
0
0
0
0
0
0
0
0
0
0
0
0
0
0
0
0
0
0
