36
24
24
28
14
24
27
28
26
22
13
7
11
10
16
31
39
28
16
17
13
29
13
31
16
12
8
15
17
12
18
15
17
16
36
16
8
13
13
11
13
8
15
15
20
27
16
31
13
19
13
18
33
17
12
12
13
11
8
26
19
18
12
11
26
21
8
13
16
20
10
12
37
40
42
33
10
20
26
14
11
10
9
12
15
25
15
21
25
9
12
12
30
23
19
10
15
20
13
37
13
6
19
11
10
13
17
17
11
23
11
9
24
19
13
23
10
15
16
13
14
17
16
24
15
17
20
26
15
17
15
37
34
36
36
11
12
37
22
22
35
12
27
18
22
37
11
9
18
23
19
21
19
23
14
17
19
18
15
24
21
18
14
13
18
22
15
19
19
11
23
20
18
18
16
18
18
23
17
28
28
21
20
27
32
39
32
21
16
10
39
10
27
18
18
17
31
25
33
27
22
37
29
20
31
32
11
21
28
34
30
37
41
48
10
21
15
33
15
21
15
13
16
23
15
23
13
18
12
17
14
16
14
44
44
42
13
24
25
19
19
13
22
26
18
18
16
31
8
14
22
25
27
15
18
16
21
14
23
17
22
19
26
17
11
19
13
19
20
14
22
35
17
24
24
12
16
16
32
14
13
16
20
34
18
14
28
19
