2
5
1
15
3
9
3
5
9
4
6
6
9
7
4
4
11
2
5
9
7
7
7
0
2
9
5
7
11
2
7
3
7
6
2
6
7
4
11
9
2
5
4
5
5
9
4
7
6
7
6
7
5
11
3
4
4
11
3
5
5
7
4
5
9
4
4
6
2
7
7
3
4
2
4
7
1
6
9
5
0
7
4
4
7
4
4
7
7
17
7
13
11
4
2
7
5
11
2
2
7
5
4
6
3
4
5
9
7
11
3
4
3
5
11
4
4
5
7
2
2
4
5
11
5
4
7
6
5
11
9
3
2
6
7
4
11
7
4
7
9
4
2
11
9
5
7
4
7
7
5
4
9
6
4
11
6
9
4
9
7
5
4
7
5
4
2
13
7
1
7
4
11
3
7
4
7
9
11
6
7
9
9
5
4
2
11
7
3
4
3
5
3
9
13
4
3
5
11
3
5
5
2
4
4
7
7
4
13
5
1
2
19
7
13
5
11
7
2
4
4
5
7
7
9
4
5
7
2
5
7
6
5
2
7
6
6
13
7
5
9
4
9
4
6
6
0
9
7
11
9
7
13
2
4
5
6
3
5
6
9
2
7
9
4
3
5
5
5
7
4
7
7
11
4
11
2
4
4
3
5
5
4
5
4
13
19
9
