1
3
21
3
1
5
3
7
1
2
5
3
5
5
3
7
19
2
5
9
23
3
0
3
5
1
1
3
3
2
3
0
3
3
2
1
3
3
1
4
1
1
5
4
1
1
21
3
1
3
3
5
3
7
3
1
3
5
3
5
7
1
5
5
1
17
3
5
30
5
1
3
3
3
2
6
1
7
5
15
0
1
7
5
5
1
0
3
3
3
5
3
19
3
5
3
3
3
1
1
3
1
5
3
5
1
5
3
4
9
5
19
3
5
1
5
4
5
1
3
3
0
0
5
5
9
7
3
1
3
7
2
5
1
3
7
1
5
7
7
7
3
5
1
0
3
5
7
1
3
5
5
5
9
1
2
1
3
5
5
21
3
3
1
3
13
3
7
3
5
5
0
13
2
2
5
0
5
0
5
3
1
23
1
1
2
7
21
1
5
3
5
0
4
4
1
1
5
3
7
5
5
3
7
7
1
3
0
3
5
1
5
3
3
5
7
19
3
1
3
5
9
7
0
3
4
3
2
0
7
3
0
1
3
1
0
3
3
7
3
5
3
1
1
3
5
3
6
3
7
1
7
1
5
3
3
3
7
1
1
1
3
0
1
0
21
3
5
1
1
1
5
3
1
2
4
3
1
5
4
2
3
3
3
1
5
21
6
