19
16
4
25
9
12
3
9
16
29
43
19
10
22
21
22
14
25
32
36
6
0
18
7
19
36
13
32
48
42
31
38
24
28
25
49
9
48
36
26
35
32
27
18
27
37
21
38
38
40
29
26
23
28
15
48
2
27
31
19
21
19
27
72
29
20
27
7
28
20
39
23
25
35
8
33
45
15
20
31
22
28
36
23
25
30
19
7
16
18
18
25
30
28
41
50
23
32
41
40
33
26
34
37
21
30
29
13
22
32
25
36
30
34
26
28
31
17
20
34
15
41
39
27
21
18
28
46
14
5
23
13
50
26
30
32
36
18
34
26
29
23
16
31
18
22
22
51
31
23
45
8
36
50
35
31
28
30
52
36
28
28
25
38
36
39
23
32
44
36
42
35
20
24
32
24
22
68
45
11
31
35
23
32
34
35
28
27
13
17
37
19
31
27
45
21
44
34
28
23
26
22
43
31
13
15
26
20
22
40
35
19
16
35
20
14
36
30
24
17
21
32
34
23
37
22
39
39
27
12
16
26
35
17
22
29
18
46
16
51
42
47
17
20
42
44
34
30
32
38
26
28
33
26
32
36
27
35
31
30
39
27
33
39
26
39
26
0
20
18
30
8
41
11
13
44
77
75
30
22
27
14
66
37
9
23
48
23
