13
15
11
7
3
9
11
19
5
3
13
9
5
9
7
5
11
11
13
9
9
9
9
9
13
11
7
13
12
3
5
5
15
9
9
9
7
5
7
5
11
13
13
9
5
5
7
9
15
9
9
7
7
9
11
1
13
10
7
9
7
11
11
3
7
13
10
7
7
7
9
10
3
5
9
7
9
7
5
5
7
11
11
7
12
9
7
5
9
9
13
11
15
7
9
9
9
13
7
9
11
9
11
5
7
7
7
9
5
7
9
11
9
9
9
13
11
7
9
7
17
11
7
13
11
7
9
11
9
21
13
7
7
3
13
5
9
3
12
5
7
7
13
9
7
7
13
7
5
9
9
9
7
7
7
9
3
11
5
3
11
9
19
7
7
11
7
11
9
11
11
11
5
9
7
11
5
7
7
11
5
3
7
11
15
9
13
5
9
9
13
11
7
11
9
5
5
7
9
7
9
13
7
11
11
5
13
11
7
11
5
9
3
7
11
13
5
7
11
11
7
5
13
5
11
5
11
11
11
11
9
5
7
5
5
5
11
5
7
11
3
5
7
7
11
7
11
13
11
5
13
7
5
11
7
7
7
7
3
11
7
3
9
5
9
7
11
9
5
7
15
5
7
7
9
9
13
11
11
7
5
1
7
11
7
3
11
15
