5
5
28
7
6
7
4
5
5
33
4
5
7
4
5
7
5
3
5
8
3
7
5
11
7
5
5
44
5
7
4
22
0
2
2
2
4
4
15
5
3
39
6
9
5
4
7
10
29
7
35
19
3
2
6
6
2
4
2
2
3
4
2
4
6
3
7
6
12
2
8
8
2
2
4
6
7
6
3
30
26
0
0
7
3
7
4
4
3
27
7
4
7
7
2
6
3
2
4
2
4
6
3
12
8
6
5
39
6
4
5
5
5
5
7
5
4
6
2
3
5
35
2
4
2
4
4
4
42
3
5
41
6
5
24
5
2
42
5
4
4
4
0
4
4
12
5
4
4
7
4
2
4
5
4
7
4
4
2
5
2
28
2
4
4
4
2
5
2
5
33
4
4
4
2
4
2
7
6
8
4
2
2
9
4
3
3
2
2
6
4
11
29
6
5
4
2
6
2
14
6
3
5
4
0
9
7
7
6
9
5
9
2
7
7
7
5
6
5
4
6
8
33
5
6
27
5
11
4
6
3
3
7
5
2
13
7
9
6
5
5
19
9
4
33
2
2
6
31
2
2
2
5
3
7
7
5
7
4
5
5
8
4
7
3
5
5
34
0
4
2
4
2
9
4
6
7
5
3
5
9
5
15
7
5
5
3
6
