3
0
0
0
0
0
7
0
0
0
2
52
4
2
34
0
4
0
5
19
23
3
25
0
0
0
4
0
0
0
0
0
0
0
15
41
26
27
23
19
0
2
3
42
32
0
2
27
4
2
30
2
3
0
1
0
6
0
2
42
0
0
0
0
0
0
0
0
0
0
4
0
31
25
41
26
26
39
32
38
0
0
0
4
19
5
4
70
4
53
22
40
0
0
3
6
24
39
26
0
4
0
42
19
0
0
7
74
0
3
20
0
0
0
2
18
0
2
59
3
23
0
28
8
0
0
0
0
0
0
1
5
2
0
2
36
38
2
3
27
39
3
26
0
0
0
0
0
0
0
0
0
0
0
3
39
67
0
5
3
0
0
0
2
0
2
46
20
0
0
0
0
2
0
0
0
0
7
2
67
28
2
3
5
15
7
7
2
6
0
7
22
4
3
0
8
7
0
0
2
7
47
63
0
0
0
0
0
2
0
0
0
0
0
2
38
0
5
32
2
0
2
2
2
6
34
7
2
0
0
0
0
0
0
0
0
0
0
2
16
2
0
0
27
4
0
0
0
36
4
4
5
2
68
0
0
6
0
0
0
2
2
6
36
92
0
0
0
0
2
0
0
0
0
0
2
2
0
4
2
78
92
0
0
0
0
2
0
