1
3
1
5
1
3
1
1
3
2
1
2
3
3
2
1
2
5
7
0
3
5
7
3
3
7
1
5
5
0
6
3
1
3
0
1
6
1
7
1
3
1
3
2
0
0
5
3
5
3
0
1
1
5
5
1
3
0
0
1
3
3
3
1
3
5
0
1
3
7
1
1
7
4
5
1
5
3
7
4
3
0
3
1
1
1
3
1
3
0
1
5
1
0
4
7
2
4
5
3
7
0
2
3
3
1
3
1
1
1
1
0
1
4
1
3
3
7
1
3
4
3
6
3
5
7
3
1
4
7
5
7
1
1
0
1
0
3
2
2
3
1
7
1
0
1
0
7
3
4
1
3
2
5
3
0
3
3
0
5
1
7
1
1
4
3
1
7
5
5
3
1
1
5
1
0
5
1
0
5
5
3
3
3
1
3
2
2
5
0
5
9
1
1
6
1
2
0
1
3
3
1
2
1
7
4
1
5
0
3
1
3
3
1
7
1
5
1
1
0
3
3
3
1
1
3
4
1
3
0
3
0
3
0
2
3
3
9
7
5
3
3
2
7
0
2
4
2
1
3
7
3
0
5
7
7
0
2
3
1
0
1
5
2
2
3
5
3
7
2
1
0
7
4
4
0
3
3
0
7
5
3
5
1
3
3
1
1
