2
4
2
0
2
4
8
4
6
2
16
4
6
2
2
2
2
0
2
4
2
0
4
0
2
8
0
4
2
4
6
4
4
10
4
0
2
4
2
0
0
2
0
2
2
0
2
6
2
0
2
13
2
2
8
0
8
4
0
11
4
7
2
4
4
5
4
19
8
2
2
2
4
0
8
6
4
0
2
0
4
2
4
13
0
2
8
0
0
2
8
2
0
0
12
2
0
4
2
2
0
8
4
6
0
2
0
0
0
0
4
0
2
0
4
4
2
4
6
4
6
12
6
6
8
8
6
2
2
2
0
2
0
4
4
0
2
0
4
8
4
2
0
4
0
2
8
0
0
4
2
4
4
2
6
2
4
4
4
0
8
4
2
8
4
6
14
4
4
6
0
0
2
4
2
0
2
6
6
7
14
4
8
8
12
0
4
2
4
0
0
0
0
2
8
4
6
2
2
10
8
4
2
2
2
8
0
19
10
8
2
4
6
2
4
2
6
2
2
4
2
4
6
6
2
2
0
2
0
0
2
2
4
0
0
4
10
2
6
8
0
23
8
0
4
0
4
24
8
23
6
10
0
8
19
0
0
0
4
0
0
2
4
0
0
2
0
2
0
0
6
0
0
6
6
6
2
6
6
13
2
2
2
7
0
4
8
4
