8
6
14
31
6
2
4
8
8
12
4
53
6
6
0
4
12
8
10
8
10
8
10
18
8
8
14
21
8
6
14
6
6
8
8
10
4
8
19
21
12
6
12
6
8
16
14
17
14
10
6
14
8
12
10
8
23
23
10
12
8
23
14
25
14
19
25
18
12
21
27
10
21
14
12
10
21
8
12
19
21
21
14
14
19
14
12
76
14
10
29
33
19
25
2
16
19
14
37
27
21
12
21
8
21
33
21
18
25
18
14
37
19
29
19
16
12
25
10
25
29
8
10
29
21
17
27
35
37
17
29
18
8
6
31
14
23
14
10
27
17
45
8
18
27
21
25
16
16
8
10
12
14
31
14
14
8
31
10
16
23
18
23
29
29
10
21
12
6
29
23
21
23
8
16
14
8
23
10
23
37
6
27
19
6
23
21
25
16
23
10
12
14
12
15
14
18
10
19
23
2
6
6
16
6
23
8
14
6
23
8
17
21
8
19
12
20
10
12
10
8
25
14
8
10
6
16
8
21
16
10
6
8
16
10
17
10
10
8
6
8
10
17
18
14
10
16
19
4
4
10
4
18
16
6
16
8
6
10
12
10
25
10
16
12
8
10
10
18
10
6
8
8
12
4
8
16
18
10
16
4
10
14
10
10
19
12
12
