26
18
34
17
23
37
47
37
19
43
28
15
10
25
22
30
34
25
25
28
48
14
33
39
48
18
13
32
32
35
31
26
43
52
40
49
23
21
36
41
21
33
18
26
29
44
39
18
24
21
28
26
28
23
24
42
40
31
29
13
33
25
33
38
43
36
31
40
45
69
25
52
24
30
33
22
34
32
26
57
22
51
45
28
68
35
36
32
33
26
39
33
55
56
32
50
41
45
32
24
42
25
42
47
44
54
36
40
45
43
24
35
25
47
44
59
42
38
37
43
43
30
28
31
43
31
27
33
39
33
44
35
49
43
31
36
34
28
41
38
33
26
51
30
54
26
30
38
37
44
31
53
39
54
48
41
39
23
38
23
39
23
40
33
43
35
59
33
25
45
42
48
28
26
40
47
41
45
22
51
39
23
42
29
19
42
32
39
34
50
43
47
50
27
35
23
32
31
29
25
42
54
34
37
47
35
34
45
31
25
32
18
59
34
28
60
24
33
37
21
25
33
27
45
58
31
49
40
44
33
29
33
29
35
27
53
54
25
38
42
48
31
44
31
49
27
42
57
28
56
21
26
34
32
21
28
47
24
23
36
39
34
38
52
37
29
44
31
29
20
34
54
30
40
31
47
43
23
28
24
32
33
25
30
46
55
45
19
