0
32
3
4
0
2
0
18
13
24
5
1
0
42
20
1
21
4
21
26
22
7
15
14
9
21
3
0
3
30
25
0
33
5
25
0
0
32
6
0
79
7
37
40
2
7
23
19
4
80
0
35
4
74
66
0
35
14
9
20
6
45
4
13
0
0
0
3
5
0
2
6
6
34
0
0
0
14
75
79
70
0
0
0
2
0
0
0
2
2
5
21
0
15
19
1
25
16
2
0
4
18
2
0
35
2
35
5
25
8
17
0
18
26
0
5
0
51
0
8
9
17
6
0
20
7
31
0
0
23
16
0
7
0
33
6
21
4
0
7
0
18
0
15
12
0
5
0
3
13
30
0
8
0
3
0
24
5
35
10
17
0
0
23
0
32
3
0
35
3
14
0
0
0
0
11
0
8
0
5
11
22
3
28
2
21
23
6
0
0
3
0
0
49
0
28
0
31
8
6
0
36
16
2
13
22
8
58
0
7
22
2
0
0
16
0
0
2
0
0
25
0
24
11
14
7
0
12
28
23
0
89
20
4
0
30
5
18
2
0
2
28
0
21
7
0
3
4
24
2
0
30
14
3
29
32
7
4
10
16
24
38
11
30
71
0
25
21
9
3
34
7
0
25
2
23
2
0
28
4
14
3
32
0
40
23
55
0
