8
6
6
4
10
6
6
6
8
6
8
6
6
4
6
12
8
4
10
6
4
10
14
8
4
6
8
12
6
4
6
8
12
8
4
6
6
6
4
6
6
4
10
10
8
6
10
6
8
11
12
6
9
6
3
6
10
4
4
4
8
4
6
6
6
8
10
6
6
8
8
6
10
4
2
8
7
8
8
6
6
10
4
8
6
8
34
13
6
12
6
8
10
6
6
6
8
16
4
8
12
6
6
7
4
6
6
22
6
11
13
6
6
6
10
16
6
8
6
8
8
6
8
12
4
4
10
10
8
6
6
10
6
4
6
11
8
10
6
12
19
17
8
4
17
8
8
4
7
8
6
6
6
8
4
6
6
4
4
19
4
4
11
8
6
12
9
6
6
6
4
2
8
10
7
15
4
12
10
6
6
8
6
6
4
6
6
4
6
6
4
8
6
7
8
4
8
10
4
2
6
10
8
8
4
10
10
4
10
8
2
2
4
2
2
6
6
6
4
4
8
6
9
6
6
4
6
6
4
8
6
4
8
8
4
2
8
6
6
4
8
8
2
14
14
10
10
16
10
9
6
2
6
10
4
4
17
4
4
4
6
6
4
2
8
4
4
2
6
4
8
4
4
6
6
6
6
8
8
4
4
4
6
8
4
2
6
4
