2
9
6
4
11
6
7
4
2
5
6
4
4
6
4
4
4
2
2
2
4
8
7
6
11
6
8
7
6
2
8
4
4
6
9
7
8
7
6
11
6
6
6
6
9
8
4
6
2
7
6
9
8
6
15
2
2
4
4
2
11
7
6
4
7
4
6
10
8
4
4
6
9
2
6
6
4
4
4
2
4
6
6
4
6
6
6
4
6
4
5
8
2
6
4
2
4
2
2
4
4
2
0
4
2
2
2
2
4
6
0
4
2
2
4
6
8
6
4
4
2
2
2
4
6
0
2
6
6
4
2
4
4
2
2
7
2
4
4
11
11
6
4
4
8
11
6
13
7
13
9
6
8
19
11
28
13
11
15
8
6
4
19
17
18
7
17
9
13
15
7
6
11
6
6
6
11
17
8
10
24
18
4
17
18
13
13
13
11
9
15
8
4
15
7
13
11
19
13
15
15
11
13
7
6
6
15
8
8
6
6
6
6
9
11
18
8
13
4
15
8
21
8
4
6
9
8
4
15
6
2
7
6
4
4
17
8
2
11
15
11
6
6
15
13
8
4
7
8
6
9
8
4
7
4
4
13
4
6
4
10
6
4
6
8
7
6
9
6
2
2
11
2
7
4
9
4
6
4
4
10
7
8
6
11
6
8
4
