91
91
87
91
87
85
89
89
90
79
87
94
89
88
94
88
89
89
68
86
87
86
89
86
89
86
77
63
69
87
70
76
84
81
83
85
85
86
77
86
70
83
83
83
90
84
80
86
84
87
86
83
88
83
87
82
78
91
87
82
79
88
73
68
83
84
83
89
78
86
83
89
72
77
84
80
90
62
81
77
63
81
81
83
83
57
88
68
74
83
90
89
82
75
59
85
82
81
70
84
91
79
87
68
87
79
86
84
77
75
82
87
69
86
86
84
70
91
78
81
88
81
84
80
82
72
80
79
87
85
81
80
85
80
84
86
78
90
84
77
89
79
82
74
78
77
76
94
84
74
82
91
69
70
85
88
78
86
56
78
79
58
72
93
80
94
78
78
88
90
88
83
91
81
86
89
88
82
93
84
90
79
89
90
88
90
93
93
82
95
89
92
83
91
94
97
92
91
91
78
93
78
87
90
74
87
76
88
94
94
91
91
86
84
56
84
90
86
87
91
91
89
87
94
88
47
86
70
91
93
88
91
85
87
78
89
89
92
83
89
91
89
88
87
89
80
95
91
89
89
93
92
93
45
90
74
88
89
61
90
88
89
89
88
83
82
92
49
84
94
86
88
92
92
89
89
90
82
88
93
91
90
90
82
88
89
93
89
