6
0
8
4
2
0
0
5
0
0
0
0
4
0
8
0
0
0
0
2
4
0
0
6
0
0
2
0
0
2
0
0
0
2
0
13
2
2
0
2
0
0
8
10
6
4
2
2
0
0
0
2
10
9
0
8
2
0
2
4
0
2
8
0
2
0
2
5
6
2
4
0
4
2
0
2
2
8
4
0
2
6
2
2
0
0
2
13
0
0
2
4
2
10
4
4
4
0
2
0
4
6
2
2
6
8
4
4
8
2
4
4
0
4
4
4
0
10
2
0
2
4
4
0
4
2
7
9
4
4
2
0
6
2
8
4
4
2
4
2
4
6
7
2
2
6
0
2
4
2
0
0
4
4
2
2
2
6
4
2
2
4
2
4
12
2
4
0
0
8
4
2
90
0
2
6
8
0
2
2
6
7
2
6
6
2
2
4
4
0
0
2
2
0
4
6
2
0
76
6
2
0
0
8
6
0
8
0
0
4
12
4
2
2
2
2
8
8
6
6
4
10
6
4
6
0
2
4
8
4
4
2
4
2
4
0
2
4
2
2
0
2
6
2
0
2
7
8
0
4
6
9
8
0
8
2
4
4
6
2
4
4
2
4
0
0
4
8
0
4
10
6
7
4
8
8
8
2
0
0
2
4
0
0
0
2
0
0
