1
3
1
1
5
7
1
7
1
3
0
0
1
3
1
5
5
3
7
1
0
1
3
3
5
5
1
3
0
1
7
5
0
1
0
1
1
1
1
1
3
3
1
3
1
3
3
0
3
7
3
1
5
1
5
3
0
1
3
1
9
1
3
1
3
0
1
1
1
0
5
5
1
1
9
1
1
3
3
1
5
3
5
3
3
3
9
0
3
7
1
5
1
5
1
3
0
3
0
1
3
1
5
1
1
3
1
3
3
7
3
5
5
3
3
3
7
1
0
1
3
5
3
5
0
5
1
1
0
3
5
1
5
3
1
3
3
13
5
1
1
1
1
3
1
5
7
5
5
0
1
3
3
1
1
5
5
5
7
0
1
1
3
3
3
5
3
1
1
3
7
1
3
5
3
1
7
1
3
1
1
5
1
0
0
1
5
1
0
9
0
5
3
5
1
3
5
3
7
3
1
1
3
35
5
3
5
1
1
1
3
3
5
1
3
5
7
5
1
5
1
1
3
1
1
1
1
0
1
5
3
0
3
0
1
1
1
1
1
5
3
3
3
1
1
1
3
3
1
5
0
1
5
5
1
3
1
0
1
3
0
0
1
3
1
1
9
3
1
5
1
3
1
1
5
5
0
1
1
1
3
1
3
3
3
3
1
1
