5
4
1
1
3
5
2
5
6
3
5
2
2
9
3
8
4
3
2
3
7
8
5
1
5
3
3
1
3
5
4
3
4
2
10
3
5
3
3
3
2
1
0
2
3
3
3
2
5
5
1
2
3
5
3
2
1
3
3
2
2
5
5
3
5
3
3
2
0
2
5
1
4
2
3
1
3
3
1
2
1
2
0
7
4
6
2
2
5
3
3
8
4
3
2
3
3
2
0
3
3
4
3
2
3
2
3
3
3
2
6
3
2
2
8
1
4
3
6
3
3
1
4
4
3
8
1
2
5
3
6
3
4
3
2
1
2
3
7
8
7
6
4
8
1
0
2
3
1
3
2
2
3
7
4
3
3
2
5
3
5
3
3
3
3
2
3
2
2
3
3
3
3
3
1
3
4
4
5
5
3
7
5
1
3
2
1
2
3
2
2
2
1
8
2
3
2
3
2
3
6
2
6
3
3
2
3
3
2
5
4
5
3
3
2
3
2
0
3
3
3
2
2
2
2
2
0
2
2
3
3
0
2
6
3
1
2
3
3
0
1
3
3
3
3
3
3
2
3
3
3
2
7
3
3
4
1
2
3
7
4
2
5
2
2
3
4
4
2
2
4
4
3
6
7
3
0
2
3
1
3
2
2
3
4
4
2
4
