0
0
0
1
1
0
55
3
0
0
3
0
0
3
0
0
3
1
0
2
3
0
0
0
0
7
0
5
3
0
0
3
1
3
0
0
0
3
3
3
0
0
5
3
0
1
9
3
0
29
0
57
0
5
0
0
0
5
1
2
0
0
0
0
3
4
0
0
7
3
0
0
5
3
0
2
1
0
0
3
0
1
0
5
0
1
0
9
0
0
1
3
0
0
60
0
0
0
1
0
1
1
0
0
1
0
1
0
3
0
0
0
1
0
3
1
1
1
1
1
5
0
1
0
5
0
1
0
1
1
0
1
5
3
0
0
1
2
0
0
3
5
1
0
0
0
1
0
1
5
3
0
3
5
1
0
0
5
3
3
0
3
1
0
5
5
0
1
0
79
1
3
0
0
0
3
3
0
0
0
0
5
0
0
0
1
0
0
0
0
3
0
1
5
0
0
0
0
0
0
0
0
0
3
1
0
3
0
0
5
0
5
0
1
3
0
0
5
0
7
2
3
3
0
0
4
0
0
1
0
3
3
1
1
1
3
1
0
0
1
1
9
0
1
1
1
1
9
1
3
0
5
0
3
5
3
5
3
7
3
0
3
0
7
1
9
0
5
1
0
1
7
3
3
3
0
0
5
1
0
0
5
1
5
1
1
0
0
