12
4
22
16
13
23
7
7
9
19
9
35
15
8
7
32
17
26
28
9
4
13
17
15
10
11
6
24
13
15
9
9
28
7
22
19
13
19
15
17
13
12
13
6
36
17
10
15
19
6
8
15
6
20
35
11
15
19
24
12
11
11
13
22
42
29
20
17
11
37
38
36
7
0
17
17
13
10
4
6
11
21
19
17
14
24
13
35
40
19
19
11
37
32
20
15
11
33
22
55
13
21
11
46
37
22
48
11
10
19
15
14
31
28
22
13
43
28
46
17
17
13
31
24
5
20
13
44
22
6
7
10
15
24
23
27
23
11
15
17
13
17
11
17
8
20
6
13
35
11
35
30
21
8
31
8
4
17
37
6
11
35
19
4
8
17
39
20
6
17
25
38
23
17
30
11
42
72
22
37
48
15
6
37
8
8
11
17
8
13
8
34
10
26
10
39
30
19
19
19
26
13
8
6
6
25
28
33
30
19
20
4
23
21
20
24
13
4
17
11
9
15
30
15
8
20
13
13
17
8
8
4
29
20
10
6
7
24
6
11
15
28
22
15
7
15
13
15
24
4
28
10
7
6
6
10
7
13
8
21
22
15
11
11
25
9
12
13
19
13
9
7
17
20
8
6
17
11
24
13
25
15
17
8
36
6
8
39
