4
4
11
11
2
6
0
2
12
10
10
6
6
6
8
10
8
6
4
4
4
12
4
8
4
8
12
13
4
6
10
12
8
6
6
2
8
12
4
2
2
14
12
8
4
4
0
2
2
6
6
4
12
10
19
0
6
4
13
14
4
11
4
6
14
15
10
2
8
6
8
11
2
8
4
4
19
16
4
4
2
19
15
19
4
5
4
4
11
12
15
12
4
10
4
13
6
13
4
6
14
8
12
15
6
4
8
2
6
4
2
2
10
6
9
4
6
6
8
6
8
4
6
6
10
12
4
8
4
6
15
14
2
2
4
26
6
10
12
4
2
8
10
10
2
4
4
12
13
4
8
6
4
8
23
4
4
4
10
6
10
4
6
4
6
4
8
8
2
4
2
21
10
8
8
2
4
6
13
6
6
6
0
12
4
0
8
12
8
12
4
8
2
10
14
12
8
6
14
23
10
15
0
2
10
2
12
10
4
6
14
2
10
4
6
4
6
8
14
6
8
6
8
10
4
6
6
4
8
10
0
2
6
12
6
6
6
8
2
2
0
15
4
8
4
12
6
2
4
4
26
6
4
2
0
2
10
8
4
4
8
4
4
10
8
2
4
6
14
8
6
4
0
4
6
0
4
6
6
17
8
0
4
6
12
12
8
10
