9
4
9
7
5
5
3
7
2
5
3
5
8
3
7
5
5
5
9
4
2
9
5
5
7
9
7
8
9
4
5
5
9
5
4
7
7
6
5
7
7
11
5
5
7
7
5
4
11
7
4
9
2
7
7
5
5
7
5
2
7
9
4
13
7
9
4
7
7
11
7
7
9
5
5
9
7
2
7
2
5
7
4
7
7
4
7
7
7
7
5
5
7
9
7
5
4
5
11
9
2
7
6
3
4
7
4
4
2
4
7
7
7
5
7
4
7
4
5
5
8
7
9
7
7
5
4
4
4
9
7
7
4
4
7
4
4
9
9
5
4
7
4
7
11
7
5
9
6
5
2
2
5
5
4
4
8
5
9
5
7
7
2
2
5
7
7
18
5
9
7
11
4
7
2
2
5
7
5
4
3
5
6
9
6
7
9
2
4
2
2
5
9
7
9
7
7
11
7
2
2
2
7
7
7
7
7
11
9
5
13
4
4
4
7
7
5
7
11
5
5
2
6
4
2
2
9
5
9
2
4
7
7
3
7
2
3
2
4
9
3
6
5
7
9
9
7
5
4
3
7
5
7
4
9
11
9
9
7
2
4
5
7
7
7
7
9
2
7
5
6
2
5
2
5
7
5
7
9
7
7
7
7
5
2
7
3
7
