18
21
22
23
23
19
33
30
27
17
25
12
36
11
26
25
30
24
32
23
31
22
23
35
27
22
25
28
25
33
28
32
23
29
29
22
29
24
19
27
25
27
31
20
17
21
27
21
22
22
19
11
21
17
22
30
27
23
23
29
23
19
23
19
21
24
15
20
29
23
30
27
23
28
25
16
17
21
28
24
24
31
30
27
32
29
23
25
23
18
25
31
27
29
30
28
24
23
14
32
10
18
20
23
27
20
29
35
24
27
21
22
32
25
20
19
27
33
25
28
26
25
18
25
21
20
19
29
28
26
13
27
22
23
26
24
21
23
33
25
21
30
20
23
21
17
15
23
19
21
22
21
17
28
42
34
34
26
26
31
27
27
27
27
30
33
12
30
30
30
24
32
28
29
10
35
18
19
26
27
30
21
37
25
29
27
30
23
27
19
24
26
29
31
21
25
38
18
21
26
27
29
23
17
16
17
21
20
19
19
31
35
27
26
26
39
29
24
21
24
26
30
16
30
18
19
29
33
27
25
22
24
18
22
18
19
14
27
22
27
31
22
21
24
21
22
16
19
20
16
21
11
21
14
23
23
22
19
23
18
29
15
21
14
28
23
19
17
29
19
23
20
17
20
16
23
17
14
18
23
25
17
21
12
10
13
22
16
