13
12
22
13
18
18
18
18
13
14
16
18
12
18
12
17
14
15
14
7
13
14
17
9
22
16
21
10
22
20
15
15
12
9
5
17
14
12
7
17
21
16
9
16
20
20
14
11
10
8
15
10
13
7
12
14
11
11
8
9
13
16
15
9
14
14
14
13
11
15
13
17
18
11
9
17
13
11
17
15
15
14
8
15
12
15
20
11
16
12
11
20
22
10
11
12
8
16
16
16
5
9
19
15
14
17
18
19
21
17
20
7
21
7
13
12
18
15
20
15
12
16
11
11
15
15
11
9
16
15
18
15
16
14
12
17
14
16
14
14
13
14
18
12
8
16
14
13
19
7
19
11
12
12
7
15
17
13
10
16
13
14
14
13
17
6
17
12
10
16
12
14
18
15
13
11
7
13
16
15
18
13
10
13
12
16
20
20
13
15
16
20
10
10
16
14
20
16
12
10
13
17
15
9
17
14
14
15
12
14
17
15
14
15
13
12
10
13
13
8
8
15
10
14
10
13
21
19
12
13
8
13
20
16
22
13
18
14
18
17
15
10
12
14
10
19
20
16
19
20
18
17
17
16
16
16
15
19
17
14
19
20
15
18
13
20
11
19
21
14
20
16
18
22
17
16
18
18
19
18
22
21
13
6
18
21
17
19
