0
1
0
14
4
5
2
14
0
2
53
7
37
10
4
2
27
0
19
8
39
0
4
0
7
2
3
14
18
0
5
12
0
2
29
2
2
4
33
4
0
40
7
19
21
21
6
0
5
23
3
17
4
4
2
4
23
2
18
26
2
17
31
13
0
4
0
19
23
27
2
2
51
23
0
4
22
0
0
18
25
0
4
17
2
17
24
3
31
4
4
16
26
23
6
0
5
24
31
10
0
2
18
14
14
3
47
0
0
0
8
0
0
6
2
27
28
14
2
6
4
3
2
2
19
2
8
8
27
0
2
4
2
2
11
2
0
90
2
3
11
5
6
6
0
0
4
24
2
6
4
22
2
26
2
0
4
0
2
13
30
4
0
17
2
2
58
4
4
41
6
4
2
2
0
21
26
0
0
18
3
2
10
21
6
13
25
1
25
23
8
0
4
20
0
0
14
0
4
16
0
0
2
2
30
14
2
0
4
2
2
1
24
2
0
29
4
8
0
4
6
67
8
10
26
2
5
2
18
15
21
11
16
2
4
8
7
24
6
0
30
22
7
22
13
2
2
9
27
0
6
2
4
4
22
15
11
2
6
2
23
8
0
2
21
8
11
10
0
0
6
22
9
2
4
2
2
48
7
3
69
6
0
3
27
4
0
35
