8
8
0
8
8
0
8
0
0
8
8
5
7
6
0
0
0
0
8
8
8
0
8
7
7
8
7
0
8
0
7
8
8
0
79
8
8
8
8
6
8
8
8
26
0
8
0
8
0
8
8
8
70
8
0
47
8
0
8
8
2
8
8
7
8
0
0
8
0
0
0
8
8
8
8
8
8
0
0
5
6
8
8
0
0
8
8
8
0
8
8
8
7
8
8
8
8
8
3
20
0
8
0
8
8
8
0
7
3
0
8
19
8
5
8
0
0
8
0
8
0
8
0
24
8
0
0
18
8
8
62
8
8
8
0
0
0
8
8
0
8
0
7
8
0
0
0
0
8
8
8
8
8
26
0
8
8
8
0
24
8
7
8
0
7
0
8
0
0
0
0
0
8
5
8
8
8
0
0
5
8
8
8
23
8
0
0
8
0
0
8
0
0
8
7
3
8
0
8
8
0
8
0
8
8
8
8
8
36
0
8
4
8
2
8
0
8
6
0
0
0
8
0
8
8
8
0
8
33
8
5
0
0
8
8
0
0
8
0
8
0
8
8
8
0
8
0
8
8
0
8
0
8
0
7
8
0
8
0
0
8
5
8
5
0
0
41
0
0
8
0
8
0
0
0
0
26
68
7
0
0
0
0
0
0
0
8
8
