15
15
15
11
13
15
15
15
15
13
13
15
9
11
11
11
13
13
13
11
15
13
15
15
15
11
11
13
15
13
15
13
11
11
9
13
15
11
15
13
13
13
15
15
10
13
11
13
13
11
15
13
15
13
11
13
11
15
11
13
11
15
13
13
15
11
15
13
9
13
15
15
15
15
13
13
13
11
15
9
13
13
13
11
13
13
15
13
15
11
15
13
15
11
15
13
15
15
13
15
13
15
15
13
13
15
13
13
10
15
11
13
11
15
13
15
13
11
11
13
13
15
15
13
15
11
11
11
15
11
15
13
15
11
11
11
15
15
13
13
13
11
15
15
15
15
11
15
13
13
15
15
11
11
11
11
13
15
13
9
12
15
13
11
11
15
13
11
15
9
11
13
15
13
11
11
11
13
9
13
11
9
13
15
11
13
11
11
11
11
15
11
9
15
11
12
13
11
13
15
15
11
9
9
11
13
13
11
11
11
15
11
13
15
12
11
11
13
15
15
11
13
13
15
13
11
13
11
13
13
13
11
11
15
15
13
11
13
13
9
13
15
15
13
11
11
11
11
15
11
11
11
13
11
11
13
11
15
15
11
15
9
13
11
15
11
15
11
11
15
9
9
11
11
15
13
13
15
11
11
11
11
11
15
13
13
11
13
