0
2
2
6
2
0
3
4
7
2
4
2
2
2
4
4
2
2
2
2
5
2
4
0
4
2
4
2
2
2
0
2
2
0
0
2
2
0
8
2
2
2
0
0
0
4
4
2
0
2
4
2
4
2
0
0
2
2
3
4
4
4
4
4
4
2
2
2
2
2
0
2
0
0
2
0
4
2
0
2
2
2
9
2
2
2
4
2
11
0
0
4
0
4
7
0
0
0
2
0
6
7
9
2
2
4
4
2
0
4
2
2
6
2
2
2
2
2
4
0
2
2
2
4
0
9
2
4
2
2
2
2
2
4
2
2
4
4
2
4
2
0
2
0
4
7
11
2
2
2
4
2
4
2
0
0
2
2
2
6
9
0
2
0
2
6
4
0
6
2
2
4
0
0
2
2
2
4
2
2
2
4
2
4
0
2
4
2
2
4
2
0
0
4
0
2
2
6
0
4
4
2
0
4
0
0
0
2
2
6
4
2
9
2
2
4
2
0
2
4
4
6
4
0
4
4
4
0
4
6
6
2
0
2
2
2
2
6
4
2
2
0
8
0
0
6
2
4
4
4
4
0
10
11
2
0
0
6
0
2
2
2
0
0
2
2
4
2
0
2
2
2
6
4
4
4
4
2
8
0
0
2
2
4
0
0
2
0
