25
13
11
32
13
15
15
17
10
14
13
10
8
12
11
16
9
37
17
14
10
6
11
9
12
13
11
14
14
15
15
22
15
13
7
12
18
12
10
12
11
10
15
9
42
9
15
25
18
13
13
14
11
20
8
13
14
30
12
13
11
14
16
13
13
12
19
18
12
12
13
10
14
14
14
14
14
11
14
15
7
11
20
13
13
13
14
13
11
13
10
12
14
10
14
14
20
9
11
14
14
26
17
13
16
8
10
13
12
13
12
18
12
13
10
12
13
14
11
13
9
10
12
10
11
10
14
17
11
11
12
10
13
14
6
9
27
15
14
13
29
9
14
11
10
10
15
11
12
19
12
16
17
12
16
12
12
11
12
13
13
17
15
17
16
10
15
12
12
12
12
14
13
16
13
13
22
18
15
16
13
14
14
16
13
13
10
13
11
13
14
14
15
17
22
15
13
13
12
16
19
19
17
10
9
15
13
14
15
14
12
14
16
16
17
14
21
11
13
15
15
12
16
12
13
21
15
15
16
17
13
14
13
12
14
12
13
11
12
13
12
17
11
13
17
15
15
14
12
12
26
14
45
14
12
11
20
28
15
14
12
16
15
12
13
16
16
18
20
16
20
16
32
9
19
9
11
15
17
17
20
15
16
19
16
13
15
17
