4
4
8
13
4
2
8
15
8
13
2
6
4
6
6
8
8
4
6
17
6
4
15
15
4
4
4
8
17
12
15
10
12
14
6
10
10
8
8
17
14
10
17
14
17
12
6
11
14
12
6
15
10
12
14
21
21
12
23
23
6
15
19
29
10
29
10
37
40
43
23
21
6
19
14
74
17
48
40
19
15
35
39
38
31
12
19
27
42
12
15
31
23
23
47
35
16
10
10
16
2
10
27
16
29
12
14
25
23
27
33
27
44
12
35
15
33
8
75
10
10
15
6
25
15
16
8
54
19
19
43
12
8
27
21
27
21
33
0
15
15
19
42
6
12
33
27
13
10
14
8
12
10
25
15
0
27
29
21
19
32
25
11
15
6
8
25
4
36
11
17
19
13
31
19
58
23
19
8
12
15
6
8
15
25
10
9
8
15
14
14
6
13
19
6
8
10
12
2
6
12
17
10
15
15
21
8
12
15
19
4
4
16
8
10
10
8
0
8
17
13
13
6
6
25
8
10
4
12
14
15
6
6
8
19
10
33
25
21
15
0
14
14
15
16
12
6
6
25
15
10
8
10
10
6
12
8
21
8
8
0
10
12
8
14
12
10
8
17
10
4
10
16
10
12
6
15
6
12
6
6
12
14
27
19
13
12
8
