52
54
41
49
56
60
52
52
25
41
30
85
70
43
46
33
44
74
63
47
52
68
45
59
66
35
30
66
27
38
64
46
64
48
40
43
32
49
37
62
25
23
39
52
49
51
34
32
25
42
33
42
49
33
33
37
25
54
23
25
41
64
63
52
36
55
44
50
59
30
50
34
39
41
68
32
50
45
62
40
37
41
46
37
66
41
60
47
57
59
49
40
43
62
68
56
45
43
25
52
40
66
32
27
45
49
35
36
46
54
41
50
55
73
60
50
39
68
39
48
52
47
39
54
66
55
55
52
40
40
57
64
46
68
54
52
61
48
57
61
46
86
37
66
28
47
64
52
44
28
49
60
52
39
61
75
46
44
52
37
52
57
48
37
72
52
62
35
40
56
35
37
53
43
54
45
28
48
37
48
36
52
37
47
45
32
36
44
49
33
48
66
48
45
51
49
49
52
30
46
48
62
48
50
55
41
51
46
44
56
42
37
52
32
46
39
40
62
43
64
40
46
61
57
34
46
59
75
46
62
46
41
51
62
38
46
56
59
41
70
47
44
48
39
46
41
68
51
68
42
37
48
54
51
39
39
52
57
37
42
47
48
41
44
48
48
55
59
41
44
43
43
34
61
55
57
55
41
28
52
51
32
40
59
49
52
45
50
