2
0
0
0
4
5
11
2
4
0
0
4
0
0
2
0
97
5
2
2
2
0
0
0
2
2
2
0
0
0
4
4
0
86
0
0
4
25
0
0
4
0
0
0
0
4
5
49
2
9
0
4
0
2
6
2
2
0
2
2
2
0
0
0
4
0
2
2
2
2
0
2
27
0
2
4
0
0
2
0
0
0
2
0
8
0
2
2
0
2
2
0
4
2
0
14
0
0
4
2
65
0
0
2
2
0
0
0
2
0
0
2
2
4
0
2
2
2
0
0
2
2
2
0
2
4
0
2
2
2
2
7
2
0
4
2
0
2
0
0
2
0
4
0
2
2
0
2
2
2
0
83
0
5
0
2
2
2
4
2
4
16
0
4
2
0
93
0
17
0
9
0
0
2
0
0
0
2
4
2
15
0
0
0
8
0
6
0
0
7
4
2
2
2
2
4
4
6
2
0
0
2
2
7
4
2
4
6
4
4
59
4
2
2
0
0
7
2
2
6
0
0
0
4
4
0
0
0
4
2
4
8
2
4
0
5
0
0
2
0
16
2
2
0
2
4
2
2
2
2
0
5
14
2
5
0
6
4
2
0
4
2
0
3
2
2
2
2
2
4
0
11
4
3
2
0
17
0
0
6
7
0
4
2
4
0
0
2
