5
3
3
3
5
5
5
9
3
1
3
0
5
7
3
7
7
3
3
7
5
3
5
3
3
3
1
1
3
7
1
5
5
3
7
3
3
3
5
1
7
3
5
3
3
5
7
3
5
3
3
3
7
1
3
3
7
5
1
1
5
7
5
7
5
9
3
3
7
7
3
3
1
5
1
3
3
1
5
3
7
3
1
1
5
5
3
3
5
5
1
3
1
0
3
5
4
3
7
5
5
5
1
5
3
3
7
7
7
5
7
1
7
4
5
1
0
3
5
3
5
1
7
1
3
5
5
7
1
4
5
1
3
7
3
5
5
3
3
3
5
5
1
5
3
3
3
5
6
7
3
3
1
7
1
5
3
5
3
3
0
5
5
5
7
0
3
1
5
7
3
3
4
5
1
7
3
9
5
1
3
5
5
1
5
1
7
1
5
5
3
5
3
4
1
1
9
5
9
5
4
5
7
1
3
7
3
1
5
3
5
5
4
3
3
2
5
3
7
7
5
3
3
5
6
11
3
5
3
1
9
7
5
1
3
3
3
5
5
7
7
3
5
5
5
2
7
3
7
1
7
7
2
7
3
3
7
3
3
5
5
7
3
5
0
3
7
3
1
3
3
5
3
9
5
7
7
3
1
7
3
3
3
0
7
3
7
7
