9
11
9
9
9
9
7
7
13
11
7
5
9
17
9
17
3
7
13
15
7
15
15
13
9
17
15
5
11
7
15
5
7
7
15
3
7
7
9
9
9
7
9
13
3
13
11
13
5
7
5
9
11
7
21
11
9
11
15
25
11
21
17
11
3
13
7
7
5
13
48
13
7
17
9
13
3
7
9
15
5
5
13
15
17
27
19
13
15
9
7
7
11
13
19
13
15
21
19
11
19
5
15
11
17
7
11
3
19
7
21
19
15
51
27
27
17
7
21
37
62
37
52
52
17
17
13
37
15
15
9
11
21
9
31
48
58
53
90
31
45
31
19
15
21
31
37
39
39
39
15
15
29
39
27
9
35
13
9
11
43
29
9
37
11
25
13
25
15
47
41
51
31
39
5
33
29
17
29
19
43
19
11
35
58
19
25
43
17
15
7
9
39
21
19
39
29
27
29
37
13
23
23
44
29
33
19
23
33
19
39
27
29
23
15
19
37
41
11
17
25
27
41
15
7
7
17
31
29
62
17
55
17
25
2
3
5
11
2
7
2
7
3
7
11
11
2
5
5
9
3
7
2
11
5
11
3
9
5
11
5
13
7
3
5
9
5
7
5
5
7
13
9
7
3
7
13
5
15
17
3
9
3
7
3
3
13
5
