19
20
19
16
19
20
17
19
18
19
19
19
19
18
19
18
19
19
19
17
19
19
18
15
17
18
19
19
19
19
18
17
18
19
19
19
19
18
18
19
19
19
16
18
18
19
19
14
19
19
19
18
17
19
19
19
18
19
19
19
17
17
18
19
20
19
16
19
19
19
19
17
18
19
19
19
18
19
15
19
19
17
19
19
16
19
16
19
19
19
16
17
19
20
19
17
13
19
20
19
19
13
19
19
19
19
19
15
17
19
19
19
18
18
19
19
18
20
19
19
19
19
19
19
19
18
18
18
20
19
19
18
19
18
19
19
19
19
19
19
18
18
18
20
19
19
17
19
17
19
19
18
19
18
20
15
10
17
19
17
17
16
18
19
20
19
15
19
17
19
19
17
18
18
17
17
18
19
19
18
19
19
19
19
17
20
15
18
18
18
19
15
18
19
19
19
16
18
16
20
19
19
19
18
18
17
19
18
19
17
18
19
19
17
19
19
19
19
19
18
16
18
19
18
18
17
18
20
18
19
17
16
19
20
19
16
17
17
18
18
18
19
18
19
19
18
18
19
18
19
18
19
18
18
19
19
19
19
18
18
18
18
17
17
19
18
19
19
20
19
18
18
19
18
19
20
14
19
18
19
19
19
19
19
19
19
19
20
