0
0
12
0
0
10
5
1
11
0
0
5
7
0
15
17
8
0
0
10
0
3
4
0
10
0
6
0
5
7
0
0
19
0
10
0
5
0
6
14
0
6
5
7
0
0
0
6
0
0
9
6
0
1
6
4
0
16
0
4
10
0
10
0
4
0
15
0
10
4
7
4
0
0
0
6
8
0
0
8
6
0
6
6
4
0
5
0
5
6
0
11
7
4
6
4
0
0
7
6
0
8
9
7
10
0
0
0
0
5
3
3
0
0
8
4
0
6
0
0
0
5
4
0
9
0
0
8
0
0
7
11
5
7
5
0
3
10
5
5
6
7
0
0
3
3
3
6
3
0
0
4
3
4
3
0
0
2
5
5
0
0
6
4
0
0
0
4
6
0
7
11
6
7
4
0
7
4
6
5
5
0
7
3
4
4
0
0
6
0
5
4
0
0
5
6
0
0
0
9
0
5
0
0
5
4
0
6
0
6
7
1
5
5
6
8
5
0
8
6
4
8
0
0
0
3
5
0
0
5
4
6
0
0
7
7
8
0
8
0
8
6
0
0
5
3
5
7
0
8
12
5
4
6
8
10
0
3
8
11
3
6
0
7
0
5
2
0
10
0
8
12
0
5
5
7
8
9
13
7
6
6
5
8
1
0
10
1
