15
21
17
21
21
19
21
17
17
17
17
15
21
19
19
13
19
18
19
17
19
19
21
16
19
23
21
17
19
21
18
21
19
19
21
15
23
19
19
16
16
18
17
23
21
15
17
18
18
21
16
19
23
19
21
19
19
17
19
16
19
17
21
16
17
15
17
21
23
19
23
19
19
17
15
17
17
19
18
19
19
17
19
23
21
19
15
16
17
14
15
21
16
23
17
19
19
21
16
19
15
23
23
21
17
18
19
18
19
18
13
14
17
18
19
18
19
18
19
19
19
17
21
17
17
15
17
19
21
16
17
23
17
17
15
19
18
18
21
18
19
17
15
19
23
19
16
15
19
19
19
19
19
19
20
21
20
19
23
16
19
21
16
18
21
19
16
23
21
20
19
16
19
16
20
18
19
21
18
16
21
17
19
16
12
21
19
16
21
16
15
16
21
21
12
19
16
17
21
25
21
18
23
18
20
19
14
14
20
23
18
20
21
21
18
23
20
19
18
16
13
18
18
21
16
16
16
23
15
19
20
15
17
21
16
18
18
15
23
19
20
19
17
19
23
18
20
19
18
19
19
18
18
17
17
17
18
23
20
16
20
19
18
21
25
18
15
15
16
20
21
17
17
19
18
18
22
18
21
17
17
16
27
19
23
23
19
20
