1
0
5
0
5
1
1
41
0
11
1
0
0
1
3
0
3
0
1
0
7
0
0
0
1
0
1
0
0
0
1
3
1
0
1
1
0
0
8
0
1
0
1
0
1
1
0
0
1
0
1
0
5
1
0
1
0
0
1
3
7
3
1
1
1
23
0
1
3
1
0
1
1
0
0
0
0
37
33
0
0
0
1
0
1
0
1
17
14
0
3
1
0
0
0
3
1
1
1
1
6
1
17
0
1
3
18
1
16
1
0
0
16
4
6
1
1
15
24
0
0
17
0
3
2
19
1
1
1
11
6
14
1
1
0
0
3
5
0
0
0
1
25
1
18
1
1
0
0
3
1
1
5
1
17
0
30
0
1
7
1
1
1
2
0
14
18
15
3
0
0
4
0
0
0
17
1
0
0
0
3
19
7
3
3
3
1
0
1
16
18
1
0
1
4
1
16
4
0
0
3
14
3
1
1
1
0
25
2
0
22
15
0
0
0
16
1
3
1
0
0
3
1
0
1
1
14
13
13
3
0
18
3
1
22
1
4
0
0
15
5
1
1
0
18
1
8
16
0
0
0
16
3
1
1
0
1
1
18
1
1
1
29
0
20
20
4
1
0
3
1
3
15
0
0
1
1
1
5
17
3
15
21
1
0
13
9
1
