12
38
18
24
15
34
24
14
9
25
14
15
21
22
12
25
17
15
14
18
32
25
32
18
16
23
13
20
30
24
33
17
30
30
22
29
24
23
20
24
22
31
31
27
11
31
26
31
32
32
24
27
29
25
24
47
39
21
23
31
28
33
29
43
18
34
45
41
48
30
17
25
40
26
26
40
17
27
26
34
25
34
22
27
20
23
29
32
25
19
33
41
16
34
21
37
29
36
29
26
26
42
16
45
33
29
25
32
28
25
25
17
14
33
19
39
58
25
22
23
22
26
44
30
45
43
39
18
26
35
20
25
30
34
37
18
9
32
49
29
28
33
11
39
25
18
22
37
36
54
44
23
44
32
22
25
27
39
26
27
29
34
29
30
24
34
53
31
33
24
34
42
54
25
26
40
27
38
27
23
31
48
36
39
36
41
39
17
32
24
22
21
32
22
23
33
50
30
20
22
25
32
22
21
33
29
26
16
38
35
44
38
34
42
27
22
22
27
26
43
47
39
39
47
28
25
37
24
25
17
28
42
29
38
69
38
28
18
22
22
29
25
37
43
27
21
17
22
16
33
26
33
18
23
34
28
12
11
27
38
32
24
20
25
19
28
33
20
41
15
32
19
24
19
16
40
24
22
27
30
21
30
20
21
27
25
30
21
