3
5
7
4
5
7
1
3
11
4
3
5
3
1
5
6
4
6
8
1
1
5
7
6
6
1
4
3
3
4
6
4
1
5
8
3
5
7
7
4
3
6
6
3
0
6
1
0
1
1
4
3
1
3
1
1
0
3
5
6
6
9
8
5
5
3
4
1
8
5
1
3
3
7
6
5
1
6
3
4
5
5
7
6
7
5
9
8
5
1
1
1
3
5
7
8
5
5
5
3
3
3
8
5
1
4
4
6
5
3
5
5
3
1
0
5
8
5
5
1
5
3
6
1
10
8
7
6
5
5
6
3
5
5
0
8
7
3
1
3
5
5
5
5
6
7
8
1
6
8
7
7
5
5
3
8
3
3
3
3
3
7
3
8
1
3
4
5
4
1
6
9
3
7
1
8
5
7
1
3
3
3
5
5
6
6
0
3
7
4
8
3
1
8
3
3
5
5
6
3
5
8
9
7
5
7
4
7
3
6
3
1
1
4
5
3
6
3
3
5
1
5
5
5
4
7
5
7
9
6
3
3
4
0
3
3
8
1
1
7
3
3
3
7
4
3
7
4
5
3
8
1
3
4
6
5
1
5
7
3
5
3
3
1
5
1
7
3
6
1
5
4
3
5
5
8
3
5
1
3
6
9
4
3
4
6
5
5
