2
0
4
8
2
2
6
5
6
14
6
4
6
2
4
2
4
0
8
6
4
17
6
2
2
6
8
4
2
2
6
2
6
6
4
4
4
6
6
6
4
4
83
2
15
1
2
8
8
6
0
2
28
0
0
12
2
13
4
6
2
81
4
4
24
6
0
4
4
6
4
2
2
16
2
2
6
0
2
4
4
4
2
2
4
4
6
2
24
6
4
2
6
2
3
4
2
94
23
4
7
6
5
8
3
57
2
4
6
10
10
57
4
4
2
10
6
19
4
4
13
2
2
6
2
2
8
2
35
5
6
6
6
10
12
8
2
3
4
6
2
8
13
8
4
4
14
4
2
4
2
4
4
8
4
2
2
0
6
2
4
9
4
6
4
2
6
2
2
4
6
2
8
4
6
4
4
14
8
4
6
6
4
6
4
4
3
2
6
8
2
2
5
15
15
5
0
19
18
2
7
0
4
76
4
4
4
2
13
4
6
6
8
2
4
4
6
8
2
45
4
2
6
2
17
7
4
8
8
4
4
6
11
13
0
6
8
11
4
4
2
2
8
0
4
2
6
10
8
8
19
4
8
6
4
5
2
2
4
4
78
0
4
8
6
6
8
2
7
10
4
8
6
8
2
6
6
4
8
6
4
2
6
8
6
6
4
2
