5
0
6
9
47
0
6
11
11
26
19
0
14
57
8
67
5
38
2
10
12
6
12
30
41
25
15
25
31
43
24
13
0
5
44
24
28
20
32
11
37
6
33
65
16
62
10
45
39
19
51
5
15
33
40
40
41
43
46
18
34
26
3
28
37
56
50
2
58
26
28
31
52
42
17
40
21
3
38
32
33
24
48
36
25
0
17
26
25
20
18
34
51
52
29
39
38
26
0
58
13
33
37
39
53
16
38
46
13
39
45
51
0
14
53
44
33
22
12
37
48
28
47
22
49
15
26
6
55
49
48
45
40
2
41
39
2
45
44
36
52
45
54
82
34
52
29
43
37
12
23
53
36
0
45
49
2
21
40
32
34
42
39
54
10
27
36
34
41
39
39
61
19
53
20
34
29
0
44
49
50
26
41
60
38
21
30
31
35
10
33
15
35
35
58
20
26
22
52
41
48
37
32
47
14
50
48
39
2
5
14
35
28
15
17
24
26
29
27
24
28
30
46
31
39
38
47
52
32
33
19
14
31
41
26
35
38
36
37
46
25
30
43
18
30
22
18
15
26
34
48
0
31
28
18
22
23
40
28
36
29
20
27
20
27
30
29
30
32
30
28
31
36
37
28
31
29
12
13
4
24
28
23
22
28
29
25
36
