62
46
36
54
62
59
41
38
44
49
50
53
51
40
43
48
53
52
47
45
46
51
40
63
44
32
32
46
44
51
41
41
36
46
45
36
40
30
34
54
50
47
48
41
62
32
36
48
50
36
36
28
46
50
28
59
42
48
38
32
52
38
28
22
32
44
41
42
42
50
49
40
60
36
24
33
36
54
46
36
54
46
45
48
48
42
36
34
40
36
47
32
37
52
37
49
52
24
34
28
23
40
40
38
44
46
48
42
60
33
30
40
51
46
38
38
38
40
38
56
36
26
38
74
33
38
36
40
32
44
48
33
35
34
26
32
43
30
48
48
28
36
39
48
48
36
34
36
37
29
34
51
34
34
32
39
48
28
37
36
38
28
40
53
36
44
38
34
49
33
29
30
60
22
42
38
66
48
39
47
39
32
46
35
55
34
41
32
30
37
40
42
58
28
42
32
33
30
42
46
44
58
60
37
47
34
28
31
45
53
32
49
56
44
40
48
46
32
45
58
50
54
34
42
34
26
37
54
61
36
27
34
48
21
56
38
40
47
44
46
46
44
32
44
38
42
62
36
36
41
40
36
48
42
30
53
50
62
30
32
38
62
58
34
40
32
32
50
49
52
36
46
46
38
56
56
61
48
36
44
46
38
40
34
40
59
38
51
