2
0
2
0
2
1
9
1
0
3
0
1
1
1
0
2
2
0
2
1
0
1
3
0
0
0
0
1
3
0
2
0
2
10
3
0
3
2
6
4
5
4
2
2
1
2
0
0
2
0
0
2
4
6
0
2
3
2
5
0
0
2
0
0
2
0
0
3
1
0
4
0
0
0
4
2
1
1
0
0
1
1
0
0
0
0
1
2
3
3
0
1
1
0
0
0
2
2
0
1
0
2
1
2
7
2
14
0
2
4
1
2
2
2
0
4
4
4
3
0
4
0
5
3
0
1
2
5
2
1
3
3
0
0
4
1
5
5
3
0
1
2
0
11
2
6
5
2
3
1
0
2
2
5
2
0
4
2
2
4
2
0
0
0
0
2
4
1
0
3
0
9
3
0
0
0
0
0
5
0
2
0
0
1
3
0
0
2
8
4
4
4
3
10
5
7
2
3
0
0
1
7
2
0
2
2
0
3
2
2
5
0
0
3
2
0
0
3
2
0
0
0
4
0
3
0
2
6
0
0
2
4
7
2
0
1
3
2
2
2
2
4
1
2
4
0
0
0
0
2
1
1
5
7
2
2
5
3
1
3
2
0
0
2
4
4
2
0
0
2
4
0
0
7
0
2
0
2
1
1
4
2
0
3
3
2
3
4
