65
87
91
75
86
61
87
42
89
85
58
63
62
63
66
53
46
47
82
73
85
86
34
60
79
77
67
53
37
86
39
67
58
69
42
35
41
43
58
89
66
48
76
68
73
88
69
47
40
43
43
85
69
82
86
67
58
52
44
35
20
74
78
41
76
79
57
40
83
73
35
60
62
76
45
81
73
52
62
74
81
33
31
60
42
78
73
84
85
80
79
41
73
37
73
65
46
76
22
60
78
75
85
70
83
77
43
44
61
58
70
46
53
33
60
54
85
71
39
38
34
43
37
84
66
34
32
76
60
68
68
62
64
68
25
68
66
48
90
36
60
86
29
72
46
67
82
79
65
27
71
85
47
38
35
48
45
75
69
64
60
62
38
75
63
69
39
63
48
69
50
75
33
50
77
33
65
86
70
40
59
65
48
76
73
66
61
69
58
70
46
30
32
78
22
57
63
55
71
79
77
72
52
67
53
77
85
67
65
56
76
83
74
86
53
35
31
70
82
82
71
72
82
62
50
30
60
42
47
46
82
49
62
78
84
35
61
80
33
42
21
51
73
88
64
84
42
62
61
69
58
27
38
71
55
51
83
83
64
81
83
44
43
49
38
70
81
66
52
56
75
51
71
30
71
57
84
80
81
57
56
48
90
65
88
39
61
44
