4
2
4
12
8
8
12
14
12
4
4
4
4
6
10
10
8
6
14
6
12
4
6
10
12
12
10
10
12
12
8
6
12
8
12
10
10
8
8
18
10
6
14
12
16
4
10
8
8
10
8
12
6
8
8
10
6
8
10
14
8
56
12
6
10
18
10
12
14
12
14
31
16
22
12
12
16
21
10
4
10
8
4
2
8
6
16
4
10
12
10
20
18
8
8
8
14
22
8
12
6
12
12
10
12
62
12
16
14
8
14
12
12
12
16
14
16
16
18
8
10
12
8
16
18
20
12
14
10
18
39
12
16
6
12
10
8
4
4
8
10
14
16
12
8
6
12
8
8
10
8
6
12
12
12
6
6
8
21
14
10
18
8
16
18
6
12
6
6
18
4
12
10
8
14
16
8
14
16
16
12
10
10
6
14
14
8
14
4
12
12
12
14
6
12
20
14
14
18
10
16
10
10
6
10
12
10
10
8
14
6
8
10
12
21
14
23
40
14
18
12
23
12
16
12
14
16
12
14
12
16
23
8
10
16
10
10
6
10
18
14
10
6
20
21
10
12
8
10
8
14
12
12
17
10
12
12
16
14
10
21
12
10
16
18
14
8
8
6
16
10
10
8
12
4
12
17
12
10
12
8
12
10
12
14
6
8
8
