43
14
13
13
13
14
15
13
10
13
13
20
18
11
59
15
12
24
17
12
10
6
10
14
11
12
12
15
13
15
36
19
15
13
8
13
18
11
11
13
12
10
15
8
9
9
11
17
6
14
13
25
11
14
9
14
15
10
14
9
11
14
15
10
13
11
18
15
13
11
15
12
12
12
16
13
14
12
14
13
12
11
21
13
11
13
15
12
12
12
18
20
14
10
10
35
19
11
14
17
17
7
18
12
23
10
10
13
10
13
11
18
11
13
13
12
15
15
12
13
9
11
13
10
11
10
16
15
12
12
11
10
12
12
6
9
17
29
11
11
7
11
14
13
9
10
14
11
12
13
12
16
10
12
19
11
12
11
14
15
13
14
17
17
16
10
15
11
15
14
12
13
13
15
14
11
15
17
14
16
12
15
15
17
13
13
41
12
13
11
14
18
14
19
12
15
14
12
13
16
16
13
19
10
9
14
13
17
16
17
12
13
16
14
17
19
27
13
13
13
16
12
15
11
13
14
15
15
14
17
18
14
14
13
13
14
12
12
12
13
12
17
11
12
16
15
15
15
16
13
16
19
14
16
14
23
17
13
36
15
12
15
15
12
17
17
16
18
22
23
29
33
27
9
15
10
11
14
17
17
13
16
16
15
26
12
22
16
