43
58
60
32
66
53
40
58
52
56
60
46
46
33
64
60
64
62
42
52
58
58
56
46
50
28
54
62
58
50
54
38
48
46
56
36
58
58
61
57
50
49
54
64
58
64
52
44
40
38
46
46
56
46
54
30
46
54
46
52
44
52
58
53
54
46
48
54
42
46
42
52
40
48
44
64
46
38
58
55
52
52
46
36
58
42
40
54
52
46
34
52
44
60
36
36
42
36
52
50
56
36
58
64
54
51
26
34
44
34
50
48
54
50
46
46
52
40
50
42
24
48
44
34
38
46
38
43
46
36
36
58
42
44
50
46
34
44
48
42
48
58
56
44
40
52
50
50
32
28
48
52
41
48
48
40
46
36
42
58
54
48
34
52
50
44
38
62
52
60
38
50
44
54
50
54
50
46
44
38
42
46
54
40
46
50
44
56
56
34
44
58
58
46
48
44
54
56
50
52
48
44
46
38
30
52
46
46
60
42
40
40
50
52
47
46
52
43
42
46
44
44
56
42
50
50
48
56
42
52
44
50
56
50
48
52
48
30
50
54
58
46
54
52
46
41
58
59
58
62
48
58
50
56
44
62
60
40
32
64
48
34
44
72
52
60
46
54
52
52
64
48
60
64
54
46
56
62
62
56
60
52
52
62
54
62
58
60
