9
6
8
8
6
10
8
7
11
6
8
8
7
12
12
7
14
8
8
8
7
8
8
13
10
8
11
14
8
8
9
9
10
12
9
6
7
9
8
9
8
6
5
3
5
5
5
1
4
3
4
1
4
4
7
5
10
3
7
15
6
9
10
15
12
10
8
7
11
8
15
7
7
12
13
6
8
13
10
3
12
8
10
7
5
8
12
6
10
11
11
13
14
10
14
17
14
9
5
5
8
8
16
8
10
9
6
6
5
9
10
10
10
12
9
12
8
9
3
10
5
6
10
9
10
7
7
9
8
6
6
7
8
6
10
16
3
5
0
8
12
7
10
10
9
8
8
9
6
8
4
12
16
7
12
5
7
12
7
10
12
4
7
12
5
9
6
8
9
8
13
12
8
6
10
8
9
12
6
8
6
10
6
5
10
8
10
8
11
8
8
10
7
10
7
6
5
9
10
10
9
8
7
5
10
9
9
10
6
10
5
12
7
9
9
7
9
6
8
15
8
10
14
8
10
8
10
9
11
11
9
8
11
8
7
5
13
12
11
14
8
6
14
9
7
12
7
8
10
8
13
7
10
9
5
5
12
10
3
6
10
12
9
8
8
8
10
10
11
10
8
11
8
10
5
7
5
7
8
7
14
9
11
12
9
8
8
9
