4
2
3
1
0
3
5
3
1
3
4
2
1
3
1
3
4
1
1
1
0
2
2
25
0
23
1
3
7
3
3
2
5
3
4
7
1
0
4
0
0
3
1
3
2
0
4
4
5
23
2
0
5
7
4
2
4
0
1
4
2
2
3
1
4
2
5
2
5
3
2
1
0
0
2
3
0
6
3
1
4
2
5
4
2
2
1
2
2
4
1
3
3
3
6
1
4
5
4
4
5
3
3
4
3
0
3
0
0
5
0
0
6
2
3
1
3
3
3
3
1
1
4
4
0
2
4
3
0
0
2
3
7
3
2
0
0
4
4
5
0
1
3
2
3
3
0
5
3
0
2
2
5
5
3
0
1
4
0
5
0
0
27
0
4
1
0
4
2
7
5
1
70
2
1
2
1
7
2
29
5
3
4
3
2
4
1
27
3
2
2
1
7
0
1
1
2
1
5
4
1
1
4
3
5
2
3
5
1
3
0
4
3
4
2
5
5
5
3
6
5
1
4
1
6
7
2
6
5
3
2
1
2
2
0
1
5
7
5
4
4
0
0
50
25
3
3
5
7
30
3
4
6
4
5
1
0
5
25
1
0
0
0
3
0
5
0
1
1
2
3
3
2
6
0
4
1
2
1
2
4
2
4
1
0
9
4
4
