6
2
2
6
0
4
4
2
6
2
4
4
4
6
2
2
2
2
2
6
2
6
2
2
4
4
4
0
2
4
4
2
6
2
2
2
2
2
4
0
2
4
2
2
4
2
2
6
4
2
2
4
6
2
6
4
0
2
2
0
2
4
0
2
0
4
2
4
2
0
2
2
4
4
2
2
4
2
2
2
6
2
2
2
0
2
2
2
2
2
4
0
2
0
2
2
12
6
4
2
4
8
2
4
2
4
2
2
4
2
0
2
2
4
2
0
2
4
2
2
4
2
6
2
6
0
2
2
6
2
4
2
4
2
0
2
2
4
6
6
2
8
6
0
2
2
0
2
2
2
2
4
2
2
2
2
2
4
8
0
6
2
4
2
2
2
2
12
4
0
4
2
4
2
2
4
4
6
2
2
12
2
2
2
2
2
17
4
2
2
6
2
0
2
4
4
2
0
4
4
4
2
4
4
6
4
2
0
4
4
6
2
6
2
2
2
2
2
2
4
2
4
2
4
2
2
2
2
2
4
2
4
4
2
2
6
2
2
2
2
4
6
0
2
2
2
2
4
2
2
4
2
4
2
4
2
2
2
0
0
0
4
6
4
6
4
6
4
4
4
0
2
12
8
2
9
2
2
2
0
2
0
2
4
2
2
2
4
