8
8
7
5
24
8
0
8
8
8
8
8
7
48
6
0
8
8
8
8
0
6
45
7
16
0
7
31
0
2
7
0
0
0
0
5
9
42
0
5
0
5
0
8
0
5
0
8
13
0
8
33
0
8
8
8
0
6
8
6
5
7
8
7
5
22
8
6
7
8
7
0
5
6
2
10
6
7
8
6
8
6
0
0
0
0
5
0
44
7
0
8
41
8
7
59
0
0
6
15
8
6
0
0
8
0
0
0
31
6
8
0
6
91
26
0
9
0
6
8
25
0
43
8
8
13
0
18
76
8
7
0
0
0
0
0
8
5
7
8
8
5
8
7
0
8
85
0
0
0
91
21
8
5
8
7
0
8
6
6
2
7
0
0
0
32
5
7
0
7
6
8
8
8
0
0
8
8
8
0
0
2
0
7
0
0
8
8
8
9
8
8
8
0
56
8
21
8
8
8
78
0
8
83
2
8
0
5
7
8
7
6
26
8
0
4
0
8
4
8
0
4
6
6
0
8
8
0
8
7
0
7
7
8
26
8
0
7
3
0
0
0
0
8
3
3
8
8
5
5
8
0
0
0
8
8
8
6
0
0
15
0
5
8
8
0
7
0
79
0
8
8
2
7
8
5
0
8
22
5
0
6
7
44
28
8
8
11
