4
0
6
6
2
6
6
4
6
6
4
0
6
17
0
2
4
8
8
4
4
4
6
2
8
2
4
4
6
10
6
11
11
8
2
6
12
2
4
6
8
2
2
6
2
6
8
59
8
6
10
6
4
4
8
8
8
8
12
6
10
8
13
46
17
13
15
8
17
13
21
13
17
13
17
13
17
25
15
12
15
15
13
23
13
10
17
21
11
23
13
27
17
21
15
13
10
17
10
25
13
6
13
25
19
10
13
19
13
12
17
10
13
10
19
10
10
6
11
15
33
19
6
10
8
19
6
10
23
27
8
13
17
15
11
6
8
21
21
17
25
10
8
10
6
10
21
25
29
23
10
11
10
23
13
23
10
27
13
17
17
8
19
23
19
17
17
21
25
25
8
15
19
29
23
17
10
15
19
15
17
23
23
29
15
19
15
23
25
23
25
13
38
25
25
4
4
6
6
10
10
23
6
6
4
10
0
12
10
10
12
6
2
4
6
4
6
8
8
2
6
2
4
23
6
6
4
6
2
4
2
0
2
8
6
2
4
6
10
2
4
6
4
4
8
8
6
4
6
2
2
4
6
19
2
2
4
6
0
4
0
8
6
40
4
8
6
4
6
8
4
8
6
6
4
6
6
6
6
8
8
15
4
8
8
2
6
2
