16
10
12
15
6
12
8
6
4
14
16
6
14
12
6
6
8
8
8
6
8
31
6
6
10
6
12
12
12
10
6
10
2
6
6
8
12
10
13
14
16
10
8
12
4
12
6
14
6
12
10
18
10
18
10
6
4
16
8
12
16
10
16
16
12
14
14
4
13
10
16
13
21
8
10
10
33
8
16
21
14
10
47
31
10
12
6
12
35
23
39
18
30
12
8
23
21
21
14
12
7
21
23
33
14
10
25
18
23
40
6
17
23
21
18
17
29
8
16
21
16
31
8
41
33
16
21
25
12
14
14
27
43
12
12
0
25
14
14
54
55
33
37
15
16
23
22
13
21
23
15
4
39
6
35
45
30
6
6
6
6
14
27
23
43
12
29
15
8
21
32
17
17
12
21
10
10
25
25
6
54
19
12
51
62
12
17
11
10
11
8
14
13
14
21
4
27
31
12
31
25
12
15
29
37
17
10
8
17
18
19
18
12
16
23
23
19
33
25
25
21
17
23
27
17
16
6
23
23
6
10
12
10
10
33
6
14
12
13
8
16
10
27
33
21
21
31
25
10
31
10
10
27
14
17
16
12
29
21
18
16
11
37
14
27
8
16
23
23
17
14
34
12
10
15
37
16
15
10
18
19
20
14
23
14
31
12
25
