7
0
7
88
0
3
5
71
0
37
6
2
80
0
0
0
0
0
6
0
0
4
2
9
2
47
0
0
17
4
0
0
4
7
2
5
4
2
0
0
4
26
0
0
0
2
0
4
11
0
0
0
2
0
0
0
0
5
5
34
0
0
0
0
1
0
3
0
32
3
5
0
0
4
2
0
0
33
0
0
0
37
3
2
63
0
5
34
0
0
2
0
23
0
2
1
0
2
7
0
3
2
26
33
0
0
0
0
3
3
0
2
5
1
0
4
0
3
7
0
0
3
2
0
2
0
6
4
0
0
3
0
30
2
0
0
45
0
0
36
3
2
2
79
2
3
0
59
0
0
4
0
25
0
0
6
2
2
2
0
0
0
0
47
2
0
2
5
1
33
0
8
0
42
0
0
0
2
0
4
35
2
2
0
9
0
0
0
0
34
0
3
0
2
5
3
0
0
15
0
4
15
0
0
18
0
6
0
0
4
2
0
3
31
0
1
4
7
0
55
2
0
5
0
48
5
0
46
0
3
4
30
0
0
2
0
2
3
0
1
3
5
16
0
0
4
0
17
3
4
0
7
0
56
6
0
3
0
0
0
0
26
2
0
39
2
0
2
0
18
19
0
2
21
0
3
0
25
3
4
4
0
21
7
0
0
16
0
