1
3
5
3
3
0
3
3
3
3
1
1
1
3
3
3
3
1
1
5
1
3
3
1
1
3
7
1
3
3
3
1
3
3
3
3
1
1
1
3
5
1
3
3
3
3
1
1
3
3
5
3
3
1
5
1
1
0
1
11
3
1
5
1
1
1
5
3
3
1
3
0
3
0
3
3
1
1
3
1
9
0
0
53
1
1
3
3
1
3
0
0
3
1
9
3
3
0
3
0
3
3
0
1
0
0
0
1
1
1
3
0
1
1
1
0
0
3
1
1
3
0
0
1
3
1
3
3
3
3
0
1
0
3
3
42
3
3
5
3
1
1
1
3
0
1
3
0
1
3
0
9
3
5
5
3
1
5
1
1
1
43
1
7
3
1
3
5
1
3
3
3
3
3
1
0
1
3
1
3
1
1
0
1
1
1
1
0
1
3
3
1
4
0
1
3
1
3
3
3
5
1
14
3
1
1
5
1
11
5
1
5
0
1
1
1
1
0
0
3
1
5
1
5
1
3
3
1
5
3
1
3
0
3
0
3
3
1
3
5
1
3
3
3
1
5
5
10
1
3
3
3
1
3
12
7
3
7
3
0
0
1
3
3
3
3
3
5
3
5
5
4
3
3
1
1
3
1
4
1
1
3
1
0
3
5
0
1
