10
6
11
11
8
10
13
4
11
19
15
2
7
7
13
8
4
8
6
11
8
8
11
4
17
6
0
9
12
6
7
11
7
8
15
11
8
2
11
10
4
4
11
7
9
10
7
8
6
15
10
11
9
13
8
12
4
13
10
12
11
13
17
11
14
15
13
40
6
13
13
11
10
10
10
11
6
6
15
12
9
13
10
8
8
12
6
4
10
8
12
15
21
13
10
12
36
17
2
26
12
37
19
17
26
25
10
8
36
26
10
32
31
17
50
66
38
31
4
4
15
13
10
11
13
19
7
7
7
10
8
12
7
6
21
7
8
11
13
6
7
13
11
8
6
13
8
6
8
8
6
10
7
11
8
10
9
6
4
8
12
8
6
6
4
8
8
7
4
9
6
10
11
4
4
12
4
10
6
4
6
12
8
8
9
6
4
15
4
6
6
10
7
10
9
7
8
8
4
4
11
8
10
8
4
8
17
10
24
8
17
19
17
10
13
13
19
15
21
21
10
15
13
11
11
15
18
8
11
11
15
15
9
10
14
6
28
13
12
27
19
12
14
9
23
11
19
6
8
19
17
8
19
4
7
4
11
23
11
11
13
8
24
17
24
13
21
15
13
18
18
15
13
34
6
27
7
12
42
13
9
20
31
35
15
41
23
34
