4
4
8
33
4
6
4
2
0
8
0
8
8
4
0
2
2
8
2
8
10
14
4
4
12
6
4
2
8
6
4
10
12
12
6
0
4
4
4
4
12
6
8
4
2
2
2
4
8
4
4
2
8
8
2
6
8
4
18
16
6
14
12
20
10
10
27
8
8
14
12
23
8
12
16
12
10
16
10
45
14
18
8
14
22
14
16
16
22
10
18
12
12
13
21
19
35
23
12
21
31
22
35
20
24
8
26
10
14
14
12
14
16
16
20
14
8
14
20
22
14
4
10
10
16
8
22
8
22
20
6
35
14
14
19
15
29
20
6
12
22
22
13
25
19
18
29
23
24
8
26
18
16
21
10
14
29
22
25
22
28
18
27
22
29
33
19
22
25
19
14
31
12
27
29
57
18
21
12
10
6
4
14
8
0
6
8
4
2
6
2
8
10
8
8
2
8
8
10
8
4
4
2
2
8
10
6
8
8
0
8
8
4
6
4
6
6
8
6
4
8
0
4
8
4
8
4
4
6
8
4
6
10
10
4
12
6
8
2
2
6
10
8
8
4
6
4
6
2
8
4
4
8
2
4
6
8
6
6
8
6
4
4
4
4
8
2
2
2
6
8
6
4
4
2
6
2
4
4
4
8
0
6
6
4
8
10
2
