14
23
18
17
27
34
25
18
18
16
23
12
10
15
22
19
23
35
6
15
24
22
18
18
17
18
19
39
20
2
16
10
22
29
12
13
24
20
15
22
9
32
24
16
17
26
10
20
18
20
23
23
33
24
13
23
16
14
18
19
18
3
10
22
41
20
11
15
9
16
22
22
14
26
7
29
28
34
25
12
15
24
14
19
11
10
32
26
14
41
22
20
11
14
21
14
20
26
26
25
19
20
23
25
13
18
23
15
14
22
16
28
17
33
21
20
28
17
13
17
27
20
35
15
31
36
33
11
9
19
19
22
24
15
15
24
21
35
25
13
11
17
9
19
15
19
16
39
24
21
12
19
24
19
14
27
11
11
17
19
22
25
11
15
21
13
17
18
15
18
25
3
10
23
22
16
20
22
22
13
16
20
20
24
21
33
26
12
7
12
19
14
13
22
33
20
12
18
18
6
11
10
16
10
22
26
21
38
16
8
26
36
16
28
14
16
15
14
25
25
24
15
27
16
12
11
17
24
13
10
21
22
23
40
15
15
15
26
23
24
13
15
0
25
21
26
19
13
16
16
28
20
13
12
24
37
22
18
13
18
17
16
15
16
15
15
28
16
25
34
7
13
16
13
23
23
26
37
41
21
24
23
15
11
25
26
20
14
