20
12
14
19
14
23
11
14
16
15
19
17
18
17
14
20
12
17
17
11
14
15
14
12
18
15
22
21
20
16
13
18
15
16
19
13
17
15
18
14
11
11
16
14
16
16
12
13
10
11
15
11
12
13
20
14
11
19
8
19
15
15
13
12
12
14
9
12
14
18
8
19
13
14
13
16
20
14
15
18
19
21
24
12
19
15
15
16
16
17
17
12
13
12
12
16
17
16
19
18
21
11
13
16
13
11
13
12
14
18
13
14
13
16
17
11
13
14
11
13
9
19
10
17
22
19
14
12
12
15
14
20
15
14
14
16
14
13
8
14
7
12
12
14
13
16
12
16
17
17
13
14
13
21
13
12
19
12
13
20
13
19
11
11
16
12
15
15
12
14
19
18
14
13
12
17
13
17
13
14
12
16
15
14
17
15
9
16
13
14
15
13
13
21
16
20
14
14
14
19
15
13
10
11
18
16
12
17
15
17
13
13
13
16
10
19
9
13
21
12
17
18
17
17
12
19
15
18
23
24
14
15
13
14
13
15
15
15
14
16
12
14
16
8
20
20
13
14
10
19
19
17
12
15
21
17
12
17
13
12
12
8
13
14
21
18
16
18
12
16
14
20
14
18
17
14
16
14
21
14
15
18
16
13
15
16
12
14
