2
5
11
15
3
11
3
3
15
5
3
2
5
7
9
5
5
7
7
1
3
3
11
9
5
3
5
3
5
3
5
3
15
5
5
9
5
2
7
7
2
5
5
1
5
5
3
5
3
5
5
2
0
11
5
5
3
2
3
15
7
9
0
13
9
0
7
13
1
5
2
5
7
5
5
11
5
9
5
11
9
9
3
5
7
13
5
11
7
3
9
15
5
7
2
3
7
7
9
3
7
5
7
11
5
15
5
13
15
15
7
13
2
9
15
11
3
9
7
9
11
11
5
21
3
15
7
9
5
11
19
9
11
5
11
15
13
5
11
7
5
11
7
5
3
7
5
3
5
11
9
9
39
9
7
7
11
5
7
11
9
5
23
7
11
7
21
11
13
9
7
5
7
5
15
11
3
17
7
15
17
13
7
5
7
11
7
9
9
13
9
13
9
9
19
5
13
5
13
9
9
7
17
11
11
7
7
9
13
9
11
19
9
9
11
15
5
11
13
15
11
11
5
7
80
15
9
7
13
9
7
3
17
13
5
11
9
27
5
7
5
13
7
13
5
5
9
11
15
9
5
15
3
11
17
11
13
9
7
11
7
15
9
3
9
7
11
5
7
9
5
9
3
5
7
5
7
7
15
5
9
11
11
7
9
9
9
9
