2
2
0
0
6
5
4
5
6
6
8
4
29
0
0
6
6
10
58
4
2
4
2
8
4
8
10
5
8
6
7
6
8
12
6
6
2
11
10
2
0
4
0
4
2
2
8
4
2
10
6
4
4
52
4
2
9
6
2
2
4
6
4
72
8
6
6
2
6
0
4
4
6
4
6
5
8
4
4
4
2
4
2
4
2
4
6
6
6
10
2
2
6
0
4
6
6
4
4
4
8
2
8
4
0
4
8
9
2
4
6
6
6
2
38
2
4
8
6
6
2
2
2
8
4
7
2
3
2
6
2
2
0
8
2
8
7
9
0
2
0
4
4
4
0
0
7
6
4
6
4
2
8
5
8
8
6
0
8
2
0
2
2
4
10
2
6
4
2
4
6
2
4
2
6
2
6
6
4
6
2
6
0
4
5
6
5
6
4
12
6
6
4
2
6
8
10
4
2
2
3
8
6
6
4
5
6
0
6
6
2
2
2
4
10
3
8
6
4
4
6
8
2
0
6
8
4
4
2
4
6
10
5
4
2
4
6
6
7
12
4
2
6
6
5
2
4
0
8
4
7
5
4
6
10
10
8
2
2
0
8
12
5
6
2
74
8
7
4
6
2
10
8
6
75
6
8
6
6
6
8
10
7
0
4
6
4
8
