2
2
15
0
0
1
2
17
6
0
4
0
3
2
2
2
4
14
2
5
3
2
2
4
4
0
11
2
8
11
2
2
9
4
0
0
6
6
2
2
2
1
6
16
8
2
0
12
2
2
3
6
4
2
2
2
0
13
5
2
1
0
2
4
3
2
7
8
2
4
4
6
4
5
5
5
2
5
4
2
0
3
2
10
2
2
0
2
3
5
0
10
6
2
2
0
2
2
4
0
0
10
0
4
0
4
3
4
2
2
5
2
8
10
0
4
12
6
4
4
2
6
22
4
0
4
14
4
2
3
0
8
0
4
9
0
8
7
6
0
9
0
6
10
0
0
5
3
5
2
13
0
4
0
3
2
2
2
2
4
7
5
0
4
3
4
11
2
4
2
0
9
6
2
0
4
4
2
2
13
4
6
9
6
0
2
0
4
6
2
8
2
0
5
2
2
5
16
2
7
2
2
0
2
10
5
0
0
2
0
4
2
2
9
0
4
0
8
4
4
0
6
2
2
21
2
2
2
9
4
4
2
2
2
2
0
4
2
0
2
0
0
0
2
2
0
0
0
2
6
0
2
0
4
0
6
6
4
4
4
2
2
6
4
3
2
2
6
0
6
2
2
0
2
2
6
0
4
0
8
2
8
0
2
2
4
6
2
