25
5
30
13
12
18
21
8
27
9
23
5
16
15
19
14
19
17
23
17
23
8
37
21
23
19
17
14
21
23
16
27
27
30
24
18
17
16
24
12
26
18
16
12
13
12
15
27
13
14
8
30
8
19
17
13
20
22
23
24
20
16
17
28
19
23
30
23
16
38
18
30
21
18
26
21
21
33
30
19
23
25
25
31
27
23
22
25
20
32
29
26
32
20
34
26
24
25
30
33
27
23
23
33
36
20
25
24
24
29
19
40
37
21
25
34
35
42
26
19
30
25
27
20
25
31
17
28
24
22
30
20
20
21
19
15
32
23
26
28
26
24
25
28
25
31
27
23
37
24
20
38
37
15
23
31
12
36
27
19
21
27
15
27
28
12
35
15
28
25
34
16
28
18
24
31
24
36
17
34
26
29
32
27
26
16
38
10
28
23
28
19
17
19
32
18
22
15
5
31
23
16
24
24
28
21
25
19
15
34
38
30
27
12
23
45
22
15
29
20
25
21
22
18
22
22
25
29
26
24
26
26
19
25
15
22
26
27
13
20
19
25
24
23
34
37
25
25
39
26
27
20
23
26
27
20
30
24
39
29
23
29
26
21
32
24
33
21
22
13
16
19
22
29
22
9
26
30
27
29
39
26
16
25
25
28
24
28
