2
13
17
12
8
15
6
10
9
6
4
8
12
14
8
13
21
8
8
11
7
8
6
7
10
2
17
4
12
2
6
10
4
2
4
8
10
13
10
10
4
21
10
4
8
6
4
2
10
8
8
8
8
6
8
4
10
8
6
6
6
10
10
4
10
4
6
10
6
6
4
6
4
6
8
8
12
10
8
4
8
6
7
10
12
6
13
13
10
6
4
13
8
8
11
8
11
6
6
6
6
4
15
10
10
4
10
6
4
15
12
4
8
14
14
7
12
4
8
6
8
19
4
15
17
15
13
6
4
6
6
6
10
6
26
8
4
8
15
10
8
10
6
6
21
8
10
10
8
10
8
6
8
10
6
12
15
6
8
4
4
16
4
14
8
6
4
6
8
4
4
10
8
13
13
6
13
8
8
6
10
4
8
6
19
8
6
8
10
8
4
4
10
8
6
6
4
10
13
8
10
6
14
6
4
6
6
8
6
6
9
6
6
10
8
6
12
0
8
6
6
11
16
10
10
14
10
8
13
6
10
11
6
6
4
6
10
8
4
11
2
15
8
2
15
13
4
8
10
4
8
8
6
11
15
8
12
4
2
8
19
6
8
4
4
6
6
8
8
6
8
8
2
8
4
8
4
14
15
2
6
2
8
2
6
8
6
4
