23
14
23
21
25
17
25
16
23
23
17
21
22
16
23
17
28
19
19
28
24
27
20
22
21
27
18
22
19
14
23
18
23
23
20
18
21
19
14
17
21
26
27
19
27
13
24
19
23
17
17
21
25
25
15
30
23
30
21
20
21
24
20
22
24
24
28
27
25
19
22
23
25
26
28
32
34
33
23
24
25
20
26
33
33
29
30
29
25
34
28
22
21
16
25
21
29
27
17
30
29
22
28
31
25
23
28
16
19
22
24
21
32
24
23
26
23
21
28
30
17
28
20
23
32
22
25
28
28
21
20
21
19
27
24
21
21
22
20
23
28
21
25
23
19
23
17
34
23
24
22
21
21
36
27
30
24
28
23
26
21
28
35
27
25
28
25
37
25
24
28
24
38
23
31
25
38
21
23
22
23
21
21
28
30
24
24
21
32
21
21
21
23
28
25
24
21
19
23
23
22
29
22
23
21
24
20
28
31
25
20
29
16
27
20
17
19
22
19
22
23
19
23
24
20
20
19
32
30
30
22
24
26
27
29
32
24
26
28
21
27
22
25
32
28
24
26
25
23
23
17
22
24
23
23
21
23
20
21
29
25
19
27
23
30
24
25
28
24
33
31
19
21
15
14
24
11
18
27
26
22
23
26
15
20
19
27
18
