12
0
1
5
0
5
1
5
3
3
5
1
1
1
1
1
55
3
15
5
3
1
17
3
3
6
7
1
1
3
5
1
3
3
3
3
1
18
47
3
14
5
1
6
5
5
3
4
5
7
3
3
43
6
2
3
5
1
3
3
3
1
3
5
1
1
3
0
3
3
65
3
5
3
12
3
5
1
1
3
3
3
3
3
7
1
45
3
1
1
24
1
5
5
1
5
3
3
1
5
5
3
1
1
5
59
1
1
3
45
1
0
1
0
28
1
0
3
5
1
5
3
51
5
0
1
5
1
1
3
1
5
44
1
1
4
0
1
3
1
3
5
1
3
46
0
0
3
1
0
1
9
5
1
1
1
1
8
3
1
52
0
47
29
1
8
1
0
3
1
1
0
0
36
1
1
3
5
3
3
1
1
0
1
3
3
14
62
0
3
0
1
5
0
1
5
1
1
5
54
0
1
0
3
0
0
1
1
6
3
1
3
1
0
7
0
1
3
5
1
3
3
0
5
1
1
3
3
3
3
1
5
3
3
1
3
5
1
62
0
3
1
1
3
3
0
1
1
1
3
0
3
0
1
3
3
64
0
3
1
19
10
3
1
1
5
3
0
0
1
3
1
30
7
0
3
0
1
1
3
1
53
3
5
1
3
5
3
