62
43
39
59
49
54
35
40
53
66
52
52
46
48
59
62
50
52
47
42
54
56
34
56
52
35
38
40
56
53
38
61
48
45
40
35
43
33
34
41
43
52
53
39
60
29
40
58
87
31
40
35
39
47
30
47
39
58
41
35
62
41
28
26
41
43
35
60
43
47
51
77
55
39
37
31
41
56
46
52
53
48
43
60
70
41
33
47
39
42
47
30
44
49
43
49
52
26
37
35
34
37
41
27
45
49
44
41
33
35
34
41
53
49
45
42
40
33
43
45
39
23
37
32
38
43
35
41
40
47
48
37
33
37
26
37
43
29
55
47
31
37
50
51
63
36
35
39
45
34
35
53
37
37
32
43
53
31
37
35
51
31
41
52
41
55
45
41
43
33
27
30
34
35
39
40
49
53
39
39
52
39
33
37
52
46
41
39
45
44
49
34
41
35
49
34
38
33
37
61
44
51
43
35
55
46
35
35
41
41
49
41
61
63
45
46
47
51
47
39
47
49
45
93
38
27
33
65
51
38
31
39
50
21
61
39
57
55
47
50
65
50
64
47
37
41
61
59
35
43
58
41
58
58
32
46
47
59
42
33
37
61
45
55
45
51
34
55
40
73
39
46
60
53
49
48
43
37
34
42
83
36
52
54
45
59
46
45
