22
0
0
0
0
0
26
19
32
25
21
29
0
0
1
0
0
0
22
20
29
30
23
23
31
2
0
0
0
11
23
16
0
20
20
23
28
26
0
3
0
24
19
29
30
35
18
40
6
0
0
0
0
9
26
24
1
3
19
24
3
41
0
0
2
8
19
1
11
24
19
6
4
22
19
0
0
0
3
7
26
0
3
17
21
21
0
0
0
11
21
31
32
28
21
13
29
0
0
0
0
0
21
21
19
21
20
17
25
0
1
0
0
10
25
0
3
22
16
20
2
25
16
0
0
10
14
25
30
24
17
30
21
0
0
0
0
20
33
24
0
2
20
16
0
19
0
2
0
7
20
16
2
21
18
0
9
30
18
0
0
5
27
16
11
18
22
0
29
0
0
0
0
13
6
30
23
0
16
24
22
27
0
0
0
10
15
24
0
6
19
0
5
20
22
0
0
0
14
19
24
21
1
11
21
15
0
0
0
0
39
20
27
24
21
17
19
0
0
0
0
4
5
18
1
16
24
18
24
28
0
0
0
13
27
0
31
22
22
1
26
3
0
2
0
2
23
32
23
19
23
22
28
0
0
0
0
13
0
21
10
18
1
27
0
0
0
0
0
0
19
21
19
32
35
33
0
0
0
0
0
0
23
22
23
37
25
38
