3
2
3
0
1
0
1
3
3
1
3
3
11
3
3
3
2
4
4
1
3
0
2
3
0
3
2
1
3
5
2
5
2
3
1
2
0
3
5
1
0
4
2
0
1
2
0
4
1
2
1
2
1
0
3
0
1
2
1
6
5
2
2
2
7
2
2
2
0
3
5
4
1
4
6
0
2
0
4
4
0
0
0
2
0
2
1
7
3
2
2
0
3
2
2
2
3
2
2
2
1
0
5
0
0
2
1
2
0
0
0
4
2
4
0
6
4
0
0
1
2
1
5
6
3
4
2
2
4
0
2
0
2
2
2
3
7
0
7
4
6
3
4
2
4
2
0
7
7
4
2
2
2
0
6
2
9
7
2
7
3
17
7
0
4
2
1
1
6
0
2
4
4
3
6
2
2
2
3
1
0
2
0
0
0
4
3
0
2
4
1
4
2
3
0
6
0
3
0
0
2
2
0
0
4
2
4
2
0
0
5
2
4
0
4
5
0
4
5
2
4
2
0
2
2
0
0
3
2
0
0
0
2
0
2
1
2
4
5
0
0
4
4
0
4
0
3
2
0
4
2
0
4
2
2
3
2
0
2
2
4
5
0
1
0
11
2
5
4
4
3
0
0
6
2
2
2
4
0
1
4
2
1
2
2
4
2
0
