1
27
25
48
39
5
28
37
5
49
31
0
29
14
25
4
28
1
28
12
3
35
3
15
34
37
28
19
18
33
36
26
12
5
26
21
3
24
3
34
1
33
17
23
14
32
49
35
10
1
37
17
0
1
31
32
22
30
16
3
50
32
18
4
21
3
26
31
15
21
0
20
17
24
23
29
25
0
20
19
16
14
5
23
5
31
26
17
28
0
49
4
25
0
34
7
34
0
31
25
0
5
25
17
0
25
27
26
0
23
18
3
24
14
4
39
3
26
35
9
30
10
36
3
19
3
16
17
25
27
0
30
27
4
32
34
24
0
3
14
16
0
24
26
21
1
22
25
39
19
0
16
26
35
14
5
15
12
3
25
1
1
23
6
26
1
22
25
56
19
25
16
1
0
3
21
29
4
12
34
25
0
21
28
28
1
12
1
32
3
21
31
29
14
39
15
23
1
14
0
26
30
22
25
11
27
33
1
23
0
29
38
32
21
2
16
23
27
13
1
53
1
8
3
26
13
31
4
19
12
31
1
5
26
1
37
36
23
3
26
28
20
35
11
20
1
18
6
35
13
25
17
34
20
29
36
8
3
35
6
38
40
46
43
38
30
1
33
4
6
37
17
0
43
0
22
40
26
3
47
0
30
34
19
17
37
19
37
