26
56
76
28
59
72
71
81
49
46
34
76
22
32
42
42
43
41
40
68
36
54
34
72
79
46
34
30
64
75
48
44
29
40
34
24
71
36
38
56
63
68
33
57
51
22
27
57
47
36
40
71
83
56
29
67
38
22
76
71
28
57
55
56
38
62
44
71
44
32
26
67
31
44
60
52
76
62
73
53
44
22
30
70
30
29
44
61
59
42
54
48
36
31
36
48
56
42
62
34
40
62
40
46
34
43
42
32
32
46
43
57
57
70
63
46
57
41
34
55
24
58
64
64
56
58
40
49
42
44
38
43
26
30
71
30
60
32
40
38
35
46
52
68
24
42
76
40
67
44
32
40
52
24
56
41
22
32
40
39
42
30
43
41
41
43
61
26
32
77
39
76
42
44
32
74
60
30
54
68
40
62
54
56
64
47
46
72
65
26
52
37
38
67
50
54
69
63
39
51
32
37
53
62
33
55
44
53
39
37
48
30
46
42
37
26
30
42
54
67
66
31
38
60
40
50
25
18
22
65
57
58
54
32
45
42
32
65
80
26
33
64
44
34
72
46
71
38
32
26
75
74
42
54
55
45
41
44
29
74
65
21
61
31
30
37
41
72
38
58
67
55
26
70
28
28
36
74
71
38
35
76
43
38
49
24
26
70
