4
4
4
2
2
2
8
2
2
2
4
0
4
4
2
7
6
8
4
4
4
4
13
8
4
2
6
4
4
6
6
6
8
6
2
37
2
8
4
10
8
4
2
4
2
7
4
6
4
8
9
8
4
6
6
6
4
5
6
4
5
4
16
6
4
8
7
4
4
5
4
4
8
6
12
8
4
6
6
4
4
6
4
10
2
10
6
5
4
7
8
7
6
8
4
7
8
6
5
10
6
10
7
6
5
7
6
6
6
8
4
5
13
4
10
8
7
4
3
5
8
18
6
4
6
6
6
6
6
9
14
4
32
8
6
6
6
5
8
9
9
8
8
8
3
8
8
6
6
6
6
8
7
8
6
6
19
8
6
2
2
6
4
2
6
4
10
6
7
5
4
4
4
2
5
6
8
6
4
7
8
8
4
10
7
6
4
7
11
5
2
6
6
6
5
4
4
3
6
6
2
7
8
8
2
4
20
4
4
8
5
4
13
9
4
4
28
12
6
4
5
4
4
4
4
7
8
6
4
6
6
6
6
6
4
5
4
4
6
6
4
5
2
4
4
6
13
2
6
8
7
5
2
6
2
2
4
4
4
4
4
4
6
6
4
2
6
4
2
6
2
22
4
4
4
2
4
4
2
2
4
6
4
4
4
4
4
6
