6
10
6
17
12
8
4
4
6
4
9
6
8
6
15
8
4
10
4
2
4
6
8
12
6
4
6
6
9
10
6
10
4
10
8
11
6
12
4
6
12
6
2
4
8
6
8
6
6
6
9
4
2
8
6
10
8
6
10
4
6
8
6
10
8
6
17
4
6
4
6
2
10
6
6
6
8
4
8
8
4
8
8
4
4
4
10
15
4
4
4
11
4
8
4
8
6
2
6
2
6
4
4
6
12
8
6
6
8
8
6
15
19
2
8
15
6
4
8
10
8
4
8
10
8
8
8
13
4
9
6
13
8
8
8
4
4
4
6
10
8
17
6
8
11
8
4
17
8
4
4
8
9
6
10
6
10
8
10
6
8
4
4
2
17
14
10
4
10
6
11
4
8
8
11
4
6
6
4
6
17
4
10
8
8
4
6
4
8
8
13
2
14
15
7
4
6
6
4
2
4
10
4
8
22
8
8
6
8
16
4
8
4
4
6
10
8
10
10
10
11
6
6
8
8
8
11
8
8
4
10
8
13
4
4
6
8
6
8
15
6
6
6
18
8
6
2
4
6
8
15
8
6
20
6
8
6
6
9
10
2
10
13
4
10
6
6
2
17
8
2
8
4
4
4
8
8
9
6
6
8
2
8
6
4
12
2
13
