2
8
8
2
2
8
2
4
8
8
6
2
6
17
6
2
16
6
6
4
6
2
0
6
5
10
8
6
4
8
8
8
6
8
9
0
0
4
10
4
2
6
2
4
4
4
6
19
6
8
6
4
4
4
6
6
4
8
6
2
6
4
8
0
4
4
2
8
2
8
4
0
0
8
6
4
4
6
4
2
5
10
4
6
4
4
6
10
4
4
4
0
2
2
6
8
6
2
2
4
2
4
15
6
6
8
4
13
4
2
0
8
6
19
0
4
6
2
4
4
8
2
19
2
6
4
4
4
15
2
6
4
18
10
2
4
4
8
8
2
4
6
2
2
4
6
8
2
19
4
6
6
6
4
6
6
10
6
4
4
2
6
4
6
2
8
2
4
6
19
8
4
10
4
2
2
4
16
2
8
4
6
2
0
6
13
4
2
4
6
15
6
4
6
6
4
4
2
8
4
2
10
6
4
10
8
19
2
6
4
6
6
10
4
2
10
4
4
0
6
0
10
0
6
2
2
2
4
6
8
6
6
6
0
8
4
2
6
8
4
2
8
4
4
6
22
6
15
0
6
8
4
8
8
8
6
4
8
6
10
24
6
0
6
4
2
0
6
6
4
6
4
0
2
6
8
6
27
4
2
4
2
4
4
6
4
2
6
