8
2
4
0
4
2
4
2
4
0
2
2
15
4
4
4
2
2
2
4
2
2
0
2
4
4
2
2
11
2
4
6
2
2
9
0
2
4
10
2
4
0
0
11
2
0
0
4
2
4
4
12
6
4
2
2
0
4
0
4
4
6
4
2
0
2
4
2
8
2
2
2
10
17
2
2
0
0
0
4
4
2
2
4
4
4
2
2
4
0
2
4
4
2
2
2
6
2
4
2
4
2
2
4
9
2
2
6
4
8
0
2
4
15
4
2
2
4
2
14
0
4
2
11
2
4
6
6
2
6
0
4
2
0
4
0
2
0
2
2
4
4
2
2
4
5
2
2
2
0
2
2
0
2
4
4
2
2
6
6
0
6
4
6
4
4
4
4
6
8
0
2
0
0
6
4
2
2
2
2
12
4
2
4
2
2
4
6
6
4
0
2
2
4
0
8
4
8
2
4
4
2
6
2
2
4
4
2
0
2
4
2
12
4
2
2
11
0
4
6
0
6
0
4
6
0
0
4
2
0
4
4
2
2
6
4
6
8
6
2
4
8
4
6
4
0
4
2
4
8
0
4
0
2
4
8
4
6
2
2
2
0
2
4
2
6
0
0
4
2
4
0
0
2
2
4
4
2
2
6
10
4
6
4
2
4
6
0
