45
82
90
85
79
84
96
81
72
77
55
94
71
30
85
79
67
71
78
75
84
86
63
68
53
38
82
86
69
86
71
82
70
81
43
86
57
70
47
76
47
70
77
71
74
70
48
76
87
30
36
68
64
59
90
78
80
74
65
67
59
28
79
75
49
68
78
77
62
81
40
60
50
78
69
79
32
73
90
77
79
85
39
67
47
28
58
72
44
63
64
70
85
61
42
60
69
28
61
80
61
55
71
66
89
85
41
77
58
48
40
65
36
65
59
63
49
71
45
81
54
30
30
76
69
76
67
35
45
80
69
36
56
37
36
32
58
48
76
43
74
58
33
57
52
50
36
76
63
66
63
38
81
81
37
71
61
52
31
42
54
72
73
46
45
80
47
56
73
65
29
71
54
60
73
44
71
79
70
84
46
54
36
26
79
63
70
44
72
68
50
80
72
27
27
27
65
75
79
52
76
76
61
65
54
75
44
73
70
73
70
42
78
67
43
83
37
60
27
63
72
70
75
80
65
68
50
37
72
70
77
84
34
45
42
42
60
61
54
65
46
55
32
52
72
80
80
48
77
97
36
82
44
95
34
81
75
76
69
44
50
64
54
67
44
37
28
68
66
62
81
50
76
44
60
79
41
41
75
65
73
67
63
45
92
72
68
32
