8
16
14
11
17
15
15
13
6
18
15
28
13
11
20
11
9
15
7
11
9
15
9
17
9
15
11
9
19
13
11
6
30
24
11
9
8
6
11
17
6
11
9
6
13
9
9
7
21
19
13
8
19
11
13
18
4
4
9
9
15
17
9
32
19
24
24
9
8
18
23
15
6
8
9
6
15
4
5
9
16
22
22
9
7
11
13
9
41
12
15
6
33
27
13
17
15
13
11
27
15
20
17
49
24
17
17
17
13
45
15
20
17
21
23
35
35
30
20
20
6
31
29
57
19
9
22
13
34
30
16
15
22
27
29
22
26
40
14
18
28
22
36
19
7
18
41
40
39
34
9
18
9
31
47
39
32
37
22
30
11
31
20
32
31
14
17
17
24
13
30
17
20
28
13
31
41
33
11
34
11
8
11
8
9
11
17
9
8
24
4
9
6
24
9
6
6
15
9
11
9
13
11
25
4
6
7
0
9
7
4
7
7
4
19
5
8
8
9
9
6
11
11
6
4
9
6
13
12
7
6
7
13
32
9
6
15
6
9
9
13
6
11
6
11
6
56
7
9
20
15
8
13
8
6
17
4
13
4
7
11
11
9
6
4
7
16
7
8
9
20
11
13
25
6
7
7
9
11
5
7
7
6
8
7
8
4
6
