14
15
16
17
20
14
13
16
15
12
17
15
15
19
20
19
19
13
17
10
15
15
14
11
15
15
17
16
12
12
15
15
15
13
13
17
16
10
12
14
13
15
17
16
20
16
15
16
13
14
15
16
13
13
12
16
13
18
15
14
13
14
15
13
17
17
12
13
15
15
11
13
14
15
16
14
15
15
17
18
15
13
13
15
16
16
17
15
14
15
14
15
12
15
15
15
15
16
16
17
13
16
17
13
14
9
13
13
14
14
2
18
28
21
30
23
31
27
7
24
2
28
27
35
29
42
7
2
2
2
0
8
4
2
31
26
22
5
11
18
20
4
2
13
20
28
22
28
22
20
29
2
2
2
4
2
7
14
7
2
0
0
4
19
1
25
36
4
3
2
2
12
0
10
8
7
15
19
30
4
2
2
25
2
10
9
0
0
3
2
2
2
4
4
28
4
2
14
5
10
17
11
2
11
25
12
7
6
2
4
17
20
22
21
2
6
2
4
2
24
23
3
1
4
6
13
3
15
14
4
3
4
2
22
5
11
2
7
30
2
4
4
15
2
2
21
2
5
7
16
11
1
18
12
22
0
4
9
2
2
9
1
21
16
8
2
4
13
8
25
12
17
23
29
10
17
12
22
9
25
8
20
8
16
16
5
1
5
