15
12
17
19
9
15
17
14
13
13
13
19
15
15
12
17
29
13
17
15
35
17
6
12
17
8
15
15
13
15
17
2
11
44
4
4
19
21
19
10
21
23
8
10
11
10
17
13
4
6
15
21
8
4
17
4
4
17
6
6
6
2
4
12
23
13
8
8
6
12
13
6
12
29
19
13
10
10
12
29
8
13
13
14
14
17
13
17
12
65
21
4
9
12
14
27
12
10
13
10
14
14
12
14
9
19
19
21
25
6
15
13
19
10
15
10
35
19
7
17
25
15
14
12
15
29
11
19
10
17
17
12
10
25
27
15
27
12
21
15
15
14
10
19
19
17
12
14
12
50
10
10
30
17
23
16
10
19
12
10
27
10
29
17
18
15
19
27
15
25
17
21
19
12
19
27
21
15
25
19
19
27
23
10
11
10
19
11
23
13
21
12
17
10
12
15
25
13
17
8
27
12
19
17
8
21
8
14
10
10
11
15
22
17
12
12
15
19
21
10
7
4
13
8
8
12
8
8
8
17
21
12
4
19
9
9
24
10
13
6
17
10
2
4
4
8
9
13
10
15
8
0
8
17
7
9
8
2
0
8
0
4
4
0
4
10
2
4
8
2
2
2
0
2
0
4
4
0
2
2
0
8
8
2
4
2
4
4
