2
2
29
2
4
2
2
0
2
2
2
0
2
16
4
4
2
4
0
2
2
0
4
2
4
2
23
4
2
2
0
2
2
2
2
2
44
26
2
2
0
2
2
0
7
4
2
6
2
2
2
0
2
2
2
2
0
4
2
2
2
6
2
4
4
2
41
6
0
2
0
2
0
4
2
2
0
4
4
2
4
2
2
4
0
2
40
28
2
2
4
42
0
28
4
31
2
0
2
4
4
2
8
2
4
2
0
2
4
13
6
2
2
37
22
0
25
2
44
4
2
0
0
2
4
2
25
4
2
4
4
0
43
2
2
0
2
6
2
40
2
2
2
43
2
32
2
6
45
2
2
2
24
4
4
2
2
0
4
2
4
3
2
2
0
0
0
2
2
0
4
4
6
37
2
2
2
2
2
21
42
2
2
21
35
2
4
36
2
2
4
2
2
4
2
0
37
2
0
4
2
2
4
2
0
4
2
4
0
0
0
2
0
0
2
15
2
2
0
2
0
15
2
2
2
2
7
4
32
2
0
0
4
2
2
0
35
2
30
2
17
2
0
44
4
4
42
2
2
2
43
2
2
4
17
2
2
2
2
2
0
2
11
0
2
2
4
2
2
2
4
2
4
2
0
12
4
2
2
2
4
2
2
2
2
2
2
0
