49
51
36
32
32
40
49
46
47
46
36
31
42
42
45
26
29
63
47
46
42
38
40
47
45
46
59
32
38
47
59
65
33
72
47
45
91
47
40
44
57
43
47
41
49
50
46
45
85
78
47
46
56
46
47
42
51
47
68
46
40
92
45
42
43
47
84
43
24
67
73
40
47
42
49
47
48
92
89
39
37
48
61
48
51
89
41
34
46
47
93
47
32
51
85
46
88
49
49
46
47
45
44
47
42
47
31
37
49
61
51
46
45
47
70
44
36
71
64
44
44
44
47
46
42
39
33
36
46
49
34
26
33
37
83
48
46
67
43
46
46
65
33
36
48
44
49
29
48
33
63
32
38
70
51
42
78
88
45
39
40
61
46
46
31
64
48
45
62
48
51
42
47
88
81
44
32
39
75
37
48
45
56
39
46
77
53
46
41
49
91
42
41
49
35
43
27
43
48
46
42
49
48
37
48
48
73
45
32
34
81
40
25
48
53
42
49
47
49
43
42
43
47
46
44
51
51
44
38
47
77
35
35
33
49
45
52
43
51
44
42
46
51
47
43
46
49
64
46
44
45
38
45
47
37
46
43
67
39
31
45
62
85
46
39
55
49
40
43
75
47
41
65
47
46
40
39
48
33
45
29
49
47
31
31
48
43
33
