2
1
19
1
2
3
0
2
3
3
1
3
3
1
2
8
9
1
3
1
3
5
12
1
1
2
3
0
17
1
2
0
3
2
8
2
12
2
0
1
2
0
1
5
3
1
5
5
3
15
6
2
6
1
2
1
4
15
11
2
5
0
1
2
2
1
7
4
13
7
20
12
2
24
16
13
3
8
12
14
1
8
19
10
11
9
12
13
13
8
17
7
0
16
25
15
5
15
16
15
6
10
6
17
16
15
7
4
23
16
15
4
8
15
9
10
13
9
15
3
11
10
15
12
3
20
13
3
7
13
11
8
15
15
16
6
7
4
12
14
10
16
17
11
17
24
0
26
17
11
13
13
19
20
9
10
13
11
23
13
10
2
3
11
14
14
11
13
8
18
11
13
7
4
4
12
3
12
17
11
7
22
12
16
15
17
20
4
12
6
17
17
8
1
18
11
18
12
10
8
11
7
20
15
20
8
15
12
18
13
6
12
4
4
16
23
12
21
13
2
20
23
9
12
17
15
15
20
19
13
15
7
19
20
11
4
16
4
12
17
14
4
4
14
11
15
13
12
3
25
15
17
12
7
9
11
6
15
13
11
14
3
6
11
13
21
10
9
13
21
10
12
10
16
18
15
12
22
4
9
8
15
11
11
7
21
11
13
