8
13
8
13
24
6
8
8
19
14
8
8
10
6
4
12
13
6
16
8
11
10
6
15
8
6
6
19
13
11
6
6
17
6
8
6
4
14
4
14
15
10
4
10
8
18
8
10
6
6
8
6
6
8
17
12
8
7
15
10
6
12
8
8
4
8
9
13
11
4
3
2
6
16
12
6
6
8
8
10
6
12
6
6
4
4
13
6
17
17
12
10
13
21
8
17
12
8
9
14
6
10
6
6
14
10
8
10
8
12
10
6
8
6
9
7
8
10
14
10
3
13
20
10
12
22
10
10
8
12
6
12
13
8
7
13
8
16
20
10
12
8
5
14
13
10
17
13
11
12
13
6
2
10
13
7
13
12
6
7
6
4
10
21
6
18
11
15
12
6
5
8
8
15
8
13
7
4
15
18
8
4
8
8
10
8
13
5
8
6
6
6
18
11
6
12
10
12
9
13
6
14
10
13
6
4
6
9
8
5
21
6
8
6
9
13
10
14
10
10
6
10
12
0
13
12
6
8
8
8
8
11
6
8
5
7
7
11
12
15
20
8
7
7
8
12
14
17
12
14
8
7
8
8
5
13
8
11
6
4
12
10
15
9
16
8
14
6
8
9
6
8
2
8
10
6
10
9
8
12
8
4
10
13
13
14
7
8
