4
6
2
3
5
5
4
6
6
6
4
2
4
2
4
4
4
6
4
4
2
4
0
0
6
7
2
4
2
6
4
2
4
8
0
0
4
2
4
0
6
5
6
7
6
4
0
0
0
2
4
3
5
4
4
4
4
5
0
0
4
4
7
5
4
2
4
3
0
4
0
2
4
4
4
4
4
4
4
2
2
6
0
0
4
2
4
4
7
6
4
4
4
4
0
0
4
4
2
2
3
4
4
6
4
0
0
0
6
2
6
4
6
5
2
4
2
2
0
0
2
4
4
4
6
2
4
3
4
4
0
0
0
6
4
8
4
4
3
4
5
2
0
0
6
2
2
8
4
4
2
6
0
2
0
0
2
4
4
5
4
4
4
2
2
2
0
4
4
2
4
2
4
4
4
4
0
4
0
0
4
4
4
2
6
4
2
4
4
4
0
0
3
4
2
4
2
5
6
2
2
4
0
0
2
0
4
2
5
5
4
5
2
4
0
2
2
4
2
6
2
6
2
8
2
4
0
0
6
2
7
4
4
2
2
4
0
4
0
4
2
4
4
6
4
4
6
7
0
0
0
0
0
0
0
0
0
0
2
0
0
0
0
0
0
0
0
0
0
0
0
0
2
4
0
5
4
0
2
0
0
0
4
2
4
6
4
6
