2
4
4
0
8
8
4
59
2
2
2
2
4
4
2
4
6
4
55
2
6
2
4
4
3
2
4
5
4
4
10
2
4
4
2
6
4
4
3
8
2
4
2
5
2
4
4
7
2
6
5
2
44
2
6
52
4
4
4
9
4
4
25
4
4
2
4
4
6
4
2
2
6
3
2
2
42
0
2
2
8
8
6
2
26
0
2
4
2
10
4
4
2
2
6
6
2
4
2
17
4
4
4
4
44
4
2
4
6
4
6
2
2
4
2
2
0
2
2
2
4
2
2
52
2
2
4
2
2
4
2
2
2
4
4
6
4
2
4
4
2
2
4
6
2
2
15
6
2
2
2
2
4
2
2
63
6
2
4
6
8
8
4
4
4
2
2
8
4
2
2
2
2
2
4
2
4
4
2
4
27
2
6
4
4
4
2
36
4
2
6
2
19
4
6
2
8
4
6
6
2
2
4
4
65
2
2
2
46
6
73
4
2
8
2
4
2
8
4
2
2
2
2
4
0
4
48
4
0
2
2
9
4
2
15
6
95
51
46
2
4
4
36
6
6
2
2
4
4
4
6
2
3
6
18
2
4
2
6
2
4
2
58
2
2
2
63
4
63
2
2
4
4
2
2
2
2
19
2
4
2
2
2
4
6
4
2
10
