78
49
33
40
71
36
67
33
29
24
33
94
36
45
58
51
45
32
47
25
39
19
84
67
40
33
46
39
25
31
30
28
37
32
34
52
91
38
51
72
30
36
61
31
32
17
32
56
69
43
32
59
32
39
49
34
23
19
33
64
89
62
37
68
35
49
36
32
39
22
44
37
93
37
22
58
18
45
23
31
37
21
51
72
47
26
47
42
27
37
40
44
32
24
46
20
44
52
33
60
31
36
34
30
26
23
58
33
75
42
45
40
68
29
47
47
42
22
45
71
45
45
35
53
33
40
40
45
34
17
68
61
85
33
34
48
85
47
49
45
46
16
52
80
58
36
43
49
32
49
37
20
33
17
37
46
84
28
33
57
29
54
46
27
24
21
49
47
60
43
44
47
37
38
47
30
29
23
44
42
63
38
33
48
33
37
44
24
33
32
67
45
31
38
41
46
47
50
38
35
42
19
31
44
39
56
39
52
35
42
47
31
27
22
42
46
47
40
43
31
22
46
45
48
31
24
33
57
69
31
32
51
32
24
32
33
29
23
19
13
24
21
23
43
27
35
31
23
26
22
39
62
15
18
17
29
15
18
14
17
15
12
21
23
20
16
14
19
16
35
19
24
24
18
23
24
23
31
17
32
26
30
31
30
24
33
41
29
