8
9
14
9
23
5
5
9
11
15
18
11
37
12
15
12
8
6
8
9
14
4
12
31
10
10
12
6
29
3
4
5
8
23
11
23
6
11
11
12
5
7
3
9
10
16
14
6
8
16
6
9
11
6
7
5
5
6
12
30
8
13
6
15
10
6
2
5
54
11
14
12
8
5
26
11
6
5
7
9
5
13
12
13
12
11
11
9
11
29
4
5
9
8
31
10
13
9
1
12
15
3
4
7
5
26
13
48
17
6
8
11
55
9
5
9
8
14
10
9
7
13
9
15
32
20
5
2
9
20
5
15
6
6
12
9
12
16
0
8
7
5
6
13
13
8
11
13
9
3
2
3
7
16
11
40
9
8
8
11
9
4
10
5
15
6
15
8
11
8
13
10
9
19
5
3
2
11
11
23
18
6
10
11
14
7
7
5
8
8
13
80
10
17
14
12
12
4
7
35
18
15
11
16
13
7
13
7
20
8
6
8
7
11
18
34
18
13
7
11
6
6
3
11
8
23
21
14
19
9
28
20
9
10
13
12
10
30
19
6
9
14
15
6
36
8
7
25
21
12
14
6
18
7
21
5
6
33
26
10
7
0
8
9
23
28
11
20
19
14
11
9
27
30
9
21
7
6
7
12
14
7
11
7
10
37
19
11
