15
20
13
9
16
13
5
17
11
6
15
11
20
9
6
15
33
8
13
8
17
7
11
20
15
13
17
6
9
17
11
46
11
7
15
22
9
6
9
13
6
19
22
57
15
17
13
15
15
13
28
28
30
18
50
23
22
4
30
30
24
21
17
20
14
24
15
19
9
11
12
33
34
18
48
13
35
66
43
43
26
17
22
69
52
23
32
19
15
26
19
36
35
0
28
23
28
23
30
41
23
23
30
35
31
37
68
83
16
34
47
34
44
61
22
45
11
5
48
32
74
44
42
30
45
37
57
15
33
36
17
30
11
12
20
32
28
29
17
28
28
25
37
11
20
19
11
30
17
11
17
38
41
32
55
61
22
43
9
20
20
54
27
56
23
20
53
74
61
19
24
33
46
17
26
39
64
47
44
59
37
31
51
49
35
59
49
57
42
45
53
38
2
23
30
42
25
9
15
51
62
34
24
28
34
28
26
26
31
26
15
65
79
12
18
36
15
33
18
29
45
6
8
16
11
5
4
2
5
2
2
2
4
6
6
6
4
15
2
3
9
2
7
7
6
7
6
8
4
7
11
5
5
0
4
6
6
4
9
4
8
9
8
4
9
4
13
15
8
7
6
10
9
5
6
6
16
4
4
9
9
2
4
5
4
16
2
11
