75
87
75
38
90
74
49
95
41
46
34
57
84
56
55
90
87
79
48
43
28
36
29
39
49
61
72
91
81
56
51
94
42
40
50
43
78
76
47
57
76
67
81
69
46
30
40
58
81
72
40
95
79
28
32
91
25
38
20
28
48
64
30
62
69
41
94
69
75
19
25
32
78
58
66
42
37
74
44
33
75
46
27
37
75
92
65
44
65
63
43
74
22
20
19
48
93
63
56
48
51
52
70
62
70
28
22
58
74
62
66
54
71
67
36
29
54
36
27
36
42
39
40
60
41
56
53
27
72
40
33
42
35
46
46
80
27
51
56
41
56
59
54
24
32
41
29
48
72
59
56
58
42
65
40
54
33
69
33
64
53
20
42
86
54
30
43
36
87
45
36
35
36
31
36
57
37
22
28
47
71
84
37
58
37
42
22
49
48
27
20
35
14
41
29
30
49
40
29
51
73
74
72
36
80
68
29
31
61
37
65
68
92
35
46
41
24
34
39
61
62
61
33
74
72
51
28
38
35
46
76
45
34
48
32
43
47
27
20
39
72
42
51
24
23
50
30
33
51
33
26
28
43
33
53
61
58
37
61
40
91
69
22
26
34
40
45
46
49
36
49
66
72
32
23
25
27
37
34
73
51
37
44
42
37
45
14
17
