4
2
6
2
4
2
6
4
2
4
2
4
4
4
6
13
2
6
6
2
5
4
4
4
4
6
6
4
2
8
6
4
4
4
4
4
4
4
4
2
4
4
2
2
4
4
6
4
5
6
4
4
10
6
11
4
4
8
5
4
10
5
2
5
2
4
7
4
6
8
4
6
2
2
2
4
6
4
4
4
4
3
8
4
4
4
2
6
4
65
5
6
5
10
6
4
2
2
8
2
6
4
6
8
9
4
8
10
6
4
6
7
7
4
4
8
6
6
13
6
6
6
6
13
6
4
6
4
6
8
6
4
13
6
2
4
4
8
11
9
13
15
9
6
4
7
8
9
6
9
6
6
11
7
6
4
6
4
4
4
4
2
4
5
9
6
12
9
6
5
6
6
6
8
11
9
7
11
4
6
4
7
10
7
9
15
9
7
4
9
8
9
6
6
8
4
11
8
7
10
7
4
2
8
6
11
8
6
6
5
6
8
12
8
5
6
5
11
4
8
6
6
4
8
4
6
5
6
6
2
6
4
8
2
7
7
48
4
3
4
8
5
7
11
8
4
6
4
8
9
10
5
2
4
5
6
2
11
6
5
4
6
4
9
3
11
4
2
2
8
4
4
6
4
6
6
5
4
4
6
5
2
4
7
4
5
6
5
