5
7
9
3
1
5
1
9
5
15
9
3
3
3
5
11
11
9
3
3
1
5
9
5
5
5
3
3
1
3
1
7
7
9
5
7
11
3
5
3
9
5
7
9
5
5
7
3
7
1
0
3
7
9
9
1
3
5
5
5
5
7
3
13
3
7
3
3
5
7
1
5
9
11
7
5
5
3
9
7
5
7
13
0
3
5
1
3
9
7
13
5
7
7
7
5
5
13
1
3
3
9
3
5
3
3
5
5
3
7
9
3
5
3
3
3
7
3
3
9
11
1
5
5
7
3
3
3
9
11
7
5
5
7
3
3
3
3
5
1
13
3
9
1
0
5
1
1
3
7
3
5
7
3
9
7
7
11
7
1
3
1
3
7
13
7
3
3
5
7
13
7
9
5
11
3
7
5
7
5
5
13
7
11
7
7
7
3
5
3
9
1
5
13
5
7
5
1
11
9
11
3
5
1
1
5
0
5
3
11
11
9
0
3
5
3
5
9
3
7
5
7
9
3
5
5
3
5
5
3
5
5
5
5
7
3
5
7
7
5
5
11
7
5
7
7
0
1
7
5
5
3
5
12
11
3
3
5
5
9
3
5
9
3
15
3
1
0
5
3
5
7
1
1
7
9
7
1
1
5
9
1
1
3
3
3
9
3
