0
3
6
2
5
5
4
4
5
4
6
3
6
4
7
6
4
2
4
2
3
6
0
4
5
15
7
4
7
4
4
4
4
3
5
7
7
5
7
4
7
2
4
11
3
2
4
11
2
2
9
9
3
0
4
13
23
2
4
5
6
4
5
6
5
2
6
0
5
7
2
4
7
6
2
2
0
6
0
13
4
3
2
9
4
2
4
2
2
4
9
9
0
0
4
6
7
9
6
13
5
7
7
11
6
4
4
0
3
5
2
13
15
4
4
4
6
5
13
13
5
0
7
2
5
6
5
2
4
3
4
5
2
2
11
9
2
4
3
4
7
4
4
2
0
4
15
6
5
0
15
4
9
2
11
7
6
4
5
0
4
9
3
4
2
4
6
6
4
3
6
2
9
2
2
2
9
4
2
4
11
7
11
13
2
4
2
4
0
2
7
2
2
5
5
2
7
9
4
7
6
7
7
6
0
7
5
9
2
2
7
2
11
2
4
11
6
2
6
5
7
4
6
3
6
6
2
4
3
4
0
2
9
5
5
0
5
2
4
6
6
4
9
2
5
3
5
3
5
6
0
6
0
2
11
5
3
0
9
6
6
4
9
4
5
3
4
3
4
6
9
2
2
4
5
4
7
6
2
6
9
5
2
2
2
2
5
3
