19
6
6
19
6
10
6
13
6
6
6
12
17
6
4
2
14
4
6
8
10
4
6
17
15
8
12
8
8
2
8
6
12
4
8
4
4
8
10
13
6
8
12
12
4
4
6
8
12
17
10
12
15
13
6
10
6
8
8
12
12
10
10
13
10
10
10
15
6
12
17
17
14
17
15
14
8
25
12
8
15
8
15
10
12
8
8
12
10
10
6
17
17
21
12
10
12
10
15
10
13
8
15
6
8
15
6
13
21
25
21
15
19
6
13
10
23
27
31
23
19
33
27
13
27
29
27
13
23
21
27
17
15
35
21
6
10
15
13
12
15
4
29
12
15
46
23
13
12
12
25
23
21
27
15
10
15
8
8
12
23
6
10
13
8
6
11
13
25
25
10
8
10
12
17
12
21
23
12
15
19
17
23
19
6
62
13
11
6
19
12
8
6
13
23
27
10
10
8
23
10
23
8
21
23
12
13
21
13
8
10
17
13
11
8
8
8
17
23
21
19
10
17
19
21
54
15
13
17
12
10
6
19
8
6
19
15
12
6
6
12
19
8
6
19
8
6
12
10
11
6
13
12
4
8
8
13
4
6
13
4
21
15
8
8
17
6
11
12
10
13
13
13
8
23
19
8
6
6
15
17
8
17
10
8
10
12
10
