34
3
3
1
6
1
1
7
1
0
4
1
1
5
1
0
3
3
1
1
3
1
5
3
17
3
0
0
7
3
1
1
5
5
5
5
1
3
1
3
1
5
3
7
5
0
7
1
1
2
5
5
1
1
1
1
9
3
5
5
7
3
4
3
1
1
1
0
3
5
1
7
5
3
5
19
1
7
3
1
5
5
3
5
7
5
0
3
1
4
2
1
1
5
2
6
5
3
6
5
3
3
1
0
1
1
1
5
3
1
3
3
7
3
5
3
5
4
1
7
5
3
1
4
1
2
5
7
3
5
1
1
5
5
5
1
3
5
3
1
3
2
1
3
3
6
7
1
1
3
3
1
3
3
1
1
1
2
0
3
7
1
3
5
1
4
3
3
3
3
0
1
5
7
5
3
7
5
1
7
3
3
30
3
3
1
3
1
7
5
3
6
3
5
3
5
1
3
3
1
5
5
0
0
3
3
1
3
1
1
5
3
5
1
1
2
7
1
1
3
6
3
5
3
5
1
1
1
3
7
5
23
3
3
1
7
3
1
3
5
23
1
5
7
4
1
3
3
1
5
1
3
3
1
0
5
5
1
5
5
5
5
3
3
3
3
3
3
3
1
3
3
1
2
1
3
3
23
4
1
7
5
5
3
5
7
5
5
