10
18
14
28
8
20
20
16
12
18
10
22
16
30
6
20
12
10
10
20
14
22
38
28
20
18
8
28
26
22
18
22
14
12
20
14
24
16
18
14
20
12
16
24
22
4
10
14
28
22
16
10
12
22
20
26
28
14
20
14
8
22
20
16
20
12
18
18
12
16
8
16
16
10
20
16
16
20
24
16
20
8
14
14
14
14
16
18
24
6
26
12
26
20
26
14
12
26
28
20
14
22
32
12
12
14
20
16
20
16
14
26
6
22
14
16
16
34
12
16
18
20
14
8
20
14
22
6
30
30
18
18
18
12
30
12
10
18
22
20
24
16
20
6
18
12
22
12
16
12
12
24
18
26
22
28
28
8
34
18
34
30
26
32
34
14
34
18
24
24
36
14
34
10
16
18
16
21
22
8
6
20
32
26
22
14
26
16
14
30
14
30
16
12
22
14
16
12
22
24
18
20
18
16
24
22
24
22
18
20
10
12
24
16
24
18
14
16
10
22
12
20
20
22
14
24
18
22
10
18
20
12
22
20
24
24
30
20
12
18
26
16
22
18
12
26
24
16
30
14
14
14
14
20
14
6
18
24
16
8
12
18
10
16
24
12
22
22
16
18
32
34
12
22
30
14
22
36
20
20
24
22
18
6
26
28
24
16
