0
0
0
0
0
0
0
0
0
0
0
0
0
0
0
0
0
0
0
0
0
0
0
0
0
0
0
0
0
0
0
0
0
0
0
0
0
20
26
15
18
38
32
23
13
18
22
6
8
5
11
6
10
13
20
11
22
11
7
7
17
10
18
9
18
12
10
34
15
17
7
4
11
4
15
13
12
18
14
15
15
14
14
17
10
6
6
8
25
10
29
5
15
5
18
21
24
8
6
14
18
12
13
13
17
11
35
10
9
5
12
11
9
12
13
11
17
28
3
26
3
9
11
10
11
15
12
10
9
22
6
26
7
7
9
6
10
14
9
13
11
16
6
10
7
7
15
11
12
8
13
14
10
10
14
11
11
9
7
4
6
8
11
3
13
7
13
12
5
11
13
7
22
11
12
10
7
9
22
8
25
9
4
4
14
16
7
10
6
9
16
4
5
20
7
24
7
27
12
8
10
20
12
14
4
9
5
9
32
10
11
12
10
13
15
8
22
10
8
8
44
10
6
7
12
5
11
7
8
8
5
5
9
13
6
10
8
4
5
12
8
16
4
5
6
4
9
14
10
16
11
10
11
6
7
4
9
7
10
6
11
6
12
5
6
0
0
0
0
0
0
0
0
0
0
0
0
0
0
0
0
0
0
0
0
0
0
0
