4
8
2
2
2
4
2
6
2
2
2
6
6
4
4
4
2
2
4
2
4
2
2
4
2
0
6
2
4
2
2
4
6
2
4
4
4
4
2
10
4
4
2
4
6
2
6
2
8
4
6
2
2
8
2
6
2
8
2
4
4
7
6
6
2
8
4
6
4
8
2
4
4
6
2
6
12
8
2
8
2
6
8
8
2
2
2
6
2
4
4
6
2
4
4
8
2
8
4
4
8
11
6
0
2
8
4
6
6
0
6
6
6
8
4
6
6
0
8
4
8
6
4
4
8
2
2
6
4
6
4
10
6
12
2
6
4
72
4
6
6
6
6
6
8
8
7
6
6
6
2
6
0
6
10
17
2
8
4
7
7
4
8
8
2
4
4
2
2
4
6
4
6
6
6
2
6
2
8
6
2
4
4
12
0
8
4
6
0
4
6
10
2
2
6
4
10
8
4
8
6
4
6
2
4
4
4
4
6
6
2
2
6
4
2
4
2
2
4
4
2
4
2
0
4
2
6
2
0
4
2
2
6
2
7
4
4
4
2
2
2
5
6
6
8
7
5
4
4
2
4
2
2
4
4
6
4
4
4
0
8
2
2
6
2
4
6
2
2
4
2
2
2
2
4
4
4
2
6
4
2
2
8
4
4
4
6
6
