73
93
75
38
40
29
42
44
28
45
93
39
92
85
45
40
48
24
29
35
48
42
96
29
90
94
91
40
76
29
39
32
28
44
50
44
64
81
30
48
23
31
69
49
29
71
93
43
66
98
52
26
47
32
38
26
48
84
94
88
42
70
60
26
32
27
40
43
29
39
81
42
82
95
37
42
36
24
29
42
24
45
79
45
94
54
48
31
47
28
23
40
41
44
93
41
41
81
88
35
25
14
32
47
60
72
81
24
94
93
85
36
52
31
30
28
40
41
48
43
90
64
70
41
34
43
42
45
27
39
55
38
31
27
36
23
32
21
19
60
35
24
29
24
30
36
37
24
24
19
36
34
36
46
39
32
75
36
45
40
28
27
21
17
32
29
81
20
26
75
41
35
58
21
35
28
47
47
39
29
67
46
29
29
41
29
30
44
44
28
36
33
23
15
22
19
50
30
35
25
26
22
62
27
29
40
27
18
41
22
28
71
33
41
72
42
23
17
25
33
26
37
41
63
89
84
93
47
45
43
33
23
36
22
22
24
18
16
28
16
26
22
20
20
19
22
19
21
14
22
21
19
18
25
20
15
27
20
22
17
26
23
19
17
19
24
29
21
24
21
21
24
22
13
17
17
17
27
18
28
23
19
21
19
12
24
20
20
