4
0
2
0
0
2
2
2
0
0
2
0
4
4
4
0
0
6
2
0
2
6
2
2
4
0
0
4
2
0
0
2
4
0
2
0
2
2
0
0
2
0
4
4
2
2
2
2
4
0
4
0
2
0
2
0
0
2
0
2
0
2
2
6
2
2
0
4
0
0
4
0
6
4
0
2
4
0
2
0
2
0
2
2
2
2
0
20
0
6
0
0
4
6
0
2
4
2
0
0
0
2
2
2
2
6
2
4
2
2
2
0
4
4
0
0
2
2
2
0
2
2
0
4
6
0
2
2
2
2
2
4
0
4
4
0
0
2
0
4
0
2
0
2
0
4
4
2
4
2
2
6
0
0
20
2
0
6
6
2
0
2
2
0
4
4
6
2
2
2
0
6
0
2
4
2
0
0
2
2
2
0
0
0
4
0
6
2
6
2
0
0
8
2
2
4
0
2
0
2
4
4
4
2
2
8
0
4
6
0
2
0
4
2
2
4
0
0
2
17
0
2
0
2
2
4
2
8
2
16
2
0
0
4
4
0
4
0
0
2
0
2
8
0
2
4
0
2
0
2
4
0
2
2
2
2
2
20
0
2
4
0
2
2
2
2
4
2
0
0
0
4
2
0
2
4
6
0
4
4
0
2
0
4
0
0
0
0
