6
7
0
0
4
2
6
3
2
6
8
8
7
8
12
8
6
8
5
8
8
8
14
8
10
8
4
4
11
8
6
8
6
73
8
2
8
6
2
8
8
10
6
0
8
6
8
4
12
2
2
2
2
6
6
4
8
6
8
6
8
6
6
8
6
10
4
8
10
15
6
12
17
4
0
2
6
4
10
12
6
4
4
2
4
8
4
10
4
6
6
4
0
8
82
2
4
10
4
0
4
6
6
8
6
8
0
2
2
4
6
6
4
0
2
6
8
6
7
6
2
10
2
6
10
6
8
4
2
6
2
2
0
8
8
4
10
6
8
6
4
4
6
2
8
4
8
8
6
4
6
17
8
8
4
6
8
6
2
6
0
6
5
4
2
6
8
6
6
6
8
6
4
6
0
6
2
2
6
6
2
8
0
4
4
2
8
8
2
2
8
4
4
2
2
4
8
6
4
19
4
2
8
6
0
88
10
2
4
8
4
0
4
6
4
6
0
4
8
7
6
4
4
6
4
2
2
2
2
4
11
9
7
6
7
2
4
13
0
9
4
11
2
2
10
2
4
2
6
7
8
4
2
4
2
2
0
4
0
6
2
0
2
0
0
0
5
65
5
6
84
6
6
2
4
7
6
4
2
2
11
6
4
2
10
2
8
2
