6
8
8
5
11
6
7
6
6
6
11
2
15
4
6
6
8
8
5
10
10
4
13
9
11
8
8
15
6
7
8
9
9
9
8
6
11
6
6
4
17
15
7
13
15
7
15
9
19
4
13
11
10
19
13
11
13
4
9
6
22
6
13
6
15
4
9
11
7
15
19
8
17
6
6
4
10
4
8
9
17
9
13
19
11
9
25
11
3
17
11
8
10
8
9
7
12
4
18
22
9
13
9
12
15
17
7
17
9
19
13
11
8
6
13
11
13
15
11
27
8
15
15
21
15
9
13
11
21
6
11
6
7
16
10
11
8
0
2
0
11
11
10
7
23
17
13
21
9
8
10
13
6
17
8
17
23
13
6
31
23
9
15
19
9
11
15
0
0
2
17
6
7
18
11
84
7
25
17
6
17
8
21
17
12
13
11
19
9
8
10
19
19
11
11
18
23
6
15
11
4
17
6
13
7
10
17
8
21
13
17
15
23
6
17
10
6
11
11
2
15
4
9
6
8
6
7
18
17
17
17
4
13
13
14
5
24
7
15
11
19
6
23
17
8
9
8
6
6
8
13
11
10
12
17
4
4
9
15
21
21
11
11
15
25
9
11
7
9
6
4
9
20
4
19
8
19
15
11
13
21
8
11
13
8
10
9
8
