8
8
12
14
32
19
20
11
10
15
13
20
23
9
7
13
10
20
13
16
10
27
14
13
18
13
10
13
17
16
15
17
19
10
6
17
5
10
32
10
16
14
12
14
15
16
19
16
10
21
19
12
7
14
11
33
16
8
8
18
17
13
14
33
16
17
17
27
13
18
23
25
12
23
19
14
14
38
0
0
0
0
0
0
0
0
0
0
0
0
0
0
0
0
0
0
0
0
0
0
17
10
18
12
12
23
19
9
39
52
37
25
34
29
22
22
34
14
21
17
32
18
20
41
25
25
23
28
25
69
23
18
10
15
28
15
12
15
19
21
19
20
25
14
23
26
13
35
13
33
1
3
0
0
0
0
0
1
1
0
3
1
3
5
0
1
3
0
0
1
3
14
23
34
15
19
38
19
14
34
27
18
23
27
14
27
23
29
23
32
32
28
14
32
27
22
9
21
28
18
17
12
26
36
40
32
37
21
29
12
31
25
29
17
34
26
15
22
8
23
10
34
23
32
18
36
10
29
33
10
13
17
22
17
23
13
12
40
25
25
18
15
13
12
30
21
32
17
5
12
10
10
13
22
10
10
6
31
19
15
10
35
14
22
13
26
28
11
12
8
17
33
20
13
13
25
34
5
9
18
16
10
14
15
10
17
7
8
