2
4
2
11
4
6
2
6
2
6
8
4
6
6
8
6
6
0
0
0
4
8
4
8
8
0
6
6
4
2
6
0
6
7
4
0
17
6
4
4
12
6
6
0
4
8
6
2
6
8
2
6
0
6
6
4
4
4
2
7
6
4
8
6
2
8
4
4
2
6
2
2
6
6
4
8
10
2
4
0
4
2
4
2
0
6
6
2
4
4
2
2
4
6
6
2
2
6
6
4
2
0
2
6
47
8
2
6
0
4
69
4
2
8
8
4
10
4
8
8
8
8
2
6
6
0
2
6
10
18
2
2
2
6
10
8
4
6
6
6
6
6
6
2
6
35
10
6
2
2
2
6
4
2
0
6
6
4
8
0
13
8
2
8
4
6
4
8
0
6
5
6
2
2
4
6
2
2
2
0
10
0
95
8
6
0
5
2
8
0
10
2
6
0
7
5
0
2
0
2
0
0
85
4
0
0
6
0
0
4
10
2
4
4
4
8
4
0
6
0
0
6
0
2
0
4
6
4
4
0
0
2
0
2
2
4
0
8
4
37
4
2
2
4
6
4
2
2
11
4
0
4
2
2
4
0
39
4
11
4
2
0
2
2
2
6
8
0
4
0
15
4
2
2
9
4
9
2
2
6
5
4
4
2
2
2
4
2
