0
0
0
0
0
0
0
0
0
0
0
0
0
0
0
0
0
0
0
0
0
0
0
0
0
0
0
0
0
15
2
2
9
4
2
4
9
4
4
2
11
2
4
4
0
5
4
13
2
2
13
4
5
7
2
4
4
9
15
7
2
9
5
5
11
7
23
5
5
5
9
7
11
2
13
4
23
11
7
6
7
11
9
9
13
5
11
4
4
13
7
11
9
2
4
5
7
5
5
5
13
4
9
5
9
4
5
4
7
5
4
7
25
13
15
5
5
11
11
11
7
25
13
15
7
15
4
5
15
13
11
7
15
9
5
15
7
11
15
13
5
4
9
2
13
23
9
15
4
13
3
19
13
11
2
5
13
7
7
17
4
15
9
11
7
9
9
5
17
19
11
15
15
17
13
15
11
5
11
43
19
9
9
15
11
13
9
17
5
15
21
9
17
15
7
4
13
15
4
17
17
13
19
11
5
17
5
11
5
13
19
5
4
7
11
9
15
2
13
4
15
7
4
15
5
11
5
4
11
9
17
9
4
13
2
11
4
7
7
7
3
7
4
13
13
15
9
9
9
3
7
15
11
4
4
9
7
17
15
5
7
17
11
7
11
7
11
2
5
5
4
5
5
5
7
5
7
3
7
5
5
2
5
5
11
11
2
7
