0
70
6
2
3
4
2
4
6
6
2
4
2
4
8
6
0
2
55
6
6
3
0
4
6
4
2
2
4
5
12
2
4
2
6
4
6
2
6
4
4
4
0
4
2
6
6
8
10
6
0
3
2
4
4
0
6
4
6
60
6
3
8
8
6
4
4
4
2
0
2
2
4
2
2
0
6
4
8
0
2
6
2
6
2
4
2
6
10
6
2
2
4
2
8
2
6
6
0
2
2
0
4
4
4
2
4
4
4
0
5
6
5
0
4
17
3
6
6
2
4
4
4
2
4
4
6
2
4
2
0
11
2
90
0
2
2
0
2
2
6
2
2
6
4
0
4
6
6
2
0
5
3
0
2
6
2
6
0
2
0
4
0
0
2
4
2
2
2
6
2
5
10
4
0
0
5
2
0
2
0
2
0
4
2
6
4
1
0
6
0
2
2
4
2
8
8
0
10
0
0
8
11
2
4
6
2
6
3
4
2
2
6
6
4
6
4
6
0
4
7
4
10
6
4
4
2
4
2
2
2
0
0
36
0
7
6
6
5
7
0
6
2
84
7
0
7
7
2
9
0
8
2
6
0
2
2
2
27
6
4
88
6
2
4
8
6
4
6
5
8
0
4
2
0
65
0
6
0
4
6
4
8
2
6
2
8
6
