6
2
2
6
4
6
4
4
2
4
4
0
2
4
12
2
2
2
2
2
4
44
6
8
4
0
4
2
4
8
2
2
0
10
2
8
4
0
4
2
8
8
10
4
4
4
0
4
0
2
0
2
0
6
2
2
2
8
2
2
0
14
10
8
2
12
0
2
4
4
4
0
4
0
4
4
2
2
4
38
8
2
4
4
4
2
2
2
12
0
6
4
4
10
16
4
4
8
2
4
12
2
8
6
2
4
6
6
6
8
4
4
4
2
4
6
6
6
6
4
2
10
2
0
2
29
0
2
4
19
8
0
4
2
2
8
4
4
2
4
8
8
6
2
0
2
2
8
10
2
6
2
8
8
2
4
0
12
2
10
4
2
4
6
10
4
6
12
0
4
12
2
4
2
2
4
4
4
4
2
2
10
10
6
8
4
4
6
12
6
4
4
12
6
10
10
4
4
8
10
8
8
8
2
8
10
14
4
59
10
2
4
4
8
2
2
4
8
2
4
6
6
6
6
2
50
4
4
0
2
6
8
2
15
14
4
0
4
2
2
6
4
4
2
0
2
2
2
39
0
2
8
2
4
8
2
4
2
8
4
6
2
0
4
0
4
6
8
4
4
4
8
4
2
4
2
2
6
10
4
0
4
8
14
0
4
2
0
