0
0
0
0
0
44
42
37
0
0
0
0
0
2
0
0
32
61
46
56
34
2
0
0
0
0
0
0
66
66
0
29
43
0
0
0
0
0
0
0
37
38
17
44
45
57
0
0
0
0
0
0
43
40
41
42
44
58
0
0
0
0
0
0
9
26
35
41
89
48
0
0
0
0
0
0
24
45
0
0
65
82
0
0
0
0
0
0
76
64
26
68
25
75
0
2
0
0
0
0
57
0
43
32
0
0
0
0
0
0
0
0
38
0
34
3
54
68
0
0
0
0
0
0
52
61
26
45
40
0
0
0
0
0
0
0
16
34
46
31
44
2
0
0
0
0
0
0
21
36
51
18
24
26
0
30
34
0
0
0
2
16
0
0
8
0
26
28
32
18
22
20
30
0
1
0
0
0
0
0
0
0
0
0
8
22
49
23
4
17
0
28
35
16
0
51
5
27
28
7
16
0
0
25
22
10
32
30
44
0
0
0
0
0
0
0
19
16
30
0
21
39
0
34
20
0
22
0
0
27
0
0
0
3
20
22
31
13
0
36
19
18
0
6
0
17
0
0
0
0
0
0
0
0
0
0
41
19
39
14
19
0
27
2
34
21
18
0
4
27
18
0
8
1
4
22
0
4
20
18
10
26
28
0
0
0
0
0
