16
6
19
12
19
10
19
23
20
16
23
8
16
12
37
12
16
35
23
21
19
20
21
27
16
14
23
14
53
21
10
19
12
18
37
27
10
14
14
16
14
12
21
16
8
16
21
33
19
21
16
33
23
29
18
8
19
25
16
17
14
12
6
10
12
12
14
12
10
12
20
16
20
37
23
29
18
10
17
6
9
16
14
12
10
17
23
10
14
17
14
25
8
25
14
14
10
12
23
10
23
23
19
25
29
35
23
20
31
20
33
29
17
19
12
21
19
19
29
33
20
14
18
16
21
25
16
25
27
39
23
14
23
10
31
14
39
16
25
31
47
10
16
20
47
44
33
23
15
12
8
6
29
14
39
12
18
29
53
14
33
14
8
27
12
12
14
12
33
25
25
16
21
19
29
31
10
18
20
14
21
12
18
29
33
17
6
18
45
14
19
16
23
21
16
2
19
20
19
33
10
33
27
8
31
18
13
33
29
19
12
35
31
19
16
12
4
41
31
25
12
19
25
17
12
31
19
19
18
19
29
23
18
10
29
6
18
37
21
41
16
33
21
18
23
17
16
27
14
12
12
14
10
19
10
14
23
14
27
14
23
29
16
14
17
14
27
29
12
14
6
29
10
17
14
10
14
6
6
8
21
8
6
16
10
10
43
12
