10
7
10
6
10
7
5
5
2
5
10
6
9
7
2
5
4
5
6
6
10
4
7
9
5
50
27
5
6
6
8
7
5
2
8
8
5
7
6
5
7
7
7
7
6
6
15
6
12
6
9
8
13
7
10
38
22
27
38
18
9
10
9
4
10
9
11
17
9
12
11
16
9
9
9
12
12
11
34
41
21
6
16
16
13
3
8
10
12
10
8
11
8
12
7
10
9
14
12
7
10
10
9
10
27
24
29
8
10
11
12
9
13
12
10
16
2
12
20
8
14
8
7
8
9
13
10
12
10
11
8
8
15
1
14
18
36
7
7
15
4
8
15
9
15
9
11
10
17
9
11
11
6
13
15
16
3
10
11
9
12
15
10
13
7
8
24
22
25
25
13
14
11
13
8
18
11
8
19
13
14
20
10
16
10
14
11
12
17
7
16
13
14
11
11
15
19
24
8
8
16
12
16
21
13
11
11
17
16
13
19
5
2
1
13
9
11
7
11
9
10
14
11
11
11
14
13
9
10
13
10
27
24
27
34
11
13
8
10
14
14
29
13
11
14
13
16
13
13
1
27
2
16
13
14
14
11
16
11
13
10
10
15
17
16
11
9
22
10
14
12
14
10
10
17
17
20
20
27
25
23
6
15
10
10
14
18
11
