31
35
66
78
34
58
30
47
31
38
57
38
26
37
70
58
46
27
32
38
31
24
42
37
27
32
70
50
27
52
35
48
20
31
63
36
46
47
47
49
33
45
31
34
35
24
50
33
39
88
45
49
51
40
42
46
29
28
58
32
31
30
40
32
48
34
38
38
31
20
35
43
33
33
67
57
44
33
26
27
28
26
93
47
32
37
38
32
38
42
31
74
29
30
67
41
30
33
37
50
70
33
35
28
32
33
66
37
39
45
48
35
34
50
44
36
33
32
32
38
29
34
48
43
65
25
29
52
23
24
41
26
30
23
53
45
26
43
21
25
23
19
38
41
30
31
35
43
39
41
27
29
22
14
33
24
26
31
50
41
47
42
33
17
24
24
63
26
30
28
43
68
33
27
44
30
23
18
20
26
37
18
39
45
27
51
44
30
25
30
22
39
26
19
25
19
23
24
26
47
20
24
35
29
24
24
44
36
33
32
45
26
31
31
31
35
18
23
24
29
28
32
31
32
32
33
44
51
42
40
31
45
39
28
23
32
19
19
26
25
32
21
47
40
49
28
28
24
25
20
23
31
27
36
30
43
30
31
33
26
22
19
23
41
34
29
39
54
50
34
25
36
25
23
25
29
35
35
41
22
28
25
34
39
22
17
28
41
