55
86
64
87
50
68
35
40
42
88
87
87
79
68
51
83
81
46
31
66
53
83
85
66
85
89
81
86
86
78
38
87
44
81
89
76
79
92
91
90
93
89
77
59
44
89
68
89
81
92
85
82
84
90
88
41
45
61
75
91
66
73
89
89
91
49
65
47
44
53
86
76
87
55
88
88
75
51
40
47
40
73
91
68
86
83
89
69
96
71
54
80
66
87
71
71
48
72
92
90
90
88
87
47
45
89
86
89
82
88
79
73
90
77
87
85
42
90
31
75
87
43
88
87
46
67
73
41
29
79
78
56
67
63
46
64
46
54
54
45
44
97
69
72
82
68
89
85
48
43
68
33
31
75
75
68
46
48
87
83
46
42
59
81
38
41
86
91
91
81
88
76
71
40
42
42
41
53
85
64
86
88
87
81
42
41
67
44
31
37
41
86
29
75
37
87
52
89
68
77
36
35
73
76
90
68
84
78
82
80
85
31
38
79
64
60
33
26
76
60
85
86
80
70
39
63
90
87
81
54
35
54
54
51
58
36
39
35
43
54
34
35
39
40
46
38
31
34
31
31
74
44
29
53
69
38
69
67
46
29
33
44
50
55
43
46
71
50
69
51
46
31
26
38
45
43
43
75
50
75
42
65
49
31
25
41
57
40
