2
6
15
13
6
8
4
10
4
4
6
6
4
4
8
4
10
6
6
6
6
6
96
8
4
4
6
4
19
10
8
6
8
4
10
4
6
6
12
6
8
14
13
15
10
4
8
10
10
4
4
12
12
6
8
6
11
6
8
4
10
6
6
10
6
8
8
8
7
6
15
7
6
4
4
4
6
9
8
4
12
12
8
8
8
4
6
13
6
10
15
10
6
4
6
6
2
13
10
6
8
4
12
23
8
14
9
6
8
8
6
10
10
8
8
4
8
4
5
10
10
10
10
10
8
8
6
8
10
8
9
4
4
6
6
10
5
6
6
8
12
10
8
2
4
8
10
10
10
8
6
10
7
8
6
8
12
6
8
10
7
2
9
10
9
21
11
6
6
4
6
8
6
8
8
8
4
2
12
6
12
4
6
9
6
12
13
4
8
6
8
8
10
7
6
10
10
12
6
50
5
13
11
10
6
11
11
13
4
6
6
9
4
5
7
10
10
7
7
4
15
7
9
11
9
8
4
7
6
7
7
4
6
4
7
5
5
4
8
8
6
5
11
9
9
7
7
11
8
15
19
9
8
6
7
9
6
5
23
7
4
10
6
8
8
7
6
10
2
7
6
9
5
13
5
10
9
8
4
6
10
9
7
9
8
8
8
10
