0
0
6
2
2
0
2
4
6
4
4
4
4
8
4
2
0
2
4
4
0
2
0
2
6
2
4
10
2
2
0
4
4
4
22
4
2
6
0
4
4
0
2
23
2
0
6
2
0
0
0
0
2
23
4
4
2
6
0
2
4
4
2
2
4
8
6
2
4
0
17
4
4
2
0
6
6
2
0
2
4
2
6
4
17
2
6
8
0
6
2
2
2
4
2
0
2
2
0
4
6
6
6
6
4
6
2
2
4
2
0
6
0
2
6
6
0
4
2
4
2
4
6
0
0
4
4
4
2
2
6
0
4
2
4
0
2
4
12
6
4
2
21
2
4
6
2
2
2
6
4
21
2
0
4
2
2
2
2
0
2
0
6
8
2
6
0
2
2
4
8
2
6
19
2
2
0
4
4
2
15
4
8
2
6
0
2
2
0
4
0
22
2
6
8
2
0
4
2
2
4
2
8
6
4
2
4
4
6
6
2
0
2
2
6
2
2
4
4
2
2
2
15
4
2
8
4
0
4
4
2
0
0
6
2
4
2
2
2
2
0
6
2
2
0
2
6
0
4
2
2
8
8
8
4
2
2
4
0
0
4
0
4
4
4
4
4
2
2
2
4
4
6
4
6
4
4
2
2
2
2
2
4
4
4
4
0
4
