2
0
0
2
2
5
0
2
2
2
2
2
1
0
4
3
5
8
5
4
3
5
0
1
2
2
2
1
0
3
0
0
15
0
7
0
4
2
2
0
0
3
3
2
0
4
0
2
2
12
2
2
0
0
0
3
0
0
1
0
5
17
2
2
3
5
5
0
0
4
0
1
4
16
0
4
1
2
0
5
0
2
2
0
0
2
1
10
0
7
2
2
1
3
3
2
2
0
2
2
4
7
0
1
9
1
1
6
3
3
4
2
2
8
7
0
8
0
0
4
0
0
0
2
10
4
1
0
9
0
2
6
2
5
0
2
1
0
3
2
0
5
8
1
14
0
0
7
1
0
3
0
8
10
0
3
4
0
8
3
0
1
2
6
1
3
5
0
7
0
5
4
2
0
3
6
3
4
2
2
0
3
0
1
2
0
0
0
1
1
2
1
0
0
1
2
7
1
0
4
0
7
2
0
2
4
0
0
0
3
12
0
10
4
2
2
0
2
0
0
0
3
0
2
3
3
3
2
2
1
5
3
3
2
4
5
1
5
0
2
0
1
0
0
2
2
8
0
3
1
1
3
0
2
0
2
0
1
2
0
1
2
0
1
0
1
0
3
3
3
4
2
0
0
0
2
0
2
4
3
1
1
3
0
3
6
2
2
