0
0
0
0
0
0
0
0
0
0
0
0
0
0
0
0
0
0
0
0
0
0
0
0
0
0
0
0
0
0
0
0
0
0
0
0
0
0
0
0
0
0
0
0
0
0
0
0
0
0
0
0
0
0
0
0
0
0
0
0
0
9
9
15
11
13
10
8
13
17
13
8
11
29
6
21
9
17
15
13
12
19
4
15
21
6
17
23
8
10
27
8
17
8
15
11
12
23
27
23
25
27
13
12
11
6
30
42
23
24
13
27
29
27
27
21
29
15
42
27
26
9
15
27
20
25
45
17
25
36
8
13
25
40
21
40
29
45
25
8
19
12
13
11
15
53
41
17
53
35
15
34
0
0
23
53
19
10
55
30
32
24
40
26
8
21
10
38
6
48
16
11
24
13
50
46
57
21
17
50
35
72
69
34
25
11
46
13
27
35
9
54
13
34
32
40
25
17
42
30
11
39
19
17
0
38
30
13
11
31
38
10
21
22
17
27
10
13
21
21
10
15
19
21
19
11
34
11
47
11
22
13
23
8
7
15
23
15
17
33
31
14
29
15
35
44
9
62
4
6
10
21
7
4
6
9
4
6
9
16
35
5
6
7
8
9
9
5
11
4
4
5
6
2
6
32
8
6
5
4
6
4
6
6
6
6
4
8
