25
28
23
29
29
32
19
27
47
32
24
10
38
11
22
21
23
37
27
13
40
28
29
50
76
21
8
31
34
15
21
23
22
30
38
19
34
27
53
48
51
57
72
46
26
77
27
68
81
70
63
77
59
73
77
75
71
68
33
76
87
34
36
49
47
62
35
44
39
42
76
39
63
62
47
68
39
81
43
79
63
34
60
76
55
63
65
44
45
37
28
37
64
47
75
65
54
60
53
80
79
57
60
65
65
65
63
59
72
62
33
51
69
67
74
26
62
70
65
63
54
58
86
45
65
52
69
64
84
73
60
59
41
77
70
76
60
52
81
64
81
60
77
61
79
79
63
70
72
68
68
73
72
81
78
77
64
63
68
72
78
70
84
79
78
77
79
76
75
48
86
81
74
81
80
50
78
83
84
75
71
66
72
76
85
67
75
76
42
83
77
72
83
77
81
71
76
68
75
85
77
80
78
78
60
75
50
76
76
86
47
79
76
78
80
54
58
51
39
31
72
67
74
75
49
76
54
60
38
46
32
51
36
50
7
48
26
31
52
24
42
16
22
64
52
30
29
33
40
39
44
30
47
16
43
51
48
17
47
40
38
48
38
42
0
29
7
49
44
43
41
35
51
52
48
39
45
41
14
47
42
40
14
44
43
40
47
48
