16
16
17
38
18
8
17
31
12
49
38
23
26
28
27
38
22
30
3
21
17
24
22
16
13
0
0
0
0
0
0
0
0
0
0
0
0
0
0
0
0
0
0
0
0
0
0
0
0
0
0
0
0
0
0
0
0
0
0
0
0
25
29
16
28
19
42
31
31
25
24
27
32
41
69
24
20
58
20
31
52
21
12
24
14
25
22
21
44
17
27
31
26
20
19
31
11
26
20
26
33
35
31
26
20
28
19
24
26
24
38
30
36
26
33
37
30
30
21
37
27
22
39
34
28
17
19
18
23
26
44
16
17
22
16
18
31
38
12
22
24
19
25
31
16
34
16
9
14
25
48
54
16
20
0
20
25
18
37
29
0
22
15
19
22
24
18
18
11
23
31
19
12
8
9
8
29
38
20
32
21
12
14
24
18
24
17
41
13
19
19
21
12
28
18
13
18
23
23
11
15
26
14
22
15
18
13
18
15
20
11
15
20
12
0
13
40
48
30
8
17
29
36
38
57
12
20
19
14
20
22
18
16
27
28
24
14
22
20
21
16
27
15
21
16
18
16
21
8
7
17
20
38
15
19
24
17
20
16
17
13
14
27
15
29
18
16
26
22
19
13
20
21
18
29
22
14
14
19
9
20
13
16
25
34
14
17
10
