0
6
15
6
8
2
8
6
0
6
4
4
4
2
4
4
15
2
2
4
6
10
4
4
4
6
8
8
24
4
17
0
13
6
6
8
2
6
6
4
0
6
4
8
8
4
10
6
2
4
4
8
4
11
4
5
0
19
8
6
2
20
19
6
4
2
4
4
0
8
6
6
6
4
4
6
10
8
28
2
6
12
2
8
6
6
6
4
6
6
6
21
24
8
17
2
4
10
2
6
4
6
0
2
8
0
2
8
4
17
4
2
10
6
6
2
4
2
6
2
8
4
8
4
4
4
6
2
8
6
10
5
2
4
4
6
6
0
6
2
4
4
6
2
15
6
6
11
2
6
2
4
8
4
6
5
8
8
2
7
4
6
6
4
4
7
4
4
4
0
6
8
4
6
6
4
4
6
6
2
8
7
6
4
2
6
2
4
2
4
2
22
4
2
10
4
4
9
2
6
2
0
2
4
6
2
6
4
2
4
4
22
6
6
4
8
8
2
5
16
4
6
10
8
2
6
2
8
2
8
7
4
24
20
4
2
6
7
4
6
5
2
6
6
8
6
4
4
2
5
6
2
20
4
4
4
8
4
8
10
6
8
4
4
7
2
2
6
4
4
4
6
4
6
6
4
7
4
16
8
5
9
5
5
10
0
6
6
