11
0
0
2
2
0
19
4
25
4
2
0
0
1
0
5
0
0
4
7
0
4
0
4
0
0
11
4
0
2
34
1
0
2
0
2
7
0
0
0
0
50
0
27
0
4
0
4
0
7
7
1
0
4
0
3
7
0
0
71
7
53
2
0
0
2
27
0
25
79
71
29
3
5
6
0
4
5
3
34
2
4
75
5
84
31
7
2
0
13
6
23
0
14
14
0
0
0
9
6
5
1
11
24
0
7
0
2
0
0
2
3
0
2
3
0
27
4
0
0
0
58
1
3
0
0
0
0
6
3
2
0
0
2
6
0
0
2
0
2
3
0
3
0
9
3
0
4
0
0
3
0
0
6
0
0
0
34
4
2
0
0
3
2
0
38
2
11
0
2
4
3
29
2
5
0
4
27
3
0
11
3
2
5
0
0
0
28
0
7
2
0
0
0
2
2
0
0
0
0
2
0
0
2
0
0
2
0
0
1
0
0
0
0
8
8
0
0
4
0
4
0
0
3
5
33
0
2
0
0
0
2
0
0
0
0
9
3
0
3
0
0
0
5
0
0
0
0
0
0
3
5
0
0
0
0
0
3
1
0
0
21
0
0
2
0
2
5
0
0
0
0
52
0
0
0
1
0
0
0
0
0
0
0
3
0
0
0
