10
15
8
17
6
10
10
12
8
11
15
7
13
6
12
6
8
8
8
15
12
6
15
8
10
8
17
12
6
8
17
10
6
10
15
8
17
12
8
15
14
12
7
12
8
9
8
11
13
15
12
10
12
10
8
9
8
8
17
8
8
6
6
11
8
18
10
10
17
8
8
13
6
10
8
6
15
8
10
8
10
17
13
8
20
6
17
10
17
6
24
8
17
10
16
19
10
20
8
10
6
8
8
6
4
7
12
8
13
8
8
10
8
10
10
8
8
8
6
10
20
19
12
10
8
19
8
10
12
10
17
8
7
10
6
12
8
13
12
9
12
9
4
8
9
8
12
8
19
6
17
12
14
10
6
7
12
11
6
9
8
10
8
8
18
8
12
15
14
6
8
8
10
17
12
10
21
12
6
12
10
5
9
6
8
10
17
8
10
5
8
6
8
19
10
8
8
8
8
13
17
10
8
7
8
19
8
7
5
12
8
15
6
10
10
8
8
6
10
7
8
8
6
6
8
6
6
8
8
6
9
6
8
15
8
12
8
10
8
13
8
8
10
10
15
4
17
10
8
10
17
6
11
23
10
21
11
17
10
10
8
10
11
11
22
8
13
9
6
8
8
9
6
10
10
7
7
10
26
19
5
10
16
9
19
13
10
12
