17
23
19
15
18
19
19
19
21
23
17
21
19
21
19
19
15
19
19
19
23
17
17
19
15
19
19
17
19
17
19
21
19
15
17
17
17
19
21
19
15
21
19
19
19
19
17
15
15
19
15
17
19
15
25
21
23
17
21
23
17
15
19
19
15
23
17
17
21
21
19
25
19
21
21
13
23
21
17
19
21
25
17
17
19
19
21
15
21
23
19
21
15
19
19
15
19
19
23
21
21
17
19
17
17
19
17
21
19
21
19
17
17
19
21
17
17
17
21
21
19
19
23
15
19
17
17
19
17
19
15
21
19
19
23
19
19
21
13
19
17
19
13
21
23
17
17
17
19
23
17
17
19
21
21
17
19
19
17
15
25
19
19
17
19
17
21
21
21
19
17
17
21
21
23
19
21
15
19
19
19
17
19
17
17
21
15
21
21
17
21
19
9
11
23
17
19
15
19
19
21
15
19
19
21
19
23
15
17
21
19
17
19
19
21
19
17
19
19
19
19
21
17
13
19
19
19
17
15
21
15
17
15
17
11
19
23
17
19
15
17
11
11
13
15
19
17
19
17
15
19
17
15
13
13
15
19
15
21
17
19
19
21
17
17
15
19
17
17
15
17
17
17
17
19
17
19
13
11
11
13
17
15
13
15
13
21
13
