0
2
0
0
0
0
1
0
4
0
0
6
0
1
2
1
0
0
0
0
4
1
0
8
0
0
0
2
4
0
1
2
0
5
0
7
1
0
5
1
2
0
0
1
7
3
2
1
4
5
1
3
0
4
3
4
2
2
0
4
0
2
1
2
4
0
2
1
4
11
5
0
0
3
4
2
3
1
0
0
1
2
2
8
1
0
0
0
5
3
4
2
4
7
1
1
1
5
0
1
14
1
0
3
4
0
0
4
1
1
4
1
4
1
2
3
1
3
2
2
0
2
3
0
7
3
4
1
1
1
4
1
2
5
0
9
10
3
1
4
4
5
4
0
2
13
6
4
3
1
0
5
5
1
2
1
5
1
5
1
6
5
4
1
3
3
0
1
4
2
5
5
1
0
1
1
9
3
10
5
6
1
5
1
7
5
3
1
0
0
1
1
2
6
2
2
1
1
1
1
1
1
4
0
0
1
9
7
2
4
6
1
3
2
1
2
3
0
0
1
0
2
2
2
1
3
4
2
6
7
4
0
4
1
1
1
1
1
1
4
0
1
4
3
3
1
3
4
9
2
1
2
7
1
2
0
1
1
0
0
4
0
2
3
11
5
7
6
2
4
1
2
2
0
1
2
3
1
0
4
5
5
1
2
1
1
4
3
