25
0
18
3
28
1
25
36
25
1
35
39
62
37
5
6
40
40
14
20
50
37
39
41
1
40
32
38
38
0
26
25
19
29
23
20
37
5
62
37
3
16
36
34
29
21
22
14
33
14
40
26
15
14
38
23
39
5
16
3
17
23
22
1
20
24
38
1
21
29
32
6
21
30
22
12
26
25
0
17
33
1
25
10
17
14
22
1
19
21
14
32
20
29
34
19
26
25
7
17
27
9
29
32
21
10
39
43
28
27
32
39
0
34
18
3
27
20
0
21
26
18
10
18
3
19
34
40
0
12
12
15
14
14
1
18
18
31
11
23
29
0
19
0
13
0
34
16
25
1
21
42
18
14
17
12
14
1
14
31
22
15
34
26
27
5
15
0
34
1
10
1
38
22
3
27
30
18
9
4
23
25
53
1
0
14
30
25
26
1
20
6
40
0
20
37
0
22
12
19
1
6
16
16
15
14
0
22
14
30
0
20
20
3
20
20
19
1
18
12
3
0
1
26
1
19
24
3
24
27
10
13
1
29
24
15
17
22
24
13
10
28
16
26
12
3
1
14
0
6
25
28
3
30
3
24
10
30
3
15
14
1
29
12
0
29
30
30
19
3
1
14
9
12
1
28
31
9
13
21
17
8
0
30
31
22
0
2
