0
0
18
74
9
30
0
61
0
15
41
9
0
0
7
14
27
17
0
9
2
17
25
2
30
5
19
36
0
0
0
0
0
26
0
0
5
0
9
12
3
2
45
33
25
33
0
36
34
29
12
5
81
3
0
2
10
29
76
2
0
21
66
0
0
0
0
0
0
2
0
0
0
0
0
41
0
72
0
2
5
5
5
24
0
22
2
31
26
34
5
0
0
27
0
0
0
2
2
47
48
0
37
25
27
28
2
14
7
4
0
23
28
0
0
0
0
0
0
0
0
0
14
24
29
26
0
9
21
24
0
2
3
34
3
3
15
29
0
0
0
2
0
0
0
0
0
45
0
5
2
5
5
40
0
0
2
9
2
84
71
0
0
0
0
0
0
0
0
0
0
4
17
7
2
28
3
0
0
0
2
0
20
2
12
0
2
63
0
3
66
0
25
1
0
70
26
12
39
0
0
0
3
69
0
2
2
3
7
70
31
0
0
0
0
0
29
31
4
26
0
2
56
42
15
36
29
2
0
0
0
0
2
28
0
25
3
0
0
7
0
24
0
0
10
8
0
31
0
23
51
0
0
0
0
23
59
37
0
3
2
63
2
2
0
2
0
2
3
52
0
4
0
0
0
0
0
0
0
0
6
2
8
2
1
4
39
2
