17
11
9
7
3
15
9
9
9
7
11
13
5
11
9
11
7
13
7
9
7
5
5
13
9
9
5
5
13
13
11
9
9
5
13
7
5
5
11
7
3
11
9
27
5
5
11
17
17
5
13
7
39
17
27
15
17
9
13
17
21
9
2
21
21
9
23
17
15
9
21
27
19
23
11
11
13
7
7
23
17
11
0
5
15
19
5
5
5
15
5
7
15
9
25
21
38
11
25
5
9
15
11
25
13
11
9
11
9
11
11
9
25
23
25
15
29
7
17
27
29
25
5
11
7
17
21
31
13
17
17
19
9
29
11
17
34
15
33
15
21
29
7
29
29
25
21
17
43
31
37
17
21
13
11
21
11
17
7
21
9
15
41
9
41
31
23
27
13
19
27
22
19
19
9
13
35
27
39
12
43
30
25
21
23
7
11
15
21
17
19
19
33
23
45
29
15
15
41
17
33
21
33
25
26
38
15
35
15
37
46
33
25
13
19
25
9
17
21
9
9
11
7
19
38
27
32
15
25
27
9
19
11
19
11
23
41
21
11
13
17
13
9
21
29
48
21
21
17
19
25
30
13
7
5
7
9
11
9
7
13
11
13
15
5
7
7
11
11
5
7
17
5
3
23
1
9
5
23
3
2
5
45
7
0
13
11
5
