22
50
15
17
13
19
27
13
26
25
12
52
10
30
16
11
15
3
15
22
38
26
17
17
20
23
20
12
12
25
18
26
30
14
37
12
20
22
20
19
12
20
23
35
22
32
59
16
42
37
25
47
15
17
47
42
87
22
22
22
28
19
27
18
21
16
22
20
15
29
28
39
9
22
31
12
17
29
28
24
48
29
40
18
14
21
18
26
14
21
34
31
45
42
38
62
11
26
24
15
12
25
43
26
35
21
38
18
14
28
27
26
11
19
42
38
49
64
34
18
17
18
15
16
16
33
30
28
38
33
43
20
21
19
11
14
19
18
35
33
42
46
43
25
51
16
33
8
12
9
47
15
20
38
20
23
27
19
14
11
13
11
10
18
13
23
16
30
12
14
35
11
18
23
17
14
30
4
26
19
23
9
16
17
11
14
18
11
19
25
15
17
12
37
11
12
19
13
13
12
15
22
16
20
39
24
13
13
29
39
11
76
41
23
39
48
10
12
22
15
12
30
12
0
16
45
13
16
16
11
19
11
27
6
14
10
21
7
7
14
7
9
11
10
9
4
14
10
25
11
4
12
8
11
14
11
14
8
11
12
9
14
8
9
3
8
25
16
14
9
13
16
11
12
11
11
6
10
13
12
10
9
9
11
11
6
7
12
