5
7
13
13
15
11
5
7
7
7
2
5
11
3
5
5
7
7
3
5
9
9
13
7
9
25
3
9
7
5
5
15
3
3
3
9
5
5
15
5
5
7
3
5
15
9
11
9
5
13
9
5
13
29
9
13
5
9
13
19
3
3
13
7
7
5
9
3
13
13
5
11
19
9
17
17
7
13
9
9
5
9
9
17
9
13
15
13
11
3
7
17
9
9
7
9
5
7
2
5
9
7
11
13
7
3
19
2
9
3
9
15
5
17
5
3
17
15
13
11
9
17
7
9
13
21
15
9
13
13
13
15
17
9
15
7
2
5
7
11
13
15
7
9
9
15
33
9
5
19
11
17
33
7
9
15
19
7
19
9
21
9
21
7
9
7
17
23
7
21
11
3
9
7
25
37
9
13
5
17
23
27
5
17
17
7
19
9
15
23
15
21
7
17
17
17
5
9
27
17
25
11
21
23
7
7
23
7
11
13
23
17
13
13
29
7
25
17
9
5
11
19
7
15
13
25
5
11
17
7
17
17
11
13
5
7
7
27
21
13
9
25
9
25
13
25
9
13
17
13
11
15
9
23
15
7
17
15
13
9
5
15
21
13
19
15
11
7
19
11
9
13
13
11
7
15
13
9
9
7
13
17
15
7
5
15
15
11
