3
11
3
2
3
0
0
3
7
0
2
3
9
0
7
7
13
0
3
3
0
0
11
3
2
0
2
2
0
0
3
2
2
0
0
11
0
0
2
3
2
2
0
0
2
0
0
2
0
0
2
2
3
3
2
2
0
0
2
2
0
13
0
3
2
2
0
0
2
0
2
0
2
2
2
2
3
0
0
3
11
0
3
0
2
2
3
0
9
0
2
2
2
3
0
2
2
3
3
2
2
2
1
0
7
2
0
2
11
0
3
1
0
0
5
7
2
13
2
2
0
2
9
9
2
0
0
2
0
2
2
1
0
0
0
11
11
11
2
2
3
0
11
0
2
0
0
2
2
2
11
3
0
2
2
2
3
0
2
0
3
3
2
3
0
3
0
2
1
9
3
2
13
0
0
5
17
9
0
2
2
3
0
0
2
0
9
0
2
0
2
0
5
0
3
0
0
0
11
11
5
3
2
2
3
0
3
2
0
1
0
1
1
0
0
2
3
0
0
0
0
0
2
0
3
3
2
2
2
2
13
2
0
2
0
7
0
2
1
2
0
9
0
2
2
11
0
2
2
2
3
2
9
0
0
2
2
5
2
0
2
3
2
3
0
0
0
3
0
2
0
2
0
1
1
3
2
5
2
0
3
5
0
9
11
0
0
2
