6
6
10
10
8
6
4
6
8
6
6
8
4
14
6
4
4
6
6
0
2
8
6
4
2
4
8
12
12
4
8
4
6
14
6
14
6
8
14
6
2
2
10
12
4
2
4
8
2
6
14
10
12
6
8
6
4
4
12
6
8
6
12
12
16
17
14
6
15
12
14
8
10
6
12
10
6
38
12
27
12
25
31
6
6
23
6
27
10
33
8
14
41
19
25
10
12
17
12
12
8
8
21
12
14
12
25
33
19
19
15
23
16
8
6
15
17
19
8
4
19
14
17
17
29
21
21
27
8
23
16
60
15
29
13
19
14
17
10
21
29
12
15
19
12
10
39
8
14
35
15
31
19
21
17
27
29
17
27
14
8
29
21
10
10
17
14
6
31
19
37
8
14
16
14
10
10
14
10
12
29
8
37
25
27
8
10
19
6
21
19
16
13
10
17
12
8
10
10
27
12
27
23
21
8
16
23
10
10
6
8
10
12
25
15
6
6
25
17
25
23
14
19
17
16
31
12
25
12
17
6
12
8
19
14
11
12
10
23
12
10
10
15
12
8
14
17
21
10
15
12
16
16
25
10
8
15
12
23
6
10
2
10
8
10
12
29
16
14
14
12
19
4
14
23
6
12
10
10
6
12
12
6
4
15
17
14
12
