42
32
37
27
54
36
49
30
32
43
29
50
36
57
44
31
28
50
26
20
58
41
40
23
51
35
41
42
43
36
37
33
39
44
29
43
37
31
22
50
45
39
27
36
39
40
32
49
38
35
29
42
38
48
35
27
40
34
55
38
38
36
47
21
42
56
28
46
31
33
33
38
47
33
33
52
32
47
40
38
46
41
35
30
44
20
56
54
45
28
36
62
51
37
46
43
44
23
36
34
30
59
28
46
36
33
42
52
19
34
29
59
35
43
25
32
45
40
43
25
20
40
31
32
65
45
47
44
44
26
36
36
43
41
27
48
16
36
29
55
41
24
47
31
31
31
57
49
27
24
56
40
30
35
39
41
26
47
50
26
44
23
28
28
40
39
44
55
33
60
30
27
47
34
21
34
38
49
29
30
48
59
24
36
47
34
35
67
55
46
48
27
33
35
43
66
38
25
55
48
64
39
35
29
24
23
30
38
20
25
24
26
46
27
23
28
26
28
27
14
23
31
37
22
23
24
36
29
24
25
25
14
25
19
29
28
26
22
21
26
16
27
28
24
25
23
28
24
23
21
23
21
28
20
33
19
12
35
37
23
25
49
15
30
37
20
30
29
26
29
25
32
30
29
32
20
22
32
27
31
28
34
35
23
32
28
22
31
