1
1
1
5
47
3
28
1
1
3
5
7
5
3
32
38
37
31
67
1
7
42
42
3
5
7
35
76
71
53
1
3
3
44
60
1
0
1
6
46
49
1
42
7
1
63
41
3
30
78
1
47
3
1
1
3
53
3
7
3
5
1
70
5
5
1
5
47
52
1
1
1
1
79
42
5
5
51
1
1
35
3
1
1
1
1
1
0
3
0
0
5
32
76
80
50
40
33
53
72
83
3
84
82
3
74
75
39
3
82
1
1
1
5
1
1
1
3
3
5
3
85
90
0
0
3
0
15
0
0
5
1
51
50
5
0
63
51
0
91
88
0
1
43
43
43
86
0
0
3
9
81
18
5
1
1
3
90
1
0
3
81
44
38
1
7
84
3
4
1
0
80
84
44
80
85
1
0
0
48
1
3
0
3
0
0
0
51
1
5
1
42
38
0
0
84
91
0
88
51
3
3
41
3
1
0
21
3
1
27
5
9
3
78
68
1
1
1
5
93
42
0
1
0
88
1
55
31
7
3
3
91
72
1
3
1
81
89
3
1
1
13
3
3
74
3
1
61
44
5
0
0
1
23
3
37
1
1
3
0
78
83
26
5
1
81
78
0
0
3
5
1
45
0
5
42
3
1
27
3
5
58
69
50
0
41
63
3
