19
33
45
56
23
44
48
51
44
24
44
25
18
45
44
55
24
52
40
51
31
23
32
16
21
44
25
49
24
32
19
34
39
12
44
55
49
16
45
41
22
24
24
20
39
43
6
21
24
41
20
53
50
38
24
46
35
40
29
27
28
25
35
17
37
39
23
61
34
30
64
52
25
36
51
58
38
39
39
26
48
43
50
24
49
43
32
53
28
30
51
48
68
42
18
36
25
27
36
17
57
39
35
31
24
19
17
37
42
31
13
16
64
48
26
49
35
19
42
36
38
31
28
20
46
41
30
38
36
31
21
17
41
27
25
27
35
20
40
33
19
18
28
35
34
67
25
24
31
17
30
42
35
45
32
45
15
15
21
42
38
22
53
17
50
60
60
6
28
15
21
48
15
24
47
47
55
17
42
56
27
19
48
36
36
22
40
36
19
68
13
34
44
43
72
32
18
55
74
67
25
37
34
40
33
30
32
31
14
36
45
22
23
17
34
45
28
15
35
22
30
15
26
33
48
21
43
30
31
25
32
13
19
23
23
33
33
41
42
21
23
52
40
29
25
30
24
40
37
18
16
13
28
38
13
14
38
21
39
21
55
38
32
55
22
14
37
43
28
20
39
32
40
38
32
62
25
17
19
27
19
21
33
43
19
19
29
35
