28
20
13
0
0
23
11
21
27
33
0
11
22
23
19
38
11
36
44
15
45
25
9
32
22
38
34
16
13
0
15
21
19
11
0
20
15
13
12
46
41
33
19
2
6
0
15
28
8
6
0
8
6
12
17
17
8
21
15
11
9
8
23
15
34
21
19
0
45
11
21
14
44
38
11
7
25
42
0
36
34
19
45
19
19
15
17
47
0
31
30
15
19
11
9
11
10
15
25
0
27
8
0
21
21
8
23
0
40
45
20
0
18
21
11
11
23
16
0
15
0
30
0
13
17
2
22
23
0
32
0
0
18
21
30
24
0
23
45
35
11
12
15
21
21
21
30
0
33
32
18
0
0
11
19
17
0
0
14
30
19
21
0
21
19
38
9
0
17
28
23
30
30
16
24
9
38
9
9
0
6
29
25
6
28
0
23
21
0
9
17
28
25
0
26
25
30
30
30
28
8
13
0
10
25
0
2
4
30
29
21
22
24
12
9
9
13
9
15
17
0
7
13
20
0
9
9
9
2
17
20
13
9
13
11
13
9
8
9
17
19
12
0
17
25
9
0
5
15
8
41
0
19
13
21
11
0
8
7
17
0
4
4
2
2
4
2
4
8
4
5
4
2
2
4
2
0
4
4
2
2
15
0
3
5
15
4
4
