23
18
10
7
15
13
10
17
21
13
15
13
11
8
10
8
13
10
4
10
6
17
8
17
14
10
15
15
11
8
14
6
25
9
8
10
13
10
11
9
9
4
8
17
4
11
8
8
6
10
18
9
8
11
6
7
8
0
13
4
4
4
9
6
16
10
19
10
7
7
5
5
14
8
5
4
13
11
13
13
10
11
23
13
8
15
4
13
37
25
10
23
6
20
28
22
13
10
19
17
17
13
13
11
10
22
27
20
11
19
17
11
13
17
19
17
21
10
7
17
23
19
8
16
15
13
14
29
14
19
13
15
19
15
14
11
32
5
17
39
27
12
15
7
10
21
14
7
9
34
4
36
13
19
13
11
15
6
4
21
14
12
14
11
11
23
8
9
9
6
6
12
9
10
13
21
13
13
13
15
7
13
20
8
11
11
7
19
21
8
6
6
32
15
8
27
8
18
12
11
25
12
27
24
24
24
13
11
8
15
11
9
13
12
9
9
9
11
9
14
11
11
6
11
13
21
7
9
9
20
9
9
18
9
11
9
4
6
8
21
11
13
9
6
10
7
15
9
7
16
10
0
23
2
0
7
4
6
2
2
4
5
0
4
4
0
0
2
3
0
2
2
6
13
2
7
2
4
4
4
0
2
10
2
0
6
9
5
