8
8
9
12
10
10
10
9
13
13
10
8
8
9
7
14
10
8
9
7
9
10
13
6
8
9
10
11
10
11
9
9
10
9
8
8
10
11
9
9
9
8
9
11
16
9
10
9
7
13
11
13
9
13
12
10
9
13
12
14
8
13
9
12
10
8
11
6
10
10
10
10
9
13
11
7
10
9
9
9
10
10
10
11
13
10
8
13
12
10
9
8
11
7
13
9
13
8
9
8
12
9
7
9
13
10
7
8
11
12
11
10
11
12
11
11
12
7
10
10
15
11
13
9
11
8
10
8
10
8
10
10
10
12
8
11
8
10
8
10
9
11
10
10
8
10
11
12
10
11
9
9
9
9
10
12
14
7
10
10
10
10
11
13
13
9
12
10
9
12
8
11
10
10
11
10
9
11
10
8
9
9
11
11
9
9
10
13
10
9
9
12
13
9
10
7
9
10
11
10
10
9
8
9
10
8
9
8
10
12
13
10
7
10
10
11
10
9
14
11
12
9
8
12
12
12
8
8
9
12
8
12
8
12
10
9
9
10
11
9
11
10
15
13
10
8
12
14
13
11
15
11
5
10
9
12
12
11
11
11
8
11
8
11
10
10
9
11
8
11
10
13
12
11
11
14
12
14
11
11
10
12
9
10
13
11
10
14
