31
32
33
32
32
31
30
33
29
25
33
32
33
33
34
25
32
33
33
32
33
24
33
24
32
31
31
25
33
30
31
34
30
19
27
25
18
26
26
21
30
27
29
28
26
27
28
28
28
25
25
26
28
30
29
25
26
27
35
29
28
27
20
28
29
25
28
27
15
28
19
28
27
29
25
29
29
29
27
20
21
27
32
25
27
25
20
28
27
27
28
28
20
29
37
27
25
28
20
29
28
28
29
26
21
29
25
28
27
28
20
25
26
28
18
27
21
29
28
19
19
26
27
28
25
30
26
24
21
29
26
23
30
24
29
28
32
31
28
22
29
30
30
30
28
22
24
29
31
22
27
30
28
23
28
29
25
23
32
22
29
27
26
29
30
26
18
25
26
22
28
28
28
25
24
29
27
28
28
25
25
20
29
28
28
27
26
21
28
28
26
26
29
23
30
28
29
26
26
20
19
19
21
25
28
20
28
28
28
26
22
37
28
28
22
28
29
27
27
21
29
26
20
29
28
27
19
26
24
27
29
28
27
23
23
28
29
28
14
23
21
20
28
27
12
27
21
29
26
25
21
21
12
25
28
37
27
26
21
30
28
25
22
29
23
30
31
26
29
24
20
28
29
28
26
27
29
29
29
29
29
29
29
28
28
29
19
21
