28
13
24
26
15
21
14
28
26
21
27
7
24
27
9
9
17
21
11
11
45
18
16
22
24
36
51
26
73
28
21
41
15
24
7
18
23
23
19
21
24
30
29
25
18
32
24
11
11
28
23
25
14
34
24
34
17
23
17
34
50
21
17
30
47
19
28
32
24
24
35
68
34
15
15
22
24
45
34
19
38
19
22
23
27
41
39
24
40
25
32
40
21
34
37
34
28
34
45
19
51
40
28
23
36
26
42
49
35
64
49
40
34
65
51
45
34
46
41
62
49
55
49
47
36
20
32
55
26
73
32
48
53
26
61
47
32
41
62
30
64
34
52
72
59
62
37
40
39
32
38
22
51
43
30
59
24
51
46
56
41
36
7
66
32
43
41
85
43
43
26
25
33
30
31
45
77
48
39
43
73
43
17
32
35
53
38
33
56
28
45
19
34
38
24
35
28
40
17
38
19
13
25
24
46
25
32
38
21
46
28
39
36
38
23
39
51
41
41
19
63
42
24
33
17
38
15
19
58
30
17
37
36
43
34
24
19
37
40
55
47
38
52
26
39
21
30
59
24
41
47
23
30
11
18
30
38
17
19
27
15
19
45
45
0
26
39
24
23
45
45
30
15
15
20
38
22
38
23
19
41
34
22
41
28
43
46
32
