77
32
62
27
34
49
24
63
32
34
47
41
34
30
28
41
23
30
43
55
38
30
41
30
62
51
76
51
41
39
45
32
58
34
53
55
53
55
34
45
45
45
55
47
26
47
52
45
34
32
38
32
49
45
51
26
43
43
41
54
51
51
38
20
38
34
19
61
58
55
22
55
40
43
22
26
22
34
45
32
11
26
30
57
24
24
36
24
41
36
36
47
26
55
36
28
34
45
37
32
34
55
43
43
43
34
39
36
53
25
26
57
49
24
30
52
30
60
57
49
60
37
38
66
70
41
60
30
30
45
49
42
40
63
45
41
58
39
62
53
41
34
32
34
41
39
38
43
51
41
43
41
43
55
36
53
47
72
64
49
43
32
34
37
39
47
64
38
38
34
45
45
52
55
58
36
34
47
22
51
36
23
28
41
43
66
47
43
32
30
49
40
49
34
15
34
47
39
28
34
34
30
38
38
28
59
45
60
41
34
43
38
63
26
49
24
49
43
60
41
36
34
22
36
32
45
41
20
36
41
53
47
49
45
26
60
24
50
41
32
57
30
45
59
55
41
34
26
37
32
49
30
36
41
43
41
42
53
32
62
30
41
34
41
49
26
57
74
38
34
38
49
36
49
45
57
49
19
36
36
61
49
36
45
53
51
45
58
