23
12
20
39
31
52
42
15
49
23
31
19
10
0
52
14
38
47
22
15
56
26
41
32
73
45
19
37
23
9
17
32
48
20
78
25
50
22
23
21
29
26
29
5
11
30
29
40
22
7
44
23
22
40
39
15
33
43
15
74
22
32
59
67
56
67
23
22
52
9
30
51
73
12
29
45
60
23
27
20
27
30
24
26
37
31
33
65
35
25
36
68
42
24
36
41
45
7
27
16
20
59
17
22
48
16
43
32
35
13
30
16
18
31
56
34
26
3
46
40
40
33
74
51
40
28
26
21
46
36
30
19
24
30
39
39
40
41
44
57
35
27
20
20
56
18
44
21
18
40
31
22
21
27
15
5
46
29
25
45
36
39
41
51
9
32
38
37
44
22
28
42
33
33
26
20
18
40
26
33
28
22
52
24
38
26
51
51
33
25
39
40
42
15
24
43
25
26
27
30
11
15
30
3
63
34
16
44
14
36
49
27
42
29
19
30
31
28
46
33
15
31
47
22
39
33
38
30
36
33
9
13
34
34
20
32
41
20
32
39
40
20
39
38
24
32
35
26
19
7
13
17
13
20
19
62
19
22
21
35
26
5
29
26
37
36
39
39
14
21
11
5
32
25
34
18
22
25
28
21
9
41
18
29
18
28
48
40
