22
42
10
9
15
58
21
24
13
27
17
14
22
11
12
14
17
36
11
22
21
25
27
24
22
26
20
18
18
24
31
26
32
24
20
18
41
32
15
13
28
35
22
38
19
36
27
56
43
25
21
40
51
57
59
25
33
58
66
65
37
57
37
50
35
76
39
79
45
70
67
69
42
63
48
32
73
53
72
54
66
75
62
69
68
62
65
62
32
74
69
65
72
69
74
52
72
70
66
74
75
77
73
78
41
65
70
51
76
70
64
77
72
62
68
70
33
67
75
77
80
79
36
77
78
70
75
80
66
81
56
77
73
74
50
74
76
62
32
78
73
70
49
71
63
74
58
68
71
50
70
71
69
74
40
66
41
68
63
61
59
59
60
53
59
61
65
71
64
78
60
36
74
44
70
44
72
47
54
47
67
50
68
65
54
53
72
53
42
45
60
33
77
69
59
66
59
73
55
72
36
62
55
58
34
39
35
54
27
61
78
41
77
76
59
22
75
74
54
65
78
56
56
46
59
61
25
69
76
72
82
63
77
38
68
78
74
57
48
71
69
39
66
73
73
71
72
74
72
80
54
73
68
65
56
61
59
74
47
33
73
74
45
74
68
59
69
64
41
56
54
65
39
53
47
34
68
43
34
28
25
55
56
32
41
31
66
48
