6
0
2
4
4
3
0
6
2
2
2
4
8
2
2
6
0
7
19
3
2
2
2
0
9
4
0
4
4
4
4
2
7
0
10
6
2
2
7
5
4
4
2
4
2
0
2
2
10
2
18
2
3
4
4
6
3
2
2
4
4
0
4
2
6
4
2
0
11
5
4
4
17
15
11
2
13
29
5
94
2
4
4
2
2
2
15
4
4
2
4
0
2
2
2
2
6
2
9
0
2
7
2
93
0
0
8
0
0
5
2
2
2
6
0
2
2
4
4
0
0
2
7
0
2
8
3
5
2
6
2
0
4
2
5
2
2
2
0
2
2
4
10
2
3
2
2
2
2
0
2
2
6
5
17
6
4
4
2
2
5
0
0
0
0
3
4
6
2
0
2
5
2
9
3
3
6
3
5
7
4
68
6
2
2
6
6
2
4
4
10
4
4
2
6
0
5
6
4
6
0
0
15
0
2
2
2
2
9
7
2
0
8
0
4
29
2
4
2
9
13
0
2
6
2
2
6
2
32
6
4
2
4
2
2
4
6
2
2
4
6
0
0
0
4
0
0
4
0
2
2
2
0
8
6
5
2
0
2
0
2
0
2
14
11
6
2
4
0
4
4
2
2
2
4
2
5
2
0
78
2
8
2
2
8
2
0
6
