15
6
13
2
6
6
7
10
4
8
17
12
12
12
10
4
6
8
10
8
15
6
11
12
13
10
10
5
7
17
8
12
12
8
10
8
10
10
8
7
8
8
17
21
12
4
10
11
8
17
8
11
11
13
17
15
15
12
6
8
15
15
9
17
35
13
13
10
12
26
17
33
13
10
8
20
11
13
27
21
15
19
21
11
13
17
31
30
23
29
6
10
8
8
8
6
4
6
8
9
0
10
4
4
8
4
6
6
4
8
8
4
6
6
10
8
6
4
8
8
10
8
6
4
4
4
8
6
8
8
6
4
10
10
4
2
2
6
8
4
4
6
2
6
6
6
6
5
6
4
4
6
12
10
10
6
13
8
4
4
6
8
4
6
8
2
8
6
8
4
10
2
6
10
4
10
4
2
6
8
8
6
6
5
2
4
4
2
8
6
6
8
6
0
4
5
4
10
8
8
8
4
2
6
2
4
8
3
4
8
8
4
8
10
6
10
4
8
8
5
13
8
13
8
10
11
10
10
8
10
8
7
4
10
10
8
13
8
10
11
11
13
8
9
4
10
10
15
10
10
15
8
13
6
10
16
4
6
15
12
17
8
13
8
13
7
8
6
6
13
4
15
8
8
12
4
10
8
12
4
10
12
6
8
8
6
10
4
