2
0
6
4
8
2
4
4
4
6
6
0
6
2
2
2
6
4
6
4
0
2
44
2
6
6
4
2
2
4
2
4
4
2
8
0
2
4
4
19
2
2
6
6
4
2
2
2
2
2
2
2
4
2
4
4
2
4
2
6
2
2
0
2
4
2
4
0
4
4
4
4
0
2
2
2
4
4
0
4
2
2
2
4
4
4
2
2
2
2
4
4
4
2
4
4
0
2
2
2
4
4
4
4
4
19
2
6
2
2
2
4
2
2
0
4
4
6
4
6
4
4
4
2
4
4
2
4
2
23
6
4
2
0
4
4
2
4
6
4
4
4
0
2
4
8
4
8
0
2
2
6
4
48
2
2
2
4
2
2
37
0
4
17
4
0
4
2
2
8
2
2
2
4
2
2
4
0
4
6
0
0
4
2
2
0
2
4
4
0
2
2
4
2
2
2
4
2
4
2
4
4
2
4
6
0
17
0
4
4
4
6
2
2
4
2
2
6
2
2
4
16
4
2
2
4
4
4
6
0
8
4
2
2
2
0
2
2
2
0
2
2
4
4
2
2
2
0
4
4
0
4
6
4
2
2
4
0
2
4
6
2
2
2
4
4
4
4
4
4
4
2
4
4
4
4
8
6
4
2
4
6
4
4
19
2
0
4
