19
0
4
4
2
4
2
4
7
2
5
0
0
4
11
2
2
2
2
2
9
2
2
0
2
2
2
2
2
5
0
2
4
2
2
3
2
4
2
2
2
2
2
0
2
4
0
0
19
2
2
2
2
2
2
0
2
4
0
2
0
4
4
4
2
4
5
0
2
4
2
0
5
4
0
4
0
2
2
7
2
4
4
5
4
2
0
4
2
2
0
7
2
2
2
4
0
4
4
4
4
0
4
4
4
4
6
2
4
2
6
2
2
2
0
2
0
2
3
2
2
2
5
0
2
2
4
4
4
0
0
2
2
2
4
4
17
4
2
2
2
2
2
2
2
6
2
4
2
2
2
25
2
2
2
2
2
2
29
2
2
2
19
2
2
2
2
11
2
2
0
0
2
5
0
2
4
0
0
23
2
2
4
2
2
0
0
2
17
4
2
5
4
6
2
4
2
4
0
4
0
2
2
0
0
2
2
2
0
2
0
0
5
2
0
0
0
4
2
15
4
4
2
4
2
0
3
2
2
3
4
0
4
0
4
0
4
4
6
0
2
5
0
7
4
4
0
2
19
2
0
4
2
4
2
7
0
0
1
0
0
2
0
2
7
0
0
0
0
0
9
4
3
2
2
2
9
2
5
0
3
2
5
4
2
4
0
0
