11
34
12
18
18
7
7
7
18
18
23
14
27
28
19
26
11
49
20
20
31
29
13
7
7
14
26
29
26
30
31
33
37
7
30
31
26
21
20
23
12
21
16
15
33
10
19
22
26
19
34
29
20
16
8
15
18
29
9
17
26
15
17
20
21
33
14
28
21
23
17
34
22
36
18
31
19
18
28
35
44
17
16
23
14
11
14
35
13
4
24
12
9
30
21
27
13
25
20
26
10
24
21
22
7
25
15
13
27
29
20
39
45
27
29
9
35
11
22
29
14
11
7
14
50
41
24
13
24
35
6
21
16
7
24
24
27
27
13
23
20
11
20
14
19
26
11
53
11
18
27
11
26
22
13
17
15
15
24
15
22
26
19
39
35
28
26
34
34
21
29
27
23
30
16
32
23
33
14
16
18
24
11
28
22
28
25
15
31
29
26
19
20
39
18
33
11
23
8
25
27
29
35
43
17
28
60
25
14
18
28
34
29
29
31
34
22
16
23
32
26
24
25
22
38
25
42
17
34
20
26
26
31
31
43
43
20
24
12
32
34
30
25
15
27
35
25
43
16
28
32
36
20
27
14
29
26
9
30
13
13
11
26
9
26
9
34
16
21
25
23
20
19
28
18
10
13
22
17
18
16
28
24
16
14
11
17
20
