81
76
53
21
37
41
47
46
23
64
85
53
74
81
50
59
80
69
67
39
47
36
70
84
74
41
84
80
69
53
68
26
56
44
73
23
54
41
44
26
47
32
26
49
48
75
49
48
82
66
34
58
64
18
68
66
86
53
16
68
58
85
33
65
74
74
20
67
78
66
74
79
77
67
65
62
57
55
82
61
52
70
59
71
74
74
40
68
28
32
71
35
26
29
38
67
54
19
24
40
26
28
41
45
34
80
41
65
56
35
24
65
66
35
79
75
28
76
82
59
59
37
55
71
78
33
25
57
35
34
58
64
39
56
77
44
33
33
66
63
47
74
66
69
82
55
65
43
34
39
36
37
63
56
29
75
69
40
45
63
57
76
71
50
55
26
51
50
58
31
49
60
61
62
50
59
54
49
24
40
46
48
62
47
25
61
28
27
74
69
27
62
76
35
62
67
70
38
44
68
60
77
59
59
59
56
74
17
40
52
58
77
25
55
36
54
55
69
74
32
76
80
12
52
60
50
66
48
62
63
31
74
54
89
65
78
52
86
78
82
84
61
44
77
74
35
37
28
67
79
31
52
28
42
36
39
29
40
42
76
35
71
60
35
34
52
37
26
49
42
64
53
62
21
18
88
62
49
41
64
64
78
83
84
65
42
20
61
