5
0
4
6
0
8
8
6
6
4
4
6
4
2
6
2
4
4
2
5
4
8
8
2
2
4
4
2
2
0
2
2
4
4
6
4
6
0
4
2
8
4
4
6
4
4
2
4
2
6
2
4
4
4
2
4
8
2
5
4
2
6
4
4
2
6
4
4
6
4
4
4
6
6
4
6
4
2
2
0
4
4
4
2
5
4
4
4
4
6
2
6
2
4
55
4
2
5
2
4
6
2
2
8
6
4
4
4
6
6
4
2
6
4
6
4
7
2
2
6
2
4
4
2
6
6
4
6
5
4
7
8
4
12
6
6
0
2
8
2
4
8
4
35
10
4
5
8
7
6
7
6
12
6
4
6
4
4
10
8
6
8
2
4
4
6
6
8
7
6
9
14
8
12
8
7
4
6
5
6
4
4
4
10
0
8
8
2
8
8
0
4
10
10
8
10
4
0
4
8
14
2
6
7
8
8
10
8
0
10
8
8
10
8
6
4
16
15
6
8
6
6
2
8
6
8
6
4
8
10
4
4
2
4
2
8
4
6
6
8
6
6
6
2
7
6
4
10
4
4
8
6
4
8
6
4
2
6
9
7
4
6
2
4
2
4
4
7
4
8
0
4
6
9
6
4
6
6
6
4
4
6
4
6
2
4
4
8
