9
17
17
17
28
27
21
11
25
11
21
17
15
15
15
9
25
21
9
21
12
10
11
11
13
21
23
15
23
8
32
27
15
9
11
25
19
17
13
13
19
17
17
17
19
15
10
15
19
8
13
21
6
6
17
17
15
17
12
11
17
21
17
13
6
8
10
11
13
19
19
28
9
17
11
17
8
15
27
13
21
38
19
32
10
23
11
42
9
30
34
25
23
27
81
13
23
21
25
29
19
34
19
15
23
19
13
13
15
19
23
25
17
28
34
19
17
44
25
27
17
21
13
17
28
14
25
38
30
27
25
53
13
21
34
29
17
13
34
40
36
36
19
13
21
40
42
32
40
17
38
29
34
2
13
40
29
11
29
17
15
29
19
30
11
9
23
13
28
15
30
10
36
42
11
17
38
10
30
25
6
11
10
17
0
27
10
15
15
8
11
13
6
8
17
2
8
4
6
11
10
15
13
4
8
10
6
10
8
9
8
6
10
13
8
11
10
10
6
11
11
17
17
10
6
10
11
10
13
10
8
10
11
12
10
19
4
13
11
13
8
13
6
10
8
8
6
10
4
13
11
11
8
6
8
8
17
6
9
8
11
8
6
6
6
8
6
8
21
6
6
10
23
11
4
8
8
6
8
6
9
9
9
2
13
6
10
10
