2
0
2
6
2
4
0
0
8
2
4
2
4
2
2
2
4
50
0
4
4
6
10
2
2
32
0
4
13
2
4
5
2
2
0
8
4
2
2
2
4
0
4
4
0
2
0
2
6
6
2
4
2
2
0
2
2
9
4
2
6
0
51
5
4
6
2
4
6
4
2
2
3
0
2
40
6
2
4
2
2
2
9
4
4
6
4
2
2
9
2
2
4
4
2
3
2
4
4
8
4
4
34
2
2
2
1
2
4
6
2
2
2
4
0
39
2
2
10
6
4
5
2
4
0
44
4
6
4
2
2
2
2
2
2
49
4
4
4
19
0
4
2
4
4
0
6
2
3
6
4
44
2
2
6
0
15
4
4
2
4
4
2
1
4
4
0
39
0
0
6
6
4
0
43
0
0
0
2
2
2
2
7
11
8
2
2
2
6
4
0
2
4
39
4
2
7
4
2
2
42
57
2
2
12
8
4
37
4
4
2
37
2
0
4
5
4
4
0
4
31
6
4
5
2
5
0
2
7
2
6
8
11
53
4
2
2
52
2
0
4
4
0
2
6
4
2
0
4
0
2
4
4
0
4
33
0
0
5
4
2
2
4
6
6
4
10
11
4
4
2
64
5
3
37
2
10
4
2
4
2
4
5
4
2
0
4
5
