14
11
17
14
12
11
17
10
9
12
14
10
12
10
10
12
11
17
10
14
10
8
8
24
15
20
12
12
12
16
8
16
12
8
10
21
10
12
11
12
10
12
11
14
8
16
19
8
8
13
6
11
19
8
12
12
10
10
10
10
17
8
14
16
12
8
10
10
14
12
19
12
12
15
13
8
8
19
6
10
10
8
15
10
15
8
14
10
12
12
15
17
17
6
11
16
10
12
10
5
13
16
12
24
8
6
10
14
10
21
12
4
9
8
19
12
10
8
12
10
8
4
10
7
12
8
8
12
9
14
13
15
8
19
8
12
8
21
8
17
8
8
6
10
10
19
9
6
14
11
14
21
8
19
14
10
8
14
13
16
9
4
13
9
10
10
11
17
11
9
9
8
15
14
10
7
11
13
12
8
11
12
10
8
10
10
12
14
10
13
12
19
18
12
17
10
8
24
12
47
15
7
11
15
15
14
12
12
12
11
10
8
17
77
12
8
14
12
10
13
10
8
12
8
10
9
9
8
8
12
10
10
10
15
9
11
18
13
12
11
8
11
12
9
10
8
8
15
8
13
13
13
12
12
10
11
6
17
9
12
13
8
10
10
9
8
17
6
8
8
16
10
10
15
10
17
14
11
15
13
13
13
23
11
6
12
12
10
