2
2
6
2
1
2
2
1
0
4
2
4
0
2
2
0
0
2
4
4
2
0
4
0
4
2
2
2
2
2
6
0
2
4
4
0
0
2
0
5
2
0
5
2
2
2
4
14
4
4
6
6
2
2
0
2
2
5
2
4
9
6
0
2
4
2
2
9
2
2
4
2
7
2
2
4
0
4
2
4
4
4
5
4
0
2
9
4
4
4
9
2
2
2
6
0
0
4
2
2
5
4
4
9
0
0
0
0
0
2
6
0
2
2
0
6
2
2
0
2
3
6
4
2
2
6
4
5
3
4
7
2
2
6
9
8
2
5
2
4
0
4
0
0
7
6
4
4
2
15
14
0
6
4
12
9
5
9
8
10
2
0
2
2
0
4
2
9
25
4
14
4
2
10
8
4
2
14
4
0
13
14
6
5
4
4
4
7
6
8
5
4
18
4
8
0
2
4
2
2
0
2
0
17
2
0
8
4
0
2
7
6
4
4
4
4
5
4
2
13
12
7
4
0
0
29
2
2
4
0
0
6
6
6
2
6
7
4
7
13
2
4
2
8
2
4
4
2
6
2
4
6
2
4
7
2
4
0
0
18
4
15
7
4
5
4
5
1
0
5
17
10
10
3
7
0
0
2
0
2
0
2
4
2
2
2
12
2
