6
7
12
13
4
4
13
4
4
4
6
8
6
11
2
19
8
4
7
17
6
4
6
12
4
13
6
8
16
8
6
15
2
6
10
10
8
4
6
8
11
8
7
10
4
6
8
6
8
8
4
6
6
4
2
4
10
12
10
6
11
12
8
4
4
9
37
9
8
8
6
8
10
19
4
7
10
8
6
6
11
10
11
10
7
8
6
4
9
8
13
10
10
10
8
11
17
4
6
4
8
6
11
6
13
9
15
6
13
8
10
17
11
8
6
8
11
4
9
10
6
8
11
9
10
7
4
6
12
8
9
7
2
13
6
13
4
11
7
12
6
8
9
10
8
6
8
10
11
10
12
8
17
8
15
11
13
6
11
15
8
9
6
10
6
13
8
8
4
21
11
8
13
6
7
12
4
15
6
12
6
10
4
8
8
10
4
8
12
10
8
12
8
13
10
4
13
6
13
4
8
13
8
14
10
7
9
13
11
16
15
46
4
6
19
10
12
10
13
2
6
6
7
6
8
8
6
42
11
8
13
4
8
11
14
19
8
19
10
11
6
43
9
5
8
8
8
8
4
2
4
15
6
6
8
10
4
8
12
2
2
9
8
4
11
17
51
8
6
14
4
6
7
8
6
4
4
8
0
10
6
8
4
4
0
10
4
5
