20
15
24
19
22
11
28
28
24
14
13
15
9
25
22
13
23
15
19
11
19
23
25
9
23
6
15
8
19
15
13
34
12
19
19
13
15
13
19
17
13
21
15
17
9
11
26
32
23
17
21
28
21
15
25
13
37
20
38
25
24
22
19
19
8
8
17
15
30
24
31
24
26
9
28
26
26
26
34
22
57
45
31
19
21
28
22
46
28
13
26
13
42
32
44
36
20
36
40
22
36
36
34
21
30
34
26
11
42
27
27
20
38
31
25
29
24
9
9
9
13
34
30
11
23
41
30
47
21
11
24
23
17
42
19
21
23
6
32
28
20
15
23
14
25
21
40
9
30
15
21
11
14
21
30
17
42
24
35
26
15
27
19
23
11
23
26
17
37
26
17
28
24
30
34
21
19
39
19
26
11
20
36
30
17
15
24
17
8
17
15
9
11
15
15
8
33
9
3
28
24
23
28
15
9
13
22
6
13
74
28
17
32
6
13
9
15
17
28
11
25
27
17
32
18
26
26
28
21
13
21
13
17
25
19
24
13
19
11
9
23
25
13
4
15
25
6
8
9
15
28
7
28
19
7
19
30
15
13
2
17
15
17
4
15
19
17
43
24
11
11
9
25
28
44
9
26
7
5
11
6
7
7
9
25
9
15
11
