9
8
9
9
9
13
9
9
9
9
8
9
8
8
9
5
9
9
8
9
9
9
5
9
9
9
2
0
8
9
8
9
9
9
9
0
11
8
8
9
0
9
3
9
8
9
9
8
9
8
5
16
8
8
8
9
0
9
8
26
0
9
10
17
8
9
6
0
8
9
9
9
3
8
9
8
9
8
8
9
8
3
9
8
8
9
3
5
9
0
9
9
7
8
9
9
0
8
9
9
9
9
9
8
3
9
9
0
0
0
2
8
9
8
9
9
9
9
8
9
9
8
9
0
9
0
8
8
8
8
8
0
20
0
8
39
8
9
9
8
9
8
9
9
9
8
9
9
8
8
0
8
7
8
3
6
14
9
9
9
0
6
8
0
41
8
8
8
0
0
9
9
9
8
9
9
12
9
8
9
9
8
9
8
9
9
9
0
8
8
14
17
9
8
8
0
2
9
8
9
8
0
8
7
9
9
8
8
8
8
5
9
9
9
3
8
9
9
3
9
8
9
8
9
0
7
8
9
3
26
9
8
8
8
9
9
2
7
42
9
9
9
0
2
0
9
17
9
9
0
8
7
8
0
9
7
9
9
6
9
9
8
8
9
8
0
0
0
0
19
8
16
9
9
7
0
0
9
2
8
5
15
3
8
8
9
9
0
