4
2
4
6
2
4
2
2
2
2
4
4
4
4
6
4
4
2
2
6
2
2
2
29
6
8
2
4
4
2
2
4
2
0
10
2
4
4
4
4
4
0
2
2
4
4
6
4
4
4
4
4
6
4
3
6
7
2
2
4
4
4
0
2
2
10
4
6
4
6
4
2
4
2
4
2
0
4
2
6
4
4
4
4
6
2
0
6
6
6
2
29
2
2
4
2
12
11
6
4
4
6
4
2
8
4
4
6
10
6
4
4
8
6
4
6
2
2
6
6
10
4
6
4
2
2
6
4
4
6
4
8
4
2
8
4
10
2
6
2
2
4
4
4
8
2
4
4
4
4
2
6
4
4
8
8
4
2
4
4
4
2
4
4
2
4
5
6
4
2
6
4
6
4
4
0
6
4
4
6
4
2
4
6
2
2
4
2
4
2
2
40
4
0
4
4
4
2
2
4
4
2
2
4
8
4
4
2
6
2
6
2
4
4
2
2
2
4
6
4
4
4
4
8
20
4
6
4
4
8
2
4
6
6
2
2
2
4
8
4
8
2
4
4
2
4
7
6
6
10
10
2
4
4
4
2
10
4
4
4
2
2
6
2
4
4
6
2
0
2
6
4
4
8
6
10
6
2
4
8
6
4
7
2
2
4
5
4
