10
6
8
10
7
4
7
4
13
7
5
7
4
8
6
7
4
36
5
8
6
6
6
10
8
7
8
8
2
4
3
6
6
6
6
4
4
6
8
8
5
10
6
4
2
4
2
6
4
6
52
6
4
53
5
7
4
4
2
8
12
10
6
8
5
4
8
9
2
53
4
4
4
4
2
4
5
7
4
6
11
4
21
6
57
4
2
4
2
8
6
4
9
8
4
6
7
10
4
6
4
8
6
9
2
8
6
9
6
8
4
6
8
6
6
8
6
6
8
6
6
8
10
6
6
5
4
8
2
12
10
6
6
8
4
9
7
6
6
7
10
21
6
4
16
6
8
9
8
9
4
4
4
43
7
4
6
8
11
2
10
17
2
32
12
6
52
2
2
9
2
5
4
6
0
20
4
2
4
4
4
20
8
8
2
4
2
2
7
2
8
2
23
2
2
6
0
2
8
3
7
4
7
6
0
2
0
2
4
4
6
4
5
4
97
8
4
4
2
5
4
6
5
4
9
8
4
2
8
6
22
6
6
30
8
4
2
2
24
4
5
7
28
26
9
6
6
9
9
9
8
4
6
8
2
8
10
7
6
2
6
6
6
2
9
8
7
7
2
4
7
2
0
4
4
4
2
7
9
4
6
4
0
4
4
2
11
4
