6
8
13
6
4
4
8
4
4
4
6
10
4
2
2
8
8
4
14
6
8
4
6
8
4
4
4
4
6
6
6
4
2
6
6
8
4
6
4
6
4
4
8
2
13
4
6
2
11
2
4
2
2
8
19
12
8
8
6
4
15
17
6
4
6
4
2
2
6
8
4
6
2
0
12
6
13
4
4
6
6
2
12
4
4
2
6
2
2
13
4
8
6
10
2
7
6
4
8
2
6
10
6
6
2
8
9
13
6
2
6
4
6
12
6
4
6
11
29
12
19
13
8
10
6
8
4
6
6
4
21
6
12
12
6
8
8
6
6
4
6
6
6
4
2
4
4
8
6
6
6
8
2
6
4
10
4
4
8
6
4
4
6
4
2
8
6
4
4
4
4
6
8
2
4
4
10
2
6
4
2
6
2
6
4
8
12
8
4
4
4
4
7
4
6
9
2
2
2
4
4
6
6
2
8
4
4
2
10
6
8
12
6
6
6
4
6
6
17
4
12
14
4
6
6
12
4
14
8
10
6
8
6
2
4
4
6
6
4
9
8
8
4
7
4
17
4
6
10
4
17
4
12
6
4
4
6
6
17
6
0
6
8
15
15
11
15
13
12
13
10
17
10
12
8
12
15
10
11
11
8
10
10
9
10
10
8
10
