0
4
0
0
0
4
0
2
0
10
6
8
2
6
0
4
1
4
0
4
12
2
6
2
0
2
2
6
0
2
0
4
0
10
8
0
2
4
8
0
2
0
2
0
0
4
0
2
4
4
0
0
6
6
4
6
12
0
0
4
0
12
6
8
14
0
0
0
0
6
12
10
14
14
6
10
2
0
12
0
8
6
6
10
0
6
2
10
2
0
0
0
8
12
2
2
0
4
8
4
0
8
0
8
14
0
10
4
0
6
2
2
6
0
2
6
4
12
0
0
4
0
2
0
4
0
12
12
4
41
4
0
2
6
8
4
4
8
2
4
2
36
4
2
20
2
2
0
0
10
4
6
6
0
2
2
10
0
0
8
4
12
2
4
0
4
2
8
4
6
6
0
14
12
4
12
0
0
0
0
4
10
8
8
0
8
2
0
8
8
12
0
4
4
2
0
0
2
0
0
14
4
3
0
0
0
2
0
12
4
10
12
2
0
6
4
14
0
0
0
0
8
12
0
4
2
2
2
10
10
0
0
0
6
6
2
14
0
0
8
0
8
2
0
2
4
6
0
0
2
6
8
2
4
12
0
6
0
6
0
0
0
8
0
6
10
0
6
0
2
10
2
0
8
4
6
2
0
0
0
3
0
12
10
10
8
0
6
