4
2
0
0
6
30
2
3
2
4
0
0
0
0
2
2
6
50
6
4
0
0
2
0
4
4
2
4
0
34
0
0
4
2
2
2
2
4
2
2
2
0
0
2
2
0
2
2
0
4
2
2
2
6
2
2
2
2
2
0
3
2
4
0
2
8
4
0
2
4
2
0
2
4
0
2
6
11
2
4
0
2
2
2
0
2
2
2
0
0
2
0
0
0
0
2
2
0
4
2
4
8
2
2
4
2
4
3
0
0
6
4
10
9
0
0
6
4
4
0
0
0
2
4
2
3
26
0
2
0
2
0
2
4
2
2
0
11
0
2
0
4
2
2
2
6
4
4
2
0
4
4
2
0
0
0
0
0
0
0
0
0
0
0
6
3
0
0
2
4
2
0
4
6
0
2
2
0
0
18
4
2
4
2
0
0
40
2
4
4
2
2
2
0
3
2
0
12
31
27
0
0
2
0
4
0
4
4
6
4
2
2
0
0
0
0
0
0
2
2
0
0
0
2
0
0
0
0
0
2
0
4
0
0
4
0
4
2
2
0
0
2
0
2
4
6
4
0
0
0
0
2
0
2
0
2
0
0
2
0
2
4
2
0
0
0
0
2
0
0
0
0
0
2
2
0
2
0
2
0
0
4
4
4
2
2
4
2
