0
0
0
7
4
4
4
2
2
2
1
5
2
0
2
0
2
0
0
2
0
5
4
2
0
1
2
4
6
9
5
2
0
2
2
4
2
5
3
2
4
0
3
3
2
2
8
2
2
4
0
8
5
5
1
1
0
2
5
2
0
0
0
2
4
5
4
0
0
6
5
3
3
4
1
6
3
3
5
4
16
4
4
5
5
6
6
0
4
6
2
5
9
2
0
2
1
2
2
0
0
2
0
5
3
4
3
10
3
2
4
3
2
8
8
2
2
6
2
4
0
9
2
8
2
0
2
2
2
3
4
6
0
0
0
4
3
5
6
2
8
9
6
0
0
0
2
3
8
5
2
3
0
3
4
11
0
0
4
3
3
2
2
3
1
2
4
3
2
1
2
3
3
2
7
2
4
4
3
5
0
4
0
3
4
1
0
2
3
0
3
4
2
0
0
0
0
0
0
2
2
0
0
3
3
2
1
3
4
5
2
0
2
2
1
2
5
0
1
7
2
4
0
2
2
2
3
2
0
2
2
2
2
10
0
0
0
2
4
1
2
3
4
4
2
2
2
0
4
0
3
0
4
0
2
0
2
3
0
0
2
0
2
2
0
0
5
4
2
2
2
2
5
2
2
2
0
2
4
2
2
0
0
2
2
4
0
0
