2
6
8
4
8
4
2
6
2
6
0
4
17
4
4
0
6
4
17
2
2
2
2
2
2
2
6
6
4
4
6
4
8
6
6
4
6
15
6
2
10
15
10
4
6
2
4
8
8
4
4
2
4
4
4
4
8
6
4
2
4
4
12
2
8
4
30
4
4
2
2
6
8
6
0
4
2
4
2
6
2
6
4
4
4
8
14
4
4
4
6
6
10
2
4
6
6
6
4
4
6
6
2
3
2
2
4
4
4
2
4
6
10
4
2
4
4
6
4
6
6
4
4
8
4
6
2
2
4
4
8
4
2
2
2
6
2
8
4
8
8
4
6
6
4
4
8
2
15
12
8
8
2
4
6
6
2
6
6
2
4
2
0
2
4
2
10
4
0
4
6
6
4
11
6
4
0
6
6
2
4
4
8
6
2
6
6
4
2
2
4
2
6
7
4
4
2
5
8
2
2
2
8
4
4
8
4
2
2
6
8
4
4
2
2
4
8
8
4
8
4
2
4
0
2
2
6
4
4
4
6
2
4
4
4
4
2
4
0
4
4
2
0
2
6
2
4
2
2
8
0
6
6
4
4
9
2
2
2
2
0
4
6
4
4
4
2
6
4
6
4
4
4
2
2
4
2
2
2
6
4
2
2
4
2
6
0
8
