3
0
0
0
2
5
6
2
3
5
5
0
2
0
4
2
1
6
0
0
1
3
9
2
11
4
6
4
0
15
2
7
9
3
4
0
4
4
0
3
1
4
2
2
2
1
5
5
7
2
2
0
13
4
0
2
0
13
2
2
2
7
0
2
0
0
1
13
2
2
2
2
0
2
0
9
1
2
7
2
3
3
0
1
3
4
5
4
3
2
2
19
0
0
13
0
1
2
2
0
11
2
1
2
5
0
2
4
4
2
5
0
4
5
0
3
3
4
3
15
2
2
0
5
3
5
2
3
5
2
0
4
2
2
2
0
2
5
2
5
3
2
2
6
5
13
9
5
4
7
2
2
11
3
2
2
19
5
7
3
2
3
4
4
3
9
2
4
0
7
1
4
2
5
2
15
5
5
2
1
4
2
2
4
2
0
4
4
3
0
9
2
2
2
5
5
2
2
4
0
0
2
2
9
3
5
2
2
0
0
4
3
2
3
4
6
4
2
0
9
0
0
2
1
2
1
4
0
17
4
0
0
2
2
2
4
0
4
9
7
4
5
0
7
2
0
4
4
2
4
3
4
5
4
7
1
0
2
0
3
1
11
2
3
2
0
4
5
0
0
1
11
4
5
2
3
3
0
9
5
2
7
0
7
4
13
4
5
