15
17
5
17
15
21
11
11
11
15
9
13
17
19
7
0
13
13
11
9
15
13
13
17
17
19
9
0
0
23
11
0
0
13
13
0
0
11
13
0
0
11
15
0
0
9
15
0
13
0
22
11
13
0
9
13
5
0
17
11
17
7
17
13
0
15
9
0
0
21
15
0
0
13
15
0
0
9
17
0
11
0
13
11
15
15
9
0
13
9
11
7
1
13
15
11
0
13
13
0
0
11
15
11
0
17
7
21
3
15
11
15
0
13
11
7
0
11
15
9
0
0
0
0
19
0
26
0
19
11
11
0
0
25
13
0
0
0
0
0
0
0
1
0
0
0
0
0
0
0
15
17
9
0
0
25
7
9
21
15
7
13
11
0
11
0
13
17
11
0
5
11
17
0
0
0
0
0
0
0
0
0
0
0
0
9
0
0
19
0
0
13
0
11
0
15
0
11
7
19
0
17
17
0
15
34
9
0
11
25
13
13
15
13
0
11
0
7
0
13
0
7
0
19
0
23
9
25
11
13
0
34
18
0
5
0
7
0
21
0
9
0
17
9
15
0
11
5
0
0
11
9
0
0
19
19
13
0
1
11
15
0
3
3
9
7
19
15
7
9
15
17
11
11
19
23
0
15
17
19
0
0
11
15
0
9
27
23
