19
11
76
20
40
40
23
42
80
6
10
82
25
79
10
10
10
45
20
77
19
30
31
12
19
67
11
25
36
34
31
12
16
51
65
78
51
13
6
8
21
32
20
50
38
30
56
21
25
68
27
11
52
17
22
17
39
72
62
24
30
10
14
7
41
32
18
11
24
60
31
78
15
34
17
22
12
63
49
14
13
74
19
32
60
11
15
71
12
9
15
12
15
53
25
69
45
9
24
17
32
22
11
16
48
59
15
11
20
55
50
10
54
40
16
24
10
22
23
43
32
32
13
7
13
31
17
9
13
8
27
17
40
14
6
8
17
25
6
13
13
17
32
22
14
10
11
11
14
10
17
38
30
21
4
21
18
0
0
0
0
0
0
0
0
0
0
0
0
0
0
0
0
0
0
0
0
0
0
0
0
0
0
0
0
0
0
0
0
0
0
0
0
0
0
0
0
0
0
0
0
0
0
0
0
0
0
0
0
0
0
0
0
0
0
0
0
0
0
0
0
0
0
0
0
0
0
0
0
0
0
0
0
0
0
0
0
0
0
0
0
0
0
0
0
0
0
0
0
0
0
0
0
0
0
0
0
0
0
0
0
0
0
0
0
0
0
0
0
0
0
0
0
0
0
0
0
0
0
0
0
0
0
0
0
0
0
0
