9
4
7
14
7
11
10
9
18
13
17
30
22
0
10
2
1
8
8
25
20
0
41
16
0
14
2
15
16
13
11
0
18
4
25
23
2
16
14
2
13
14
17
23
15
14
1
1
5
22
15
15
1
8
5
24
24
0
24
17
12
12
1
8
5
7
8
7
3
9
5
9
13
11
18
10
0
12
18
15
18
20
8
19
10
13
19
12
1
9
12
21
6
11
9
6
2
17
7
2
1
19
6
21
15
2
2
8
15
13
5
3
1
9
8
14
5
0
18
17
26
15
0
14
13
5
0
1
13
13
11
11
6
0
11
17
10
6
7
1
8
5
8
9
8
12
21
2
8
2
1
4
10
9
8
5
10
8
19
11
1
1
15
12
7
0
18
24
1
12
15
3
2
7
15
16
2
16
39
2
0
10
4
1
9
20
6
1
11
9
15
32
0
3
9
12
10
14
12
12
0
4
15
6
1
10
6
16
6
1
1
7
12
9
9
8
2
14
6
11
4
10
2
5
25
19
26
10
17
1
6
19
1
21
6
1
11
11
1
15
14
6
2
7
10
8
15
4
8
1
20
15
6
2
0
4
13
0
1
12
12
17
12
16
0
15
15
8
16
1
1
9
27
13
19
18
18
9
14
0
0
8
3
8
10
1
13
14
