4
0
2
6
6
6
0
6
4
0
4
8
2
4
2
4
10
4
6
6
8
6
23
2
4
6
4
4
4
2
4
6
4
4
4
4
4
4
21
6
6
4
6
4
8
4
2
6
4
6
2
2
2
4
6
0
21
17
2
2
4
4
4
2
4
2
0
2
8
6
2
6
6
0
4
2
0
6
6
6
4
0
4
2
4
6
4
8
6
2
4
4
4
6
4
4
4
4
4
6
0
2
4
12
4
6
0
6
2
4
4
2
4
6
4
4
2
6
4
2
2
6
8
4
6
8
4
6
25
2
8
6
2
16
6
6
0
2
4
20
2
4
6
20
2
6
2
2
0
4
4
2
0
2
2
4
6
6
2
4
6
2
4
2
4
2
8
2
4
2
6
6
2
2
2
4
4
16
6
4
8
4
4
0
4
2
2
6
21
0
6
6
6
4
6
2
8
4
8
0
4
0
2
2
2
4
6
4
0
2
8
2
8
2
17
4
4
2
4
8
2
4
4
4
45
2
4
6
19
31
6
0
2
8
2
4
0
2
2
6
10
20
2
8
4
2
4
4
6
2
4
16
2
35
0
4
0
2
2
6
2
4
6
4
4
4
4
2
8
4
4
4
4
6
4
6
4
2
4
4
2
4
4
2
2
4
4
2
