8
8
12
33
18
10
14
8
6
10
23
20
18
16
17
6
31
6
10
12
18
18
12
8
0
23
8
19
16
19
6
23
14
8
16
8
10
8
6
23
8
16
10
19
21
14
16
8
0
14
6
4
23
18
4
14
29
6
2
12
16
14
6
12
23
18
25
10
19
10
15
31
11
10
20
16
21
14
25
23
12
6
37
14
31
16
14
21
8
23
33
27
25
16
12
18
4
12
14
6
8
19
10
13
19
6
8
8
21
18
4
18
6
8
14
4
23
25
16
19
21
18
8
6
6
43
27
16
10
19
14
18
18
18
18
14
21
8
25
19
4
8
19
10
10
14
12
19
8
18
35
12
23
14
16
4
10
8
23
16
14
16
37
12
37
33
8
41
29
13
19
29
19
21
54
27
8
23
25
31
23
21
31
27
35
37
17
20
14
10
14
27
14
21
14
16
14
31
16
16
31
8
23
35
33
4
39
23
17
6
16
29
29
35
25
23
4
21
14
8
19
6
14
10
4
11
31
41
8
8
14
14
27
19
25
25
12
8
12
8
16
21
23
14
10
12
10
19
12
16
10
8
16
8
21
6
19
8
12
29
4
6
8
21
14
16
15
14
23
8
12
23
12
8
17
18
12
10
10
4
6
10
12
4
21
25
10
10
