25
30
64
89
40
80
41
42
0
26
95
83
21
28
64
45
87
36
78
62
21
9
30
45
21
69
11
53
44
76
87
21
11
34
11
11
63
42
11
74
26
5
79
66
76
42
2
15
43
73
8
76
34
28
13
44
14
10
21
16
2
42
4
55
44
82
83
68
29
35
23
6
85
78
75
81
30
59
8
91
12
11
28
32
68
7
39
85
11
59
19
9
41
40
9
8
28
44
6
28
13
10
21
4
15
25
6
28
9
38
28
60
30
11
8
60
72
15
17
9
32
58
9
25
9
18
57
66
14
43
19
19
4
7
13
36
40
72
7
13
63
97
24
44
28
23
13
28
15
40
28
7
11
26
17
47
47
38
88
43
41
2
59
44
77
93
17
43
55
39
11
79
66
9
83
98
78
23
8
9
8
45
19
74
78
41
55
9
11
4
70
9
46
9
27
83
38
75
48
22
79
15
23
38
13
8
87
6
35
42
45
52
13
4
9
2
13
37
36
79
10
76
41
9
8
17
27
9
11
49
7
9
44
78
83
60
15
32
22
15
32
70
43
15
8
83
13
45
93
17
19
8
17
89
13
0
47
65
81
68
11
6
28
41
34
74
79
26
41
81
87
74
83
9
5
6
29
31
81
11
77
43
69
81
15
8
80
15
