16
10
15
14
14
29
15
19
10
14
23
18
25
16
14
8
8
10
27
23
18
10
18
16
21
10
12
8
31
18
18
25
12
56
23
14
14
8
10
19
12
16
15
35
25
39
12
23
18
31
29
45
29
25
17
31
17
31
31
18
31
25
47
21
41
16
86
27
14
18
8
47
45
18
18
21
19
10
12
29
14
29
37
52
10
58
33
14
10
10
8
8
14
23
19
18
18
37
25
12
21
23
33
35
47
45
25
37
27
35
33
16
31
29
27
21
33
41
39
49
45
31
35
35
62
53
68
82
60
66
53
68
19
54
43
72
43
16
35
18
21
29
64
43
70
19
54
33
18
53
18
41
14
18
41
14
19
19
12
16
19
10
17
25
23
23
35
14
25
12
23
16
19
10
10
19
18
10
16
8
31
14
8
27
18
25
19
19
51
21
23
18
19
16
18
10
56
35
16
72
14
29
18
10
17
21
54
14
23
19
12
17
21
23
52
18
12
12
45
21
12
39
23
18
35
12
16
16
21
6
18
8
12
12
16
16
17
12
12
8
10
31
6
8
50
10
15
6
25
14
12
12
15
8
12
10
10
6
56
25
16
14
23
29
29
14
27
8
14
12
52
55
31
27
31
41
50
6
6
6
8
14
12
4
29
14
10
6
