9
2
2
1
0
4
0
2
10
2
3
4
2
2
2
7
6
2
3
0
7
3
0
5
12
0
0
4
5
7
5
3
7
5
4
5
5
4
9
4
2
4
2
3
1
5
2
5
4
0
3
5
5
7
3
5
3
4
3
6
4
5
2
5
9
2
4
1
6
2
6
5
3
2
9
5
22
5
3
19
5
8
12
5
0
3
6
9
10
6
0
2
2
5
3
0
10
5
2
9
8
6
5
7
2
6
2
13
5
1
2
5
15
3
3
14
6
5
6
6
7
4
4
4
2
2
0
2
2
2
2
2
4
4
11
18
10
20
6
3
7
9
13
0
2
8
1
5
20
0
4
2
2
4
2
2
3
0
3
20
18
3
3
4
8
5
4
2
10
7
7
4
4
5
0
21
11
0
0
2
0
0
0
0
1
2
4
0
0
2
0
0
3
3
8
2
3
4
3
3
4
4
5
4
2
2
2
2
2
8
5
6
2
4
4
3
4
4
4
3
0
4
4
1
2
9
7
2
2
4
2
6
5
2
5
2
10
4
6
2
0
3
2
2
2
9
3
5
0
0
2
1
2
2
2
4
1
5
5
2
7
2
2
2
0
0
2
2
7
6
2
2
2
8
7
0
2
2
2
2
2
2
0
2
1
0
2
4
