10
48
12
15
35
13
19
19
17
15
21
8
33
15
12
14
21
13
12
19
8
8
12
17
15
15
13
12
15
15
8
17
23
10
8
6
12
14
15
12
17
13
15
27
21
25
21
23
39
21
33
71
27
57
31
17
21
17
15
8
37
23
10
15
19
19
12
17
14
10
6
15
8
31
19
10
15
27
12
23
21
4
15
29
44
17
31
6
13
10
13
17
12
33
15
15
14
31
19
8
8
19
31
13
21
6
23
15
27
6
21
15
46
27
27
40
19
15
27
8
13
31
37
10
31
13
8
14
17
12
39
17
14
25
13
31
19
31
8
33
56
12
10
6
13
25
54
40
6
29
56
23
12
0
10
6
10
12
29
13
6
8
4
8
4
13
10
13
10
6
8
2
4
8
6
8
2
8
6
8
6
4
2
0
12
2
2
8
6
6
0
0
2
6
8
4
6
2
4
8
4
6
6
4
4
4
2
12
4
6
6
6
6
4
4
6
19
21
6
6
6
0
6
2
2
4
2
8
2
6
12
4
6
4
2
4
10
10
4
4
4
6
6
0
6
4
13
11
6
6
2
4
4
4
4
10
0
2
2
3
6
6
6
4
6
4
2
4
4
4
6
31
23
15
42
8
19
8
21
13
46
23
27
8
8
33
10
10
