6
7
2
9
4
3
2
7
7
9
7
9
6
5
6
6
11
0
4
4
8
6
4
4
8
0
8
8
2
2
6
6
2
4
6
7
2
8
5
6
23
4
35
8
2
4
9
6
8
9
9
11
4
27
11
6
4
9
19
7
7
2
5
0
7
18
19
31
29
29
34
36
37
43
36
13
39
42
53
17
35
55
26
20
24
41
45
18
46
15
29
46
28
22
33
31
56
39
40
38
21
37
39
24
25
34
40
46
49
13
30
9
18
28
36
30
42
2
44
17
32
20
27
44
18
11
39
29
38
38
11
21
11
43
28
0
17
21
40
19
38
35
37
33
22
10
15
48
44
33
6
8
32
8
4
11
8
5
6
11
20
4
6
9
9
9
11
4
8
4
9
4
11
8
6
4
9
4
8
6
6
16
7
6
25
25
13
4
8
5
6
2
9
10
7
7
15
6
16
13
8
4
7
5
4
13
4
6
4
10
7
7
6
11
13
8
10
6
16
9
19
9
18
8
6
4
7
6
5
4
7
7
7
6
10
22
9
6
21
18
4
4
11
40
9
8
9
17
21
34
25
4
4
6
7
42
9
5
6
11
10
2
6
8
19
6
15
7
4
2
6
6
13
9
15
6
6
13
10
2
9
4
6
6
10
11
4
4
