4
4
4
8
3
8
7
9
0
6
6
2
9
4
4
7
4
7
5
0
9
2
2
4
5
2
6
10
2
6
11
6
9
4
7
8
9
0
2
10
8
4
7
5
4
4
8
8
6
8
4
6
4
4
11
4
5
10
8
4
8
6
8
6
11
15
7
6
9
4
4
9
8
6
6
6
6
6
9
7
9
10
6
8
4
6
11
6
6
7
11
6
13
7
10
7
4
6
8
15
25
2
15
7
11
15
15
13
13
79
14
9
7
7
7
6
22
11
17
11
15
9
32
18
7
17
28
13
27
39
32
14
9
17
11
9
6
17
15
15
20
11
17
19
25
11
23
9
19
16
20
9
26
7
20
22
8
11
27
32
13
20
11
21
21
34
24
23
13
30
20
6
11
6
22
22
14
34
30
31
14
21
19
45
22
13
21
11
6
21
24
27
21
19
13
21
5
31
24
9
11
27
22
7
11
15
9
9
9
20
26
7
15
32
19
17
18
13
11
13
14
9
11
11
10
15
26
9
26
19
14
24
19
6
21
33
21
6
24
15
11
11
31
9
17
11
11
9
11
23
20
6
11
19
9
14
6
17
9
8
6
17
15
13
17
18
8
33
19
17
21
21
30
24
28
11
13
19
19
9
17
21
23
24
11
15
9
17
