0
6
2
2
0
6
0
0
8
2
6
2
2
0
0
0
0
0
6
24
2
6
0
8
2
0
2
6
0
0
0
5
4
10
6
23
6
8
0
4
0
8
2
0
4
0
0
4
0
8
21
2
4
0
0
0
25
2
2
0
6
0
0
0
4
0
55
2
2
0
8
0
4
25
0
2
2
4
8
0
0
0
0
6
10
4
6
20
2
2
8
4
0
14
0
0
9
0
2
2
2
0
0
2
6
4
2
2
2
4
0
0
0
6
0
4
0
0
0
0
2
8
0
6
6
6
4
0
0
0
4
2
0
0
0
12
0
33
6
9
4
4
0
6
94
10
8
0
2
0
2
0
0
6
2
4
25
4
0
4
2
8
2
2
4
2
0
2
2
27
6
2
84
4
2
0
0
6
2
2
0
4
4
8
6
2
2
0
2
8
6
2
0
4
0
10
4
4
2
2
2
8
0
0
2
2
2
0
14
6
2
2
2
8
0
0
2
0
6
6
0
6
10
0
6
11
8
4
2
4
0
4
0
4
0
4
8
4
0
0
0
8
0
6
0
0
6
2
97
8
8
0
2
0
0
6
2
2
6
2
9
8
0
6
2
4
4
0
0
8
8
2
29
0
21
2
53
0
8
4
0
2
0
4
6
8
0
2
