2
0
0
0
1
12
6
1
6
0
0
0
0
4
2
2
0
7
0
1
1
0
4
1
0
5
0
0
0
4
0
0
0
1
0
0
4
0
0
0
1
1
44
12
0
0
0
2
0
0
0
0
11
0
0
0
0
0
0
1
0
0
1
1
0
0
0
0
0
2
2
1
0
0
12
0
0
0
1
1
0
2
0
0
0
7
0
2
1
0
1
0
0
0
1
0
6
0
0
3
3
0
4
1
0
0
0
7
1
4
0
0
1
3
0
5
1
0
5
4
0
1
1
0
2
0
1
1
0
5
4
1
8
1
1
3
6
2
2
11
0
0
8
4
1
1
6
5
13
3
3
0
1
1
1
1
2
1
1
0
5
0
1
5
4
0
1
1
0
0
0
11
3
0
2
1
9
0
1
0
1
0
1
1
3
0
3
1
1
0
4
0
3
0
10
0
0
5
2
3
4
9
9
1
2
0
0
4
1
0
1
1
7
5
0
3
3
3
3
2
0
0
0
2
4
0
3
1
1
0
0
0
3
0
4
11
1
7
1
3
0
4
0
3
5
1
0
2
1
0
0
1
1
1
9
4
0
1
1
0
0
6
1
1
0
0
2
6
5
1
5
1
0
5
0
1
9
3
0
3
1
8
3
4
1
1
0
1
