14
10
9
8
13
10
8
14
20
13
14
13
14
16
10
10
10
12
18
13
20
11
17
12
17
10
14
10
8
16
13
23
19
7
25
10
16
15
9
18
9
9
19
15
8
13
11
14
14
13
17
11
15
13
8
12
15
11
11
11
16
8
10
17
8
7
14
14
20
12
14
17
6
17
14
16
9
10
14
11
12
10
13
19
8
7
14
11
8
13
12
9
9
6
11
11
9
12
14
11
6
11
20
12
13
17
7
8
15
11
10
12
9
7
7
18
14
7
10
16
10
14
11
10
18
8
6
9
16
13
12
14
13
13
14
13
11
25
24
19
19
14
13
12
5
10
9
13
14
21
12
10
14
7
12
13
13
19
10
10
15
11
8
10
10
11
8
8
10
14
22
10
15
11
11
12
14
6
11
17
10
6
7
7
15
8
12
8
16
13
10
10
13
12
10
9
7
10
12
16
7
14
4
9
9
18
10
16
9
12
16
11
9
9
11
6
9
8
16
19
10
9
15
5
5
11
7
6
11
11
15
13
7
4
8
8
7
6
3
13
9
8
17
12
17
8
8
8
7
9
6
9
8
10
10
13
6
10
12
13
8
11
12
9
16
7
13
7
12
7
6
11
10
7
8
7
8
8
12
9
7
7
8
4
11
10
10
9
