0
2
7
5
2
0
11
8
11
8
9
6
7
0
2
2
6
11
6
6
3
2
4
6
3
7
7
14
4
9
21
0
7
0
0
6
11
8
12
14
11
1
15
12
7
0
5
5
6
6
2
2
0
2
3
0
5
5
17
8
18
4
2
9
4
8
16
0
8
8
6
13
5
0
10
6
5
2
9
8
8
6
15
5
8
8
0
11
3
22
7
12
9
15
14
10
9
4
4
5
17
0
19
7
8
15
6
5
2
12
0
2
0
4
5
5
0
10
8
9
6
12
4
7
10
15
5
11
13
8
6
10
10
4
8
16
10
8
10
5
2
7
12
17
5
9
4
11
11
8
4
6
6
7
2
0
4
2
6
6
10
5
17
8
5
11
8
17
10
10
3
0
5
7
0
6
5
8
3
2
4
18
0
11
0
11
7
2
6
0
6
13
2
7
8
2
4
15
7
16
5
7
20
7
0
1
6
12
2
0
10
5
3
5
10
1
3
4
3
8
2
0
6
2
6
10
2
4
5
4
6
0
4
6
3
8
5
4
4
2
6
2
2
7
6
2
2
13
6
7
4
2
6
2
5
0
6
9
7
5
5
10
2
4
3
7
4
6
0
2
4
1
11
15
13
4
4
6
2
10
3
4
8
4
4
8
5
4
