22
1
9
5
3
5
1
3
4
1
4
3
9
7
5
9
0
8
6
1
11
5
1
3
0
2
3
12
0
3
5
4
10
4
3
4
9
4
5
1
2
3
5
6
7
6
0
2
5
6
3
1
4
1
4
4
6
4
6
2
3
4
19
11
3
4
4
4
0
4
4
6
3
13
4
4
5
6
4
3
0
0
4
8
7
3
5
3
5
4
6
4
2
3
1
2
3
4
4
3
4
3
3
1
4
12
4
4
12
4
8
0
11
7
3
13
0
4
2
3
4
3
3
0
1
1
4
2
6
3
4
2
4
2
3
0
5
1
3
2
11
4
4
3
1
1
2
1
3
5
4
2
4
1
9
4
0
3
1
5
3
3
6
14
1
1
2
0
22
10
4
1
10
4
3
2
1
9
3
3
3
1
7
4
7
3
6
3
3
5
4
1
3
3
8
4
1
5
1
6
4
1
4
7
11
6
4
3
7
1
3
4
2
7
5
3
3
4
3
4
1
1
3
1
2
3
19
1
5
3
4
1
5
1
4
2
3
4
4
0
15
4
3
4
1
1
1
1
1
1
6
1
12
0
0
3
9
3
3
4
4
5
3
6
12
3
2
5
5
2
1
8
1
16
3
0
3
2
3
3
3
6
3
1
4
12
1
1
