27
21
10
8
15
21
16
18
21
8
8
14
10
14
23
16
12
14
14
14
12
8
20
14
25
10
12
14
16
16
18
20
16
12
86
16
10
16
14
23
19
18
14
21
31
16
16
18
14
33
16
16
18
14
16
18
20
25
14
14
36
22
12
16
29
0
23
20
10
14
8
23
14
33
8
16
35
18
25
14
22
23
20
10
25
14
10
12
6
16
10
6
8
10
12
27
23
10
4
10
18
21
12
10
12
6
22
14
37
12
23
12
12
12
12
8
29
33
10
19
10
6
21
8
25
19
12
6
29
8
6
10
8
19
33
16
18
12
16
20
22
12
31
10
22
10
31
33
4
25
6
8
8
31
6
6
12
12
25
6
25
18
6
10
10
14
12
8
10
10
6
10
16
16
39
14
20
10
25
4
10
14
12
43
18
12
8
27
10
10
21
31
16
14
37
10
8
31
37
29
23
27
20
18
18
18
31
20
19
23
20
22
29
33
16
43
6
35
35
16
20
25
20
12
16
16
20
35
16
20
33
14
21
53
23
21
27
16
31
45
22
16
25
22
25
16
25
35
21
12
16
23
29
14
25
25
8
14
27
22
16
12
10
16
14
6
14
14
10
8
14
8
22
16
10
8
39
20
8
6
20
4
10
29
12
18
21
14
