4
9
2
4
4
5
5
4
0
4
2
5
5
2
4
6
5
0
0
2
2
7
7
5
2
2
9
2
2
2
2
4
7
4
9
2
2
5
4
2
0
2
0
5
5
2
5
0
5
5
2
2
0
5
4
4
5
5
4
2
4
2
5
3
5
2
2
4
0
5
4
7
5
4
2
4
5
4
7
5
5
21
4
2
5
5
5
5
5
2
7
4
4
7
5
5
4
7
7
4
5
2
2
2
4
4
0
4
2
5
4
5
7
0
2
9
2
5
7
7
9
5
5
17
13
5
11
4
7
31
4
9
4
7
4
11
7
7
4
7
15
9
9
9
5
7
29
4
4
7
23
9
5
9
9
7
9
13
15
5
21
17
7
5
13
7
9
11
13
11
5
19
5
9
11
13
9
7
7
15
11
9
7
9
9
5
23
4
15
13
9
11
5
5
9
19
5
19
9
13
5
9
7
7
13
5
17
11
13
13
4
15
5
11
5
4
5
11
7
7
9
9
9
5
5
7
7
7
7
5
9
3
9
9
4
7
9
5
9
2
13
4
17
5
4
5
11
5
9
4
5
5
9
9
7
5
7
7
5
9
7
11
7
5
5
4
11
9
4
7
9
9
2
17
5
7
5
11
5
5
11
7
2
7
5
27
7
4
