5
11
13
7
5
7
7
9
9
1
0
5
3
3
7
5
0
0
2
2
3
3
7
11
0
9
0
5
3
3
7
7
2
5
2
7
5
3
9
0
3
3
3
7
5
5
2
0
0
3
2
9
13
5
2
0
5
7
3
3
5
0
0
9
13
2
3
9
1
2
2
3
9
2
2
3
3
2
11
0
11
2
3
5
2
19
2
5
9
11
5
5
3
2
5
0
5
13
5
7
3
9
2
7
3
7
2
3
3
1
7
3
7
3
3
2
5
5
3
7
7
11
2
3
3
3
5
5
7
11
7
5
1
5
3
7
7
5
5
3
7
3
5
7
5
0
1
0
7
13
9
7
17
21
11
27
11
29
31
11
25
9
15
25
19
9
29
19
5
17
7
11
15
19
5
11
9
13
25
33
11
9
27
0
9
9
3
3
13
11
13
13
11
15
15
11
7
5
17
13
11
5
15
13
5
17
9
7
17
13
19
11
9
19
19
9
15
17
7
11
7
17
13
13
15
11
13
3
11
13
17
3
5
19
13
27
15
3
5
9
11
9
7
5
3
11
7
9
7
5
5
7
7
21
13
9
13
11
5
11
19
5
7
5
7
11
9
19
7
7
9
11
11
7
13
7
9
11
7
9
19
13
9
23
15
15
11
5
