8
8
0
8
7
0
8
2
35
0
0
8
7
8
8
8
23
0
8
8
8
7
7
8
8
0
8
0
7
8
3
8
8
33
8
27
8
0
8
8
0
0
8
8
0
8
8
7
8
0
7
0
8
42
25
73
73
2
0
8
8
24
6
8
7
7
8
8
8
67
0
8
7
8
22
5
8
8
8
3
8
8
3
4
8
31
0
0
8
0
0
0
8
0
7
0
8
8
8
68
8
0
8
8
8
8
0
8
8
7
6
8
8
8
5
8
0
31
0
8
61
36
8
78
30
8
18
8
8
5
8
5
7
23
8
8
7
8
8
2
88
3
90
0
40
3
8
0
8
3
7
0
20
8
42
8
86
8
0
8
8
24
8
0
8
0
8
49
7
8
0
8
8
8
6
7
7
0
32
8
8
0
6
27
8
8
19
8
0
5
7
88
8
8
24
0
3
23
8
71
0
45
0
2
31
8
8
8
0
7
0
8
8
7
0
8
6
0
8
8
3
7
16
0
0
0
0
8
0
8
8
0
8
8
8
8
3
8
8
84
0
0
8
0
8
6
8
8
8
8
5
8
0
8
8
8
0
16
15
0
7
7
8
0
8
8
8
8
0
0
8
0
8
8
8
0
8
8
0
8
2
0
0
0
8
8
28
2
