16
72
19
23
24
9
13
18
16
8
12
22
19
17
11
16
22
11
22
61
9
28
43
12
23
20
21
29
35
26
15
24
23
29
16
19
27
9
15
7
23
35
81
16
11
13
5
34
17
14
5
21
10
11
22
20
3
8
37
63
34
0
0
0
0
0
0
0
0
0
0
0
0
0
18
11
32
24
27
12
18
7
30
26
28
50
17
27
14
6
12
29
11
38
14
26
36
35
53
30
14
27
33
24
21
14
10
32
25
31
37
35
72
43
29
15
24
28
22
9
16
17
16
25
41
11
37
27
23
11
35
28
27
20
25
28
11
11
28
27
41
22
22
29
19
30
17
14
10
14
19
46
37
34
63
34
31
29
30
25
33
35
26
11
16
19
18
18
30
57
9
25
16
11
12
19
28
26
21
25
13
21
35
43
59
17
37
17
29
31
24
14
5
34
27
1
33
9
0
1
26
10
7
23
27
18
49
34
18
3
8
20
9
15
49
19
23
30
34
13
41
26
17
9
28
9
17
25
18
21
17
27
33
23
15
31
25
44
28
23
24
13
22
19
28
13
10
13
26
32
28
18
23
12
54
15
16
17
13
15
26
16
26
46
17
48
30
24
43
24
11
11
7
12
27
22
14
20
5
6
5
9
14
22
15
17
38
23
