2
4
4
4
2
4
2
2
2
2
2
2
2
4
2
2
2
4
2
6
6
4
2
4
4
2
2
2
2
2
4
4
6
4
2
4
4
2
2
6
2
4
4
6
2
4
2
4
5
2
2
2
2
4
2
2
2
4
2
0
2
0
2
2
4
2
2
2
6
2
7
4
6
2
5
5
6
7
8
2
4
2
4
4
2
0
4
2
4
4
4
2
4
6
4
4
2
4
2
4
2
2
2
2
0
0
2
4
2
2
0
2
2
0
2
2
2
0
0
2
2
2
0
2
0
4
0
0
2
0
0
2
2
0
2
2
2
2
2
2
0
2
2
0
2
0
0
2
2
11
0
4
0
2
0
4
2
0
0
2
2
2
2
2
27
2
0
2
2
2
2
2
0
0
0
0
2
0
2
2
2
0
4
39
0
4
6
2
4
4
4
4
4
6
6
6
4
2
4
2
2
2
0
0
4
2
6
4
4
2
4
4
4
4
8
4
4
8
6
4
6
4
4
4
2
2
4
6
4
4
4
6
4
0
4
4
6
2
4
2
4
5
2
4
2
4
4
8
2
4
2
5
4
2
4
4
6
6
2
4
2
2
2
0
2
0
2
2
2
4
2
2
4
4
2
2
4
2
4
4
4
2
4
0
4
0
4
4
