5
3
1
3
0
5
1
0
1
1
0
0
0
0
3
5
7
0
0
0
0
0
0
0
0
0
0
1
0
0
0
0
1
1
0
0
1
9
3
3
0
1
3
0
0
0
0
3
0
0
5
0
1
0
0
0
0
1
1
1
7
5
0
3
5
1
0
0
4
0
0
1
3
7
0
1
1
5
3
0
0
1
1
3
1
0
0
0
1
1
0
0
0
1
0
0
0
0
5
3
0
1
0
0
0
3
16
0
1
0
3
0
3
1
0
0
3
3
0
1
1
7
0
3
0
1
0
0
0
10
0
0
1
0
0
5
0
0
0
0
1
0
8
1
0
0
0
1
13
1
1
3
1
0
0
1
1
12
1
0
0
5
0
1
1
8
1
0
9
1
3
1
1
0
1
1
7
3
1
0
3
0
8
3
0
0
5
0
9
3
3
5
1
5
0
0
3
1
1
5
0
1
3
0
0
0
3
3
1
1
0
1
1
9
3
3
9
9
1
1
1
0
0
11
3
0
3
0
1
3
1
0
1
1
0
7
5
5
1
0
7
1
3
1
3
0
0
3
0
0
0
0
15
0
0
0
0
0
0
1
8
0
0
1
0
3
0
0
1
3
1
1
1
1
0
0
0
0
1
0
5
3
1
5
0
1
12
3
