31
10
6
6
10
6
8
8
8
10
6
12
6
8
8
12
10
8
6
10
2
8
6
8
6
8
10
14
8
6
2
10
2
6
12
12
8
8
4
8
8
6
6
10
6
10
10
6
6
16
12
12
8
4
6
10
10
12
10
10
14
10
20
10
31
4
6
14
12
8
12
8
14
8
10
8
12
4
12
8
6
10
8
10
8
10
10
6
4
12
6
6
10
4
8
12
8
6
6
14
4
4
6
10
13
6
8
4
8
10
11
6
6
15
8
8
8
8
8
12
14
16
10
10
18
8
12
12
8
10
8
8
8
10
12
14
10
10
23
12
16
16
10
10
10
10
12
18
10
2
10
6
4
8
18
6
12
6
14
12
18
11
10
10
10
17
10
12
12
10
12
14
12
21
25
16
12
6
10
21
12
12
6
10
12
10
12
10
14
12
9
10
15
12
20
4
10
16
21
10
8
18
20
16
6
6
21
10
14
14
10
20
0
16
14
16
8
6
14
12
18
14
6
14
12
14
11
12
10
4
12
12
14
10
8
8
6
12
6
8
16
16
8
4
8
12
10
12
4
14
12
8
12
8
8
8
16
4
21
8
14
8
8
10
8
12
10
10
8
10
10
14
16
10
8
39
12
14
16
10
2
6
6
14
10
10
8
10
