26
24
27
40
13
22
28
21
24
27
11
46
31
34
30
41
38
36
36
25
6
22
30
28
42
34
39
32
11
22
30
29
33
27
39
32
29
31
30
21
21
33
30
29
28
23
21
16
30
28
23
27
28
22
28
17
32
38
33
40
31
29
16
30
30
14
30
42
34
29
25
28
36
33
25
13
27
27
26
32
26
16
31
31
18
33
25
28
18
22
37
20
23
21
36
23
9
32
36
19
37
9
31
27
36
34
34
33
44
31
37
27
25
25
37
37
32
31
33
37
24
25
9
24
31
29
32
37
30
31
30
40
11
31
31
35
29
28
36
29
40
41
32
34
31
28
35
39
34
34
32
27
30
18
31
20
30
25
29
20
18
20
28
29
27
17
25
28
9
31
28
21
14
21
29
22
23
21
21
20
21
28
18
26
25
12
19
21
18
12
12
17
18
31
25
26
19
23
28
13
13
19
21
29
32
24
31
26
24
25
28
19
19
24
22
17
23
26
20
19
16
21
16
14
23
17
16
21
18
24
25
23
26
30
22
24
27
19
22
22
19
22
21
17
27
27
21
36
26
23
23
23
28
32
25
16
11
24
30
29
26
23
24
29
27
34
31
20
29
24
18
21
18
22
19
10
29
12
29
24
20
22
15
22
31
28
29
23
