32
42
45
16
18
18
22
31
43
57
44
38
73
35
42
18
60
39
31
34
42
34
37
68
59
33
50
21
71
29
24
28
36
48
76
15
53
27
26
36
45
84
28
36
17
28
58
39
48
38
31
40
31
37
34
19
50
31
79
42
63
41
27
25
26
19
28
23
44
49
43
78
43
31
36
39
21
23
25
72
31
51
57
51
33
33
43
35
35
58
35
29
56
41
37
26
61
31
22
45
30
23
36
19
25
34
33
34
36
50
44
28
39
71
40
30
30
35
63
28
40
44
41
31
42
45
40
19
36
37
42
42
22
27
41
41
41
32
22
27
24
84
36
29
81
37
33
73
43
60
23
24
37
53
84
50
25
30
26
54
21
66
24
60
28
44
26
27
64
22
14
32
37
21
4
38
21
26
16
22
70
29
33
15
68
27
59
51
36
47
27
23
27
31
43
51
32
17
59
45
48
65
84
37
80
36
44
27
19
75
24
31
27
33
50
43
33
28
81
35
71
32
74
10
11
23
22
26
69
17
34
71
24
27
33
68
76
52
58
68
68
28
53
21
19
15
26
65
20
50
37
78
33
20
25
52
52
42
59
36
10
36
27
17
49
25
35
42
9
17
2
17
26
32
28
30
57
44
96
68
57
9
56
17
18
60
37
37
