7
20
9
6
22
15
22
29
20
15
4
9
15
15
13
13
7
15
13
9
13
13
17
15
13
13
15
8
13
13
9
11
17
4
17
15
13
17
11
8
26
13
8
12
4
5
11
11
14
10
15
11
15
7
6
27
16
11
5
5
19
17
9
11
19
28
24
11
16
7
9
26
8
19
11
17
9
6
21
12
18
8
5
20
9
20
13
22
12
13
11
9
13
7
13
11
9
25
11
12
12
10
7
7
7
13
9
5
9
14
9
14
9
8
8
7
8
7
7
19
7
13
13
13
9
9
15
12
9
10
7
9
9
9
9
14
8
18
6
15
11
9
37
36
36
17
15
8
14
9
22
8
11
9
10
17
13
7
12
16
12
13
23
16
18
5
59
15
21
9
5
15
19
22
10
7
11
14
15
11
19
12
20
21
20
15
8
10
11
13
13
12
16
8
14
9
10
11
11
13
7
9
9
15
9
10
7
13
15
9
15
11
11
7
9
11
11
7
20
18
9
12
6
14
9
9
9
11
4
47
6
13
11
12
18
7
7
10
15
9
9
26
10
8
7
15
16
9
10
11
13
7
7
6
7
21
9
11
5
5
17
9
11
8
6
5
8
15
13
19
15
11
12
13
10
13
11
11
19
5
8
7
7
3
6
4
11
8
