0
0
0
2
0
0
2
0
2
0
0
2
0
2
2
0
0
2
0
0
0
0
0
4
18
0
0
0
2
0
10
2
4
0
0
0
18
0
0
2
0
0
0
2
0
0
0
0
0
0
2
0
2
0
0
2
0
0
0
2
0
0
0
0
2
0
2
4
0
0
0
0
0
0
6
2
0
0
0
0
0
0
2
0
0
0
0
8
0
2
2
6
4
0
0
2
2
4
0
0
0
0
2
0
4
2
0
0
0
0
2
6
6
4
8
2
6
2
4
0
0
4
4
2
18
4
0
10
2
10
2
4
2
0
4
0
2
0
4
0
0
0
2
2
2
10
4
0
2
2
12
0
0
2
14
6
2
0
2
0
6
0
0
0
0
0
2
2
4
0
2
0
2
2
0
10
2
2
2
8
4
2
11
4
0
6
20
2
2
27
4
2
2
14
4
6
0
4
2
2
2
4
6
0
2
0
4
0
12
4
0
6
2
8
4
4
14
2
12
8
0
6
2
8
0
4
0
8
4
4
2
0
2
0
4
4
2
2
14
10
2
2
6
4
0
0
0
2
13
0
0
4
2
2
2
2
2
4
2
2
0
4
2
0
6
4
0
0
4
2
2
4
12
2
2
4
2
10
2
8
4
8
4
2
2
2
2
2
