14
18
17
16
16
16
16
16
16
16
16
14
20
16
18
16
16
18
14
16
16
16
16
16
16
16
16
16
14
16
16
14
12
18
14
18
14
14
16
16
14
16
16
16
16
14
18
14
14
18
16
16
15
16
14
16
16
16
14
14
14
16
16
16
16
18
16
16
16
14
14
16
14
12
14
16
16
16
16
16
18
16
16
16
18
16
14
18
18
16
16
16
18
18
16
18
16
12
16
18
16
14
16
16
16
14
18
14
12
16
16
16
14
16
14
18
16
16
16
16
16
18
14
16
14
12
14
14
16
14
16
14
16
16
14
14
12
18
16
16
16
16
16
16
14
16
16
16
16
15
18
14
16
16
16
14
16
16
14
16
14
16
14
16
15
18
16
16
14
14
16
12
18
14
16
16
16
16
18
18
16
16
18
18
16
16
18
16
14
16
18
12
16
16
16
16
14
18
18
16
14
16
14
14
14
18
14
18
16
18
14
16
18
16
16
18
16
14
16
16
20
16
16
16
16
14
16
14
14
16
14
18
16
14
14
16
16
14
14
14
19
16
18
16
16
16
18
16
16
14
18
17
18
14
18
16
14
16
16
14
18
18
18
16
16
16
16
16
16
18
16
18
14
18
16
16
18
14
12
16
14
18
18
16
16
14
18
14
