15
11
11
11
14
11
11
20
18
18
11
13
19
17
9
5
5
7
6
9
11
7
7
26
7
13
9
6
15
11
7
16
2
11
11
15
9
11
4
4
14
9
14
11
7
8
40
4
8
16
11
9
20
4
15
15
15
15
17
11
9
10
13
16
15
17
6
11
8
6
25
9
11
9
13
11
16
7
12
16
7
7
12
18
9
22
11
15
34
19
11
13
9
11
15
11
12
13
14
6
24
11
20
23
15
20
15
11
17
16
24
18
13
28
13
21
32
11
22
31
21
18
26
18
25
39
17
20
26
14
35
15
29
22
24
13
19
17
13
19
9
15
18
15
6
15
14
11
14
16
16
17
15
23
13
11
11
17
29
19
22
20
13
11
20
20
17
17
13
21
20
16
30
20
17
7
18
17
17
21
13
13
22
13
18
26
25
26
23
23
8
13
19
15
23
14
13
22
24
27
16
21
27
18
20
15
25
25
26
22
21
35
9
9
32
22
26
29
17
25
22
15
37
16
11
11
9
15
13
15
18
21
17
15
9
17
20
20
17
6
17
16
22
15
12
7
24
11
11
9
9
15
7
19
15
13
32
13
13
11
20
7
6
16
9
9
19
6
15
9
2
4
7
2
5
8
9
7
2
7
15
9
7
2
4
4
2
4
