0
14
11
13
23
16
7
11
13
9
23
6
11
15
21
17
8
17
19
17
8
21
13
8
11
22
19
6
8
23
12
19
8
8
15
29
6
9
11
4
11
11
11
11
15
8
9
10
11
17
11
10
23
10
17
12
24
27
21
17
15
12
19
15
10
10
23
26
9
8
21
7
9
38
29
27
19
59
32
27
11
15
10
32
6
33
13
9
11
17
23
10
49
33
4
13
25
10
8
10
10
17
13
21
15
17
8
17
6
15
17
23
14
25
15
27
23
11
28
19
17
8
33
19
19
51
27
17
42
13
32
8
11
6
28
11
40
21
38
36
11
30
27
6
26
32
29
15
8
23
15
10
6
13
2
10
6
10
10
10
25
9
17
8
19
8
8
11
47
25
48
9
26
12
8
13
14
11
40
8
48
15
10
10
6
21
15
21
19
13
31
43
28
27
23
9
48
8
23
21
21
13
13
22
16
15
9
6
42
17
6
23
31
7
15
15
23
22
9
23
7
17
8
35
17
21
42
15
19
17
15
19
17
10
8
19
23
44
17
8
23
35
12
31
32
15
14
23
17
23
15
9
7
13
27
9
17
12
25
6
19
39
9
21
19
37
12
15
15
12
4
7
25
13
10
19
15
17
8
12
12
10
8
19
15
10
9
6
