9
11
7
17
9
21
11
7
7
7
13
3
25
7
9
5
5
21
11
11
17
11
17
17
5
3
7
7
13
13
11
19
15
7
7
17
15
13
11
11
23
21
11
15
21
11
21
5
19
9
7
17
27
13
17
21
7
23
15
15
7
7
21
19
11
19
23
25
13
9
13
23
17
5
5
5
9
9
11
17
23
5
5
15
11
17
5
5
11
11
17
5
9
35
2
19
11
11
15
9
5
9
5
5
7
11
11
13
19
13
7
11
2
5
17
21
13
15
15
5
17
5
7
3
9
17
17
13
9
13
15
15
3
15
2
3
5
9
21
3
15
13
7
15
3
17
15
7
7
17
5
11
13
3
7
11
9
7
9
5
19
2
0
9
5
15
7
19
19
19
9
33
11
5
21
39
11
13
25
15
9
27
15
15
17
17
9
9
25
5
17
11
13
21
17
25
31
13
21
7
11
13
7
5
35
15
25
13
21
23
13
13
11
9
9
49
11
5
5
11
7
5
9
17
13
5
21
19
3
17
13
11
15
11
11
31
9
15
11
11
15
17
5
9
13
15
9
19
7
3
3
25
11
21
25
11
7
5
7
7
7
29
17
13
39
15
5
17
5
23
5
15
7
11
13
11
23
25
7
3
15
7
5
7
5
9
9
13
