19
17
9
17
11
26
19
18
17
28
23
15
13
9
11
7
13
21
9
17
13
32
20
15
19
26
9
26
22
17
36
13
19
17
22
15
11
17
3
21
9
11
11
36
32
23
39
15
26
19
17
21
32
19
24
36
21
26
23
21
19
11
15
9
26
13
19
15
13
26
19
13
13
15
21
26
11
30
24
24
19
19
28
19
15
11
24
17
19
19
17
15
20
26
22
30
11
20
26
13
20
34
15
13
11
59
17
25
17
17
9
15
33
13
7
11
13
11
11
26
30
7
11
11
11
15
26
15
11
17
7
11
17
11
17
11
15
7
22
15
21
9
13
11
9
19
24
13
21
28
19
17
11
22
22
15
19
17
17
17
19
7
7
15
17
11
11
11
15
7
19
11
28
1
25
21
23
19
28
30
26
28
22
26
22
21
28
30
32
19
21
90
22
16
36
26
73
30
53
22
20
34
22
15
41
25
44
23
23
45
38
36
23
38
13
21
17
42
40
13
19
24
34
11
28
13
26
19
13
20
23
22
15
40
26
32
34
24
30
26
19
49
17
26
24
19
38
9
19
24
24
36
21
19
22
19
19
7
34
11
23
23
15
15
15
22
26
11
11
11
19
24
19
21
15
9
19
15
15
19
21
15
15
13
13
15
11
15
