2
6
2
4
0
0
4
4
2
0
6
6
2
4
6
2
2
2
8
0
4
2
8
4
2
2
2
2
2
4
4
4
8
6
0
0
0
4
8
2
2
2
0
4
2
4
2
2
10
4
0
2
0
4
4
2
2
4
0
2
4
0
4
2
6
4
2
0
2
2
4
6
4
4
2
0
0
2
4
2
8
0
2
2
6
6
8
2
0
4
2
2
0
0
2
4
0
4
0
2
0
8
2
2
0
0
6
0
0
4
4
2
2
2
8
2
0
2
6
12
0
4
0
8
8
2
2
6
4
0
6
4
4
2
0
8
4
2
4
14
6
4
4
6
6
4
4
6
6
4
6
0
4
4
4
4
14
6
6
6
6
8
7
6
4
4
4
4
4
6
4
8
6
6
6
4
2
8
2
6
2
0
4
6
6
2
4
2
6
0
8
4
4
6
8
8
6
8
0
4
4
4
6
4
8
0
6
6
8
0
4
2
4
4
4
0
0
0
6
6
4
4
85
0
8
2
2
6
2
6
2
4
2
4
4
4
4
6
2
4
4
2
4
4
2
2
4
0
4
8
4
2
2
0
4
12
4
4
10
4
0
4
6
4
2
4
6
6
4
2
4
4
6
2
2
4
4
2
4
2
6
2
4
8
6
12
4
2
