10
9
7
14
14
14
13
15
11
17
15
13
15
9
17
28
14
18
12
22
25
18
16
12
10
9
16
11
7
7
21
15
11
12
10
8
10
5
7
8
6
9
7
2
10
8
10
10
1
8
6
6
7
16
8
13
18
11
11
9
10
10
10
9
12
9
11
12
8
9
8
8
2
9
6
9
13
10
1
9
7
12
7
5
9
5
6
9
10
14
1
5
1
11
9
5
10
6
11
6
6
12
10
6
8
3
6
7
6
7
4
5
6
15
10
6
8
10
6
1
10
0
8
8
11
10
9
15
9
9
10
6
9
6
5
5
1
2
2
1
7
7
1
1
5
6
5
7
1
1
7
6
7
9
13
7
6
2
9
6
7
10
9
10
3
5
5
9
7
9
11
8
0
10
9
9
11
10
9
15
8
8
12
9
17
9
10
6
24
9
10
13
8
7
6
8
11
6
14
8
15
11
10
10
8
15
7
8
9
9
15
11
9
13
10
9
15
6
6
7
9
11
10
7
14
9
10
22
11
6
6
16
10
14
11
15
8
11
16
8
6
11
7
9
3
8
9
9
10
8
16
13
8
10
6
12
10
6
6
12
10
9
12
10
7
4
6
10
13
7
8
8
9
26
9
15
11
9
6
2
3
12
8
7
9
4
7
9
