5
4
0
0
6
4
2
4
7
0
2
6
0
8
0
6
5
0
8
0
4
8
6
6
8
0
2
0
4
2
0
5
2
6
6
0
0
4
2
4
4
4
6
2
2
4
6
2
2
0
6
11
0
0
0
2
2
5
5
0
4
0
4
2
6
0
0
0
4
0
6
0
0
2
6
4
4
2
2
0
6
0
0
2
6
0
4
0
4
0
0
2
6
2
2
2
4
2
8
0
0
6
0
4
0
4
4
3
0
4
0
2
0
6
6
2
2
0
2
2
6
6
6
4
6
2
4
8
6
8
2
2
2
4
0
21
4
6
6
0
0
0
4
4
0
4
0
0
2
36
0
0
0
2
6
7
6
5
4
20
2
5
0
0
95
18
4
2
4
4
6
20
3
7
6
7
6
46
8
8
49
6
4
0
3
4
4
4
8
48
4
6
64
6
0
21
0
2
0
2
12
7
0
0
2
0
0
29
4
2
2
2
4
78
4
6
57
0
6
4
2
7
8
10
4
0
7
0
6
2
5
0
0
8
6
2
0
2
6
0
5
4
4
0
18
0
0
52
2
8
4
4
6
5
6
0
6
5
0
56
8
0
4
6
6
2
6
4
0
0
7
28
4
0
6
7
6
2
6
0
32
0
6
39
78
6
71
4
