0
21
61
22
29
31
38
33
49
32
0
0
0
37
48
0
21
35
32
31
56
41
32
0
0
28
4
48
25
22
34
24
33
29
66
0
0
35
72
2
36
19
27
30
45
27
33
0
0
45
23
0
37
28
40
28
23
26
0
0
0
45
18
47
34
31
30
26
14
0
26
12
25
28
0
0
0
0
1
0
0
0
0
0
0
0
9
26
23
29
3
0
31
40
20
6
18
23
19
0
0
0
0
0
2
9
0
0
0
33
34
33
25
13
44
31
30
38
25
28
0
49
34
0
21
29
26
30
21
39
0
0
0
22
34
21
33
0
52
31
46
38
0
0
0
32
8
17
29
25
33
31
27
0
27
22
0
35
19
26
40
22
39
60
12
24
39
2
27
5
0
43
39
0
17
27
34
25
20
23
11
21
34
24
29
34
19
27
0
26
27
28
0
24
42
43
0
22
25
0
26
24
21
0
43
35
45
32
72
23
21
23
29
17
16
21
49
29
24
22
18
12
27
29
21
0
14
25
19
35
32
0
27
37
0
48
37
28
26
38
46
38
27
7
0
31
24
25
52
71
0
0
27
39
8
0
40
43
11
27
0
55
33
41
49
25
48
27
0
23
0
0
0
22
33
58
50
32
79
22
20
0
0
0
0
45
35
80
