0
0
0
0
0
0
0
0
0
0
0
0
0
0
0
0
0
0
0
0
0
0
0
0
0
0
0
0
0
6
2
2
6
2
2
6
4
9
2
2
9
10
6
2
5
2
4
4
6
6
8
2
5
6
4
8
7
4
2
9
8
4
8
4
6
8
4
4
2
8
6
4
2
4
4
4
6
4
2
6
4
6
0
4
4
8
6
8
6
2
4
8
4
4
8
2
7
8
4
4
4
4
3
6
2
5
2
4
6
4
6
2
4
5
6
6
2
6
6
4
4
6
6
4
4
6
6
4
5
6
6
4
6
7
4
2
7
8
4
6
5
7
4
3
2
4
11
4
4
5
4
4
4
4
4
6
4
6
2
4
11
4
6
7
4
9
6
0
0
0
0
0
0
0
2
4
2
0
0
0
4
4
4
4
6
2
5
9
8
4
6
6
4
6
4
4
6
6
6
4
5
4
4
2
2
4
6
6
6
6
4
5
6
9
7
8
4
6
8
7
7
11
6
8
8
6
4
5
2
4
8
6
4
8
6
6
6
4
4
4
2
4
8
2
4
6
6
10
10
8
5
0
2
2
6
4
2
8
5
4
5
5
6
2
5
8
4
2
4
4
4
7
6
4
0
6
6
6
4
2
5
6
8
6
10
6
8
4
