4
17
10
3
16
4
13
15
19
22
25
14
15
21
16
16
18
24
13
21
13
21
20
14
22
18
12
12
16
18
16
18
15
8
10
18
25
20
22
19
14
20
22
26
21
10
20
21
9
27
47
18
19
25
20
25
9
21
15
31
25
13
11
13
11
13
2
13
13
20
6
6
6
10
30
18
25
28
17
7
10
11
5
7
7
8
30
26
11
15
15
14
9
10
22
25
11
18
15
7
11
9
17
2
10
21
18
16
8
21
21
11
8
17
12
16
7
5
15
10
16
13
13
15
16
15
15
29
20
15
19
20
14
5
11
7
12
13
16
20
15
11
20
10
15
17
10
17
8
11
12
22
16
23
26
15
18
25
16
49
13
21
29
19
11
19
22
22
17
19
40
9
28
11
10
16
23
20
11
25
19
18
30
17
30
8
7
18
6
15
22
19
20
22
48
27
18
14
24
23
15
17
17
15
18
20
21
11
17
15
17
3
17
6
20
12
14
21
23
16
25
11
24
18
15
22
15
11
35
24
11
5
9
19
27
13
20
29
7
13
18
11
15
23
17
15
9
14
19
16
17
6
13
24
30
11
17
18
8
14
17
11
28
17
20
18
20
13
19
15
13
13
11
9
13
14
14
11
21
21
9
10
8
12
10
17
20
29
