0
0
2
0
6
5
2
4
5
7
11
6
5
7
6
4
7
11
9
18
9
17
19
9
17
4
15
17
17
17
18
19
7
25
11
31
7
7
25
17
11
11
22
15
14
37
11
11
19
11
8
9
7
6
9
6
13
13
11
11
17
7
11
6
16
0
5
13
6
7
15
7
7
9
2
24
6
5
9
7
16
11
5
6
7
11
7
7
2
13
9
9
4
9
11
18
7
7
7
13
6
9
13
15
2
9
17
22
17
32
7
15
7
9
15
11
7
20
17
14
26
24
22
57
11
30
16
19
26
19
4
11
18
17
24
22
17
21
11
34
7
4
11
6
9
11
6
7
6
7
16
6
7
6
7
9
6
4
7
6
9
9
13
9
9
7
6
5
4
7
7
8
9
7
7
7
7
9
6
5
6
7
7
9
7
7
4
9
4
7
4
8
15
6
11
9
6
11
6
9
4
4
9
7
4
6
2
4
7
4
7
9
9
7
5
6
4
7
7
6
4
9
6
9
7
9
6
6
4
8
7
9
4
11
5
4
4
4
6
6
7
7
6
11
11
6
6
7
4
2
13
7
9
4
6
5
11
13
4
2
9
11
6
11
5
7
4
7
7
6
6
13
11
6
13
4
7
4
4
11
6
6
9
9
7
15
7
9
