9
7
9
11
15
17
17
2
37
21
4
15
6
13
14
6
7
17
8
10
13
21
13
10
13
11
13
19
4
15
13
18
14
15
25
15
20
15
24
30
23
26
38
19
17
28
23
11
33
16
11
29
13
19
31
17
41
18
23
39
48
26
23
21
50
38
35
29
21
20
31
19
43
9
38
36
49
24
37
44
31
33
58
13
32
20
13
13
27
11
8
9
13
11
11
8
9
11
9
13
8
8
10
8
11
8
19
11
35
8
10
39
39
12
10
13
10
15
4
13
9
9
46
11
13
10
38
6
13
15
14
19
15
40
28
10
15
10
10
12
8
33
11
12
6
8
17
6
12
14
13
6
4
9
6
13
7
13
9
13
6
12
10
6
8
6
23
10
25
11
35
29
37
9
11
8
4
12
7
25
7
11
11
6
10
33
11
11
32
8
6
8
31
5
43
11
24
12
4
11
10
25
12
8
9
26
13
10
15
17
21
43
8
17
13
21
30
32
21
42
8
9
23
40
17
28
10
22
6
19
23
26
18
32
17
40
23
19
37
17
41
11
10
38
53
33
17
10
35
34
8
45
6
33
38
33
24
32
33
8
31
46
19
50
24
24
9
44
8
36
17
17
47
24
12
11
45
13
31
21
30
8
17
19
23
9
17
23
