46
78
57
91
81
74
85
29
71
85
74
63
66
82
43
75
79
75
69
84
73
81
75
74
78
40
38
93
84
45
56
82
84
74
71
46
80
26
38
94
67
57
77
97
93
94
56
47
38
59
89
34
64
72
80
64
87
73
67
85
88
76
90
55
68
78
96
88
54
85
94
54
30
38
72
74
92
91
40
78
63
88
88
40
73
41
82
61
83
78
47
94
75
90
94
65
76
69
92
80
76
86
80
86
94
96
65
54
68
43
32
90
76
71
73
90
58
73
44
80
57
88
86
70
93
74
43
84
47
57
88
62
37
38
84
59
60
78
71
85
78
87
40
47
75
82
98
72
72
89
93
71
86
94
86
36
89
71
45
82
47
63
77
80
80
91
83
78
58
71
82
46
93
93
38
80
80
85
77
70
72
63
42
80
86
78
84
79
77
84
36
59
83
93
82
79
94
85
41
85
91
89
79
45
75
61
88
79
87
81
91
82
61
74
78
49
72
80
62
82
80
76
91
90
56
90
77
54
79
68
44
80
82
82
58
83
69
77
52
42
92
30
80
80
74
74
93
80
49
76
45
57
82
40
38
78
80
72
44
78
77
77
44
50
79
44
84
77
78
72
38
77
71
83
75
64
54
19
68
75
38
93
90
58
81
84
40
46
