0
6
2
4
4
2
2
4
2
4
4
6
2
2
2
2
4
4
0
2
4
4
2
2
6
6
2
2
2
4
2
4
4
4
4
4
0
2
4
2
4
6
4
6
6
6
4
4
6
6
2
4
6
4
4
2
2
4
0
4
0
4
2
4
2
2
4
8
8
2
2
4
2
4
0
4
4
4
4
4
4
4
2
6
6
2
0
6
4
2
6
72
2
6
4
4
4
6
0
4
2
2
2
2
4
4
6
2
2
2
6
2
4
4
10
0
4
67
8
8
4
50
2
2
2
4
4
6
0
4
6
8
6
6
4
8
4
6
6
6
2
4
4
4
6
2
10
2
2
2
4
4
55
4
53
4
4
0
2
6
2
6
4
4
2
4
2
71
2
2
6
5
6
2
4
4
6
2
6
2
0
2
4
2
2
4
4
2
2
6
68
2
2
2
0
2
37
4
63
2
4
2
2
0
2
4
4
4
10
4
2
4
2
0
0
2
0
2
2
2
2
2
0
2
2
2
6
2
4
4
2
4
2
2
4
2
2
2
70
2
0
2
2
2
0
2
2
2
4
4
2
2
4
0
2
0
2
0
4
4
4
6
2
0
0
4
2
2
0
4
0
2
2
0
2
2
4
0
77
65
4
2
0
4
6
0
2
2
