74
83
83
63
45
89
81
82
81
61
21
93
76
82
84
87
80
84
91
60
69
61
73
88
88
89
82
87
78
79
42
82
75
67
83
79
88
80
58
64
74
83
59
79
74
77
37
76
83
66
61
60
80
65
83
66
63
80
78
64
84
51
54
43
62
41
63
63
75
48
62
69
42
64
63
62
77
77
60
83
71
44
60
58
70
45
63
39
78
68
58
71
56
81
60
53
60
57
57
82
57
65
80
65
66
67
62
61
71
56
55
63
66
53
85
62
82
62
65
62
69
55
71
61
66
77
71
78
73
45
56
59
38
56
71
61
54
78
41
63
54
58
59
69
66
37
61
66
66
37
73
61
58
63
58
60
61
57
60
60
53
62
62
48
70
52
62
87
71
72
71
43
70
60
63
49
48
57
57
65
62
77
62
84
73
58
73
73
85
81
70
62
55
54
59
60
76
62
70
41
58
64
64
60
56
67
65
61
60
65
80
54
70
64
78
59
85
65
62
62
55
64
62
76
87
79
63
83
86
77
61
47
82
67
64
54
58
84
52
72
43
89
73
60
38
67
59
75
76
64
56
81
41
69
67
87
63
61
78
59
80
44
62
35
63
88
60
75
84
38
35
40
60
47
63
73
80
63
63
64
78
82
61
54
78
59
61
64
