6
0
2
2
2
7
4
3
5
4
1
2
3
2
4
4
2
0
5
4
4
6
0
2
5
0
2
2
0
7
7
2
7
2
0
0
5
5
6
2
2
2
7
0
7
7
4
2
0
0
2
5
2
0
3
5
2
2
0
5
2
4
5
2
5
0
4
2
7
0
6
3
0
0
76
0
0
6
4
6
4
2
6
5
2
0
7
0
4
2
6
0
2
4
7
0
4
2
5
5
2
2
4
4
7
2
4
2
4
5
2
5
0
0
4
5
2
3
74
0
0
0
0
2
2
7
4
70
5
2
2
3
0
3
2
4
4
0
4
4
4
2
2
68
0
2
6
2
5
2
4
58
4
0
5
3
2
5
4
2
11
3
2
2
4
7
2
5
4
2
2
0
4
2
2
4
2
0
2
2
0
2
2
7
0
3
0
5
2
4
2
2
2
4
5
2
4
2
6
5
4
4
4
4
5
6
2
0
2
4
0
2
2
2
4
4
2
2
0
2
2
2
7
1
5
4
2
4
9
4
2
4
0
4
2
0
2
2
4
4
4
1
7
4
4
2
5
4
7
3
2
2
4
4
2
4
2
4
3
5
2
4
0
0
0
0
4
5
4
0
4
4
2
7
5
0
9
2
0
4
2
6
5
0
6
2
2
6
