2
0
0
0
0
3
2
0
0
0
8
36
2
0
0
0
0
0
0
2
0
0
0
0
0
0
2
2
2
0
0
0
0
4
2
2
4
0
2
4
4
2
8
6
2
0
11
0
0
0
0
0
0
13
0
9
4
11
0
0
2
2
0
0
0
2
0
4
0
2
0
2
0
4
7
0
4
4
7
0
2
4
0
0
4
6
4
0
0
2
4
0
6
0
0
2
34
0
10
4
0
4
0
2
4
2
2
9
0
0
2
0
9
0
0
0
6
0
4
0
2
4
0
0
2
0
4
6
0
6
0
2
5
2
0
0
11
9
0
5
0
2
0
0
0
0
0
0
4
8
2
0
0
6
0
2
2
0
9
0
2
2
0
0
0
2
6
2
2
0
2
15
0
5
2
0
0
2
2
4
0
0
4
2
2
2
2
0
2
2
0
0
0
0
2
2
4
4
0
9
6
2
2
0
0
0
0
6
0
7
9
0
0
2
4
2
0
4
6
2
0
2
8
0
0
2
6
0
4
2
6
2
4
0
0
2
2
0
2
0
2
0
0
0
0
0
0
0
0
2
0
2
8
10
2
15
2
2
7
0
0
9
2
0
0
2
0
2
2
2
0
8
2
0
0
2
0
2
0
2
0
11
0
0
0
0
18
0
