5
0
2
2
4
4
2
7
6
2
0
2
6
5
0
4
0
2
4
4
2
5
2
2
3
2
3
4
3
2
0
2
2
5
5
3
2
4
2
4
2
5
2
0
2
2
4
4
2
3
3
4
2
2
4
2
2
2
4
0
3
5
3
2
5
2
3
2
3
2
5
7
2
3
0
3
2
2
7
5
2
4
2
5
2
2
2
2
0
5
3
2
0
0
5
6
0
0
6
2
5
2
0
4
4
4
9
0
0
2
2
4
2
4
2
9
3
2
0
5
2
3
7
3
2
2
2
2
3
2
4
2
5
3
5
4
4
5
4
5
3
7
2
2
6
4
0
7
2
3
0
3
2
3
5
2
5
2
3
3
3
3
2
7
7
7
11
5
3
3
4
4
4
4
2
5
0
3
4
9
2
4
2
7
3
3
3
5
3
4
5
2
4
5
2
2
2
0
7
0
5
3
6
5
11
5
2
0
2
2
0
3
5
2
4
3
3
2
0
3
4
2
2
0
2
2
7
3
4
2
5
3
4
2
2
5
0
4
2
4
2
2
3
4
2
3
4
3
7
3
2
0
0
3
3
7
7
3
2
7
3
3
2
3
4
2
4
7
2
4
2
3
4
3
2
3
4
3
3
2
2
2
2
6
3
0
2
4
