8
11
6
11
7
9
11
16
8
9
11
9
9
6
6
7
9
8
8
10
8
8
7
8
2
9
9
7
6
8
6
6
4
11
8
10
9
11
4
8
9
4
11
8
8
13
10
8
10
11
8
6
8
5
10
11
11
11
4
10
9
10
8
8
9
5
9
11
6
13
15
11
9
2
13
6
5
6
6
4
6
8
6
6
10
8
6
4
7
11
8
9
10
6
6
5
10
11
11
11
9
4
8
6
17
8
10
13
8
8
8
11
8
9
15
15
11
7
11
6
6
8
9
13
11
9
9
13
4
17
8
10
4
10
7
7
10
15
11
15
6
13
10
11
15
11
42
10
7
6
21
13
10
15
17
6
28
8
8
13
9
7
8
10
9
15
6
8
10
9
11
6
11
7
17
11
8
8
11
17
11
11
13
13
8
11
13
9
17
17
13
13
11
11
13
4
11
15
9
8
9
13
11
9
13
11
7
13
11
9
10
11
8
15
11
11
8
15
11
8
11
11
7
11
10
18
13
13
9
19
11
10
9
13
9
13
8
7
13
13
11
9
5
21
11
14
15
11
9
17
4
13
11
11
5
8
17
13
6
13
6
11
9
7
11
9
8
8
7
11
7
7
17
17
7
9
9
15
6
9
9
6
6
17
8
11
10
9
