4
9
6
4
4
3
5
2
4
5
4
4
4
4
4
4
2
6
6
5
8
3
4
7
5
5
2
8
4
8
3
2
11
8
2
8
4
4
8
4
12
0
7
5
2
6
4
8
6
2
6
4
4
0
5
4
2
4
7
4
8
11
6
0
4
9
0
2
4
2
3
11
3
8
4
3
2
13
2
1
8
4
0
7
13
13
12
6
0
6
4
3
5
6
5
3
4
7
6
4
8
4
4
7
6
6
2
3
10
5
5
2
8
13
10
5
7
8
4
2
8
4
7
6
6
4
4
7
4
4
8
6
3
10
6
8
6
7
12
7
7
4
5
3
6
3
7
4
14
4
4
7
4
6
2
12
6
5
2
10
6
6
2
1
4
13
4
4
5
9
2
13
7
2
12
5
8
4
4
2
12
6
4
2
4
4
5
6
4
10
6
10
7
4
4
4
5
13
10
1
5
6
4
7
3
4
2
10
3
6
0
3
4
8
12
2
2
4
4
8
5
4
5
0
3
0
6
5
5
4
4
6
11
10
2
2
4
15
5
2
13
4
4
4
2
6
25
5
10
2
5
4
7
5
2
4
2
4
2
8
4
8
4
4
5
3
0
8
15
2
4
7
5
4
14
7
2
6
4
7
8
4
2
5
5
2
13
6
