3
1
1
6
0
1
18
4
0
2
1
1
1
1
0
1
1
0
6
1
1
1
0
3
0
0
1
1
0
4
0
2
2
1
0
1
1
1
1
1
1
6
1
0
2
9
1
4
1
1
1
3
0
1
3
0
1
2
3
7
1
10
6
1
4
0
0
1
1
0
0
1
2
0
0
1
2
1
3
0
1
0
0
1
0
2
1
1
0
2
0
2
3
1
5
0
2
1
0
1
0
1
1
3
2
2
0
2
3
1
0
1
2
0
1
3
1
1
1
2
1
0
1
1
0
1
1
4
2
1
3
0
0
0
1
1
1
1
2
1
0
1
2
1
0
1
1
4
1
1
1
1
3
1
11
1
2
0
1
0
3
1
1
0
0
2
3
1
1
3
2
1
1
2
2
0
13
5
0
2
1
1
0
1
1
0
0
0
1
0
9
3
0
1
1
2
2
1
0
6
1
0
1
8
8
3
5
0
0
1
0
1
2
1
1
0
1
0
1
1
3
1
1
0
1
2
1
1
1
0
3
2
1
1
1
5
7
3
1
2
1
0
4
1
1
0
0
0
0
0
1
0
2
0
1
16
1
0
1
0
1
9
5
0
1
2
1
0
4
0
1
1
1
1
0
0
0
0
0
2
0
1
0
4
2
0
1
2
