17
2
10
27
16
0
0
0
27
13
16
11
35
22
4
13
23
11
22
25
18
18
9
13
0
4
15
15
10
13
8
15
0
16
26
17
2
13
13
20
15
2
15
22
34
22
0
11
29
14
0
20
2
24
8
20
17
5
11
9
17
50
9
19
18
19
26
20
15
19
18
16
9
11
8
4
15
22
6
13
16
24
0
23
13
17
4
16
14
45
34
31
30
24
4
16
24
26
22
0
20
32
30
13
30
26
2
18
18
13
9
16
16
0
0
20
22
2
0
23
19
17
21
4
27
2
24
2
28
13
24
17
21
2
1
9
29
11
24
2
27
4
20
33
26
40
29
24
1
37
15
22
38
30
28
28
13
32
2
5
22
20
17
24
19
26
29
28
14
30
11
11
7
2
24
19
13
23
22
24
9
2
13
0
13
0
35
16
15
17
17
13
24
28
11
19
13
37
23
13
16
11
13
33
13
15
2
9
24
29
25
9
0
9
9
13
5
4
26
13
17
0
22
2
11
11
17
44
33
24
9
21
17
17
7
19
20
24
25
32
13
13
17
13
29
0
0
18
20
9
14
37
31
2
7
7
39
15
0
9
13
11
11
11
4
8
9
5
0
4
13
13
13
11
13
18
7
13
19
9
0
14
11
11
13
9
11
7
