21
12
10
20
10
14
8
16
25
12
14
17
8
12
4
6
21
16
12
8
8
16
12
8
8
10
4
4
4
10
17
10
4
9
8
12
6
14
4
8
6
6
6
16
12
16
4
18
14
17
12
2
8
4
8
10
6
6
8
14
8
12
6
6
10
17
8
10
8
10
15
18
4
10
15
6
14
4
16
6
12
14
12
10
12
8
4
6
6
14
9
4
10
16
12
8
8
10
18
41
12
6
14
16
8
8
11
15
12
19
6
10
6
8
6
21
8
10
10
17
10
4
10
29
6
10
19
15
16
6
21
17
12
12
8
8
12
6
8
8
19
10
13
29
12
12
8
22
14
6
17
17
10
6
27
17
13
17
6
12
14
21
10
14
29
13
8
25
19
4
14
15
21
8
14
14
10
8
12
15
8
18
11
31
8
10
27
19
9
17
17
11
8
8
13
14
4
14
6
12
10
10
10
21
11
9
17
15
8
10
8
17
11
16
12
19
15
10
6
14
13
17
12
8
10
8
14
14
15
10
16
17
8
18
14
10
21
16
6
15
8
10
12
25
10
10
16
19
12
6
10
12
13
12
10
8
8
14
14
17
8
16
17
17
14
8
21
10
8
10
15
4
8
11
8
14
21
16
8
16
10
6
8
10
8
10
10
8
