22
11
11
24
16
25
16
9
11
27
9
15
13
17
24
11
15
37
9
26
17
45
15
15
16
15
13
17
15
27
13
30
22
17
0
9
11
21
20
13
11
26
19
28
13
11
0
15
22
18
17
21
15
17
15
18
6
15
0
20
13
45
17
22
26
47
15
21
11
19
17
26
13
9
6
9
13
21
16
28
34
17
17
23
41
19
7
7
31
14
9
29
19
21
20
28
26
13
13
13
22
17
19
26
17
14
33
15
22
15
22
11
28
48
29
20
16
16
15
33
27
13
28
24
39
26
10
13
21
24
56
31
19
20
22
22
32
31
26
32
24
28
28
22
34
27
28
34
28
28
26
37
24
19
69
24
35
81
17
29
35
9
25
26
14
23
62
41
11
50
28
33
32
50
24
11
13
37
50
26
43
57
22
62
54
32
30
13
37
39
18
30
28
26
56
33
29
30
17
24
9
49
28
32
39
30
22
33
26
52
19
17
22
24
54
19
14
11
16
13
31
15
28
19
11
14
43
19
17
41
18
17
22
21
9
15
13
38
21
13
21
13
15
9
32
30
16
21
33
19
47
9
11
26
13
27
24
39
27
30
13
26
10
15
30
42
39
9
25
17
15
7
13
15
28
24
9
28
22
9
7
11
26
35
31
41
20
11
