4
2
15
4
4
0
4
10
2
4
4
0
8
4
6
2
4
6
2
4
0
4
10
2
4
19
15
0
5
2
4
2
3
15
6
2
4
2
4
6
8
0
0
2
2
2
2
4
6
4
4
2
2
0
2
2
0
2
2
4
4
6
2
2
2
4
2
0
4
6
2
4
4
6
4
0
4
2
6
6
0
2
2
4
4
6
6
4
6
8
6
4
6
2
2
8
6
4
6
4
6
4
4
6
4
6
4
17
6
2
2
4
5
6
2
6
2
2
4
0
2
0
6
4
4
6
6
2
4
2
8
6
0
6
2
10
6
6
2
4
4
4
4
0
4
4
0
15
5
10
2
8
4
6
2
2
19
2
2
4
4
2
6
2
4
6
2
4
6
17
2
8
8
8
13
2
0
10
4
4
7
4
4
4
4
4
4
4
2
4
2
4
4
17
8
8
0
4
8
2
4
2
4
8
6
6
0
4
0
4
2
2
4
8
2
2
19
4
6
2
2
6
2
4
4
2
4
4
4
2
4
10
2
6
2
4
23
2
2
6
8
0
0
0
19
6
2
2
4
6
2
6
4
4
4
6
6
6
6
2
0
4
6
2
2
2
2
2
5
4
4
6
4
4
6
2
4
2
4
4
17
4
19
4
4
6
8
6
