14
6
8
4
8
10
8
8
8
10
8
2
12
10
10
6
14
22
12
10
8
8
6
6
31
14
8
8
10
8
8
2
12
8
14
2
14
14
8
8
4
31
4
6
10
12
10
12
8
4
10
4
8
10
4
16
2
8
8
4
10
8
2
8
6
6
6
8
16
8
6
8
6
0
20
4
4
6
6
6
10
8
8
10
6
14
14
4
8
14
4
6
8
10
10
8
10
8
12
8
14
18
6
10
12
8
10
20
8
18
8
10
10
8
10
12
8
12
10
24
8
12
8
6
12
35
4
12
8
12
10
22
6
12
6
16
6
6
10
12
12
14
18
8
8
8
12
37
18
8
18
8
8
16
12
12
8
12
14
6
8
20
6
12
16
12
16
18
16
4
29
8
6
20
12
20
12
8
10
41
12
8
20
8
6
12
14
6
6
16
4
49
10
10
8
22
8
10
10
16
10
14
20
4
8
16
20
8
16
12
14
12
8
10
20
8
10
18
22
10
18
14
16
26
12
6
6
4
22
18
6
24
4
14
14
14
8
14
10
16
8
10
8
16
10
16
14
4
12
31
12
12
10
6
14
14
10
18
10
8
22
6
22
14
10
8
22
12
18
10
20
12
10
45
20
14
12
12
16
6
45
6
10
12
4
16
12
14
