1
5
1
2
4
1
1
1
0
1
1
4
0
1
2
2
1
0
3
5
1
1
2
1
0
2
2
1
3
2
0
2
1
0
0
1
4
5
2
9
1
5
1
8
1
0
1
0
0
1
2
1
1
2
1
2
0
0
6
1
1
1
7
0
1
3
3
2
3
0
1
0
0
1
0
1
4
3
3
1
1
0
0
2
1
1
0
3
0
0
1
2
2
3
1
0
2
0
12
1
5
0
0
3
1
0
1
1
3
0
0
0
1
4
3
1
1
2
5
11
12
5
1
2
0
4
0
2
2
3
0
3
2
0
7
3
0
1
2
0
0
1
1
1
3
2
1
1
2
0
0
2
0
0
0
1
1
0
0
2
2
1
2
9
4
3
0
0
1
1
1
6
0
2
1
0
1
3
3
4
0
2
1
1
0
0
0
0
6
0
10
2
3
2
2
4
1
3
0
1
1
0
1
1
0
7
1
2
3
2
1
3
3
0
0
4
2
2
2
1
0
3
2
0
1
2
1
7
2
1
0
0
2
0
2
2
5
3
2
2
1
2
1
0
1
1
2
1
5
3
0
0
0
1
1
2
1
1
0
2
4
0
0
0
0
0
2
3
2
2
0
1
1
0
1
1
0
1
1
7
0
3
5
3
0
4
1
1
