6
10
2
4
6
8
12
4
8
14
10
2
6
14
6
4
12
12
2
6
4
6
8
10
4
12
8
2
6
12
14
10
8
10
10
6
6
8
12
6
18
2
8
12
4
12
10
18
10
2
4
0
10
12
6
10
4
0
2
16
16
12
6
6
12
2
8
12
6
8
8
12
10
12
4
2
10
10
0
6
2
19
6
20
12
6
4
27
6
8
14
2
10
10
16
16
12
18
6
6
18
10
6
8
12
6
14
16
6
10
6
14
10
6
6
4
14
8
6
4
18
14
14
18
12
10
8
14
8
16
2
12
20
8
22
8
4
12
8
8
12
17
6
12
20
10
14
12
6
18
10
16
22
8
16
16
4
10
12
10
27
12
8
8
31
16
10
21
8
10
16
20
14
18
6
14
12
14
12
20
20
14
10
10
12
14
22
26
22
14
8
16
12
14
10
18
8
14
14
27
4
14
12
10
16
8
16
16
16
19
6
10
12
16
18
14
12
16
18
22
22
8
10
12
27
10
10
8
23
10
8
8
8
6
6
14
22
8
16
18
10
12
18
14
8
2
18
35
16
10
6
14
18
6
14
20
8
20
18
4
14
12
6
4
10
6
18
6
18
8
6
12
20
4
12
4
10
12
14
20
12
8
8
4
16
14
16
12
