14
4
4
14
0
4
2
4
4
2
2
16
4
4
6
6
4
4
4
2
6
2
6
4
6
4
10
0
0
6
0
4
4
0
2
8
4
4
12
0
14
6
2
8
8
2
14
8
4
4
2
2
14
6
8
14
0
4
6
6
8
0
2
14
4
8
2
4
2
6
10
14
0
2
4
12
4
2
4
2
8
4
2
4
6
4
0
4
4
0
4
2
2
2
4
2
4
6
12
8
4
6
4
6
4
14
8
4
4
4
4
2
2
0
4
12
4
12
2
6
6
6
2
6
4
2
2
6
6
4
10
2
4
4
2
0
8
0
6
2
2
6
2
4
6
4
4
0
2
4
10
4
18
6
2
4
10
4
4
6
2
2
4
4
6
6
2
2
6
2
4
4
8
6
4
0
2
6
0
0
4
0
8
2
2
4
2
4
4
4
4
10
0
2
4
0
2
2
0
4
4
2
2
4
6
4
8
10
4
4
2
14
4
0
12
2
2
8
6
2
0
4
2
2
0
0
2
2
0
4
0
12
4
8
12
4
0
0
6
8
6
0
4
4
6
4
2
6
10
10
14
8
0
2
2
2
4
4
4
4
2
2
6
4
2
2
2
6
2
4
4
4
6
10
6
2
2
0
8
16
2
2
6
4
6
8
6
4
