8
7
38
8
8
6
6
7
4
6
6
11
10
4
8
0
6
14
10
18
6
6
7
4
8
15
11
9
10
2
4
4
15
10
4
10
20
8
8
8
10
4
2
6
8
10
7
6
6
11
4
6
4
10
9
4
4
8
15
12
10
6
2
4
9
2
9
2
11
6
4
13
6
11
4
2
4
10
4
8
4
6
12
7
8
4
10
14
6
6
6
4
6
10
8
8
6
6
4
6
8
8
13
8
7
8
6
10
10
10
6
8
11
8
6
6
6
8
6
4
6
17
4
2
9
6
8
4
8
6
8
6
6
9
12
4
8
2
6
6
2
53
12
10
6
11
6
6
2
6
4
16
4
6
10
8
4
10
4
4
6
5
8
8
8
6
6
10
8
2
14
7
8
14
10
6
8
11
8
8
8
10
6
6
4
6
8
4
6
6
5
8
8
8
12
13
10
2
9
6
13
6
2
5
4
23
4
4
6
10
6
4
4
33
2
8
8
2
6
5
4
12
4
7
4
8
6
8
6
45
6
9
4
8
10
9
8
7
9
9
16
12
6
8
10
10
6
7
4
6
5
4
12
10
17
12
2
10
4
6
11
10
10
6
6
6
6
13
5
6
8
11
14
4
10
10
2
10
4
8
6
10
4
4
8
6
6
12
