0
0
0
13
13
8
1
14
13
0
8
12
13
8
0
14
9
3
24
78
20
0
9
0
15
16
21
14
4
3
13
18
32
0
3
3
14
4
18
14
11
0
14
23
23
4
1
14
13
3
14
9
1
0
15
69
20
3
21
0
8
15
12
13
14
20
0
3
22
0
22
27
20
17
17
12
9
12
15
15
23
19
4
1
15
1
7
0
11
0
12
0
14
17
18
17
1
0
13
9
6
0
10
0
29
10
9
0
7
14
0
0
7
9
0
14
10
17
7
11
15
9
0
0
9
6
0
1
8
19
13
5
6
11
33
7
6
0
9
0
0
8
7
13
41
12
12
0
15
1
1
6
9
2
22
11
17
9
11
1
0
9
8
0
0
8
11
0
10
13
0
5
8
4
6
3
9
12
10
8
15
1
13
0
1
0
0
0
26
0
9
11
0
9
0
6
0
0
1
5
0
10
14
13
0
0
11
4
0
6
0
10
12
6
10
5
11
0
9
0
0
0
10
12
0
10
7
13
9
0
5
0
9
1
0
5
11
4
9
13
0
0
0
9
3
0
18
0
20
0
18
23
16
1
31
5
0
0
20
11
6
0
19
0
0
23
2
0
8
1
13
7
24
15
0
25
0
31
10
16
0
10
0
0
0
0
0
0
