2
4
6
6
8
6
8
14
8
6
10
4
6
6
6
6
6
2
6
10
2
2
8
6
8
59
10
4
4
6
4
6
6
8
6
8
4
2
6
2
4
8
0
0
53
0
0
0
0
4
8
2
2
0
0
2
14
6
2
4
6
6
6
6
8
18
2
0
6
6
6
2
0
2
4
2
0
8
0
0
6
0
0
4
0
6
10
0
2
6
4
8
0
97
0
8
8
6
10
2
0
0
0
0
6
4
2
4
6
4
6
4
0
2
4
6
18
6
62
6
0
6
4
8
10
6
6
10
0
6
2
0
6
8
6
70
4
0
6
12
6
0
6
8
0
8
64
6
6
2
0
6
2
0
10
2
2
6
0
0
0
8
6
12
2
2
8
4
6
2
0
8
2
10
0
8
2
0
4
99
4
6
8
10
6
0
2
2
6
4
0
4
6
6
0
8
6
0
10
4
10
2
0
4
6
2
0
2
8
2
4
6
2
2
8
0
10
0
2
0
8
2
6
2
6
4
0
8
10
8
2
0
6
0
18
69
6
6
4
6
4
4
0
0
0
2
93
0
0
4
2
6
6
6
6
8
8
2
8
2
4
2
0
6
8
0
87
8
6
10
2
4
10
8
6
6
0
10
6
8
6
6
6
2
6
6
6
6
