5
5
5
0
3
7
5
0
5
5
0
9
0
7
0
7
0
5
7
7
0
0
11
5
7
7
5
5
5
5
7
7
5
5
0
5
0
2
5
0
0
5
2
0
0
0
0
0
0
5
5
7
0
7
5
0
5
0
0
0
7
7
0
0
2
7
11
0
9
2
0
0
3
0
0
2
9
5
0
2
5
0
9
0
5
5
7
0
7
5
7
5
0
5
9
5
7
0
0
7
5
1
0
0
5
0
3
3
3
2
3
7
7
2
7
0
5
0
5
5
0
0
0
7
5
0
5
7
0
5
5
4
7
5
91
9
5
0
0
0
5
0
5
0
0
0
0
2
7
0
7
0
0
2
5
0
0
5
0
5
0
0
3
0
1
5
0
9
0
5
7
5
7
5
0
2
5
0
0
5
7
5
7
3
9
5
5
2
5
7
5
9
7
5
3
9
0
0
5
5
0
11
0
5
5
0
0
5
11
1
7
5
0
9
0
4
5
5
5
5
9
0
0
0
0
5
0
5
7
0
7
7
11
0
0
9
7
78
0
0
0
5
0
5
7
2
2
2
0
5
0
7
0
5
7
9
7
0
2
0
0
1
7
5
2
5
5
5
7
5
9
7
7
0
0
5
5
0
90
5
7
0
2
7
5
2
7
7
