6
6
6
6
8
0
2
33
0
2
0
10
4
0
0
4
4
0
0
0
0
4
8
4
6
2
0
0
0
0
0
8
6
6
0
2
0
6
12
0
4
2
4
0
4
6
0
4
2
2
4
4
0
4
0
0
6
8
4
0
0
0
4
0
4
2
4
2
2
2
0
4
6
0
4
6
0
0
6
0
4
8
0
0
0
4
6
0
0
0
0
8
0
4
0
0
0
0
0
0
6
60
0
2
0
2
0
2
6
0
0
2
4
0
6
4
4
2
4
4
4
6
0
6
2
4
2
0
8
0
0
2
6
4
0
6
0
2
4
0
2
62
2
2
60
6
0
0
2
6
4
0
2
6
6
10
2
4
2
33
4
2
4
0
4
2
0
6
4
0
4
0
2
0
8
2
0
2
0
4
4
4
0
6
2
2
4
4
0
4
6
6
4
6
4
4
4
0
4
4
2
8
29
2
2
2
0
8
0
8
6
6
6
0
6
4
0
8
6
49
4
6
2
8
6
4
4
4
0
6
0
4
0
48
6
4
19
0
4
4
4
2
4
0
2
0
6
56
4
6
4
4
2
0
4
4
6
6
4
2
0
6
0
2
2
4
0
8
2
6
4
82
4
0
4
4
4
2
4
4
4
6
6
78
50
4
89
4
