10
12
13
7
17
24
15
21
8
15
12
13
21
10
23
10
16
21
9
13
28
17
17
11
21
12
12
9
6
23
10
10
13
12
29
19
6
17
11
12
9
13
14
12
22
19
14
25
7
9
11
13
12
17
13
13
17
23
21
19
15
6
7
8
10
14
14
12
10
12
6
13
4
17
15
10
13
16
10
12
11
14
17
14
12
25
12
10
19
11
12
6
9
10
8
12
6
33
25
11
12
8
15
23
9
18
15
21
10
13
10
25
15
25
13
4
10
15
13
19
10
17
10
14
10
18
15
19
6
8
10
34
4
19
17
14
29
17
26
26
4
19
15
19
15
22
15
17
23
23
24
15
8
21
17
14
15
9
8
23
15
29
13
17
21
14
10
12
19
11
19
17
17
17
28
13
10
11
9
25
21
21
15
23
11
23
9
13
15
9
17
23
27
48
15
32
19
15
11
27
29
17
13
17
13
32
12
15
41
23
15
18
25
20
22
29
15
24
8
6
15
8
13
12
6
8
14
8
10
19
8
13
8
13
12
8
9
8
12
8
12
8
17
10
17
7
26
21
15
17
10
6
17
8
6
11
13
9
6
15
12
5
13
11
17
11
9
6
12
33
10
15
10
10
10
8
10
4
6
8
17
8
6
12
13
11
12
6
