18
18
19
18
18
19
19
18
19
19
18
18
18
18
19
18
18
18
18
19
13
17
18
18
19
16
18
18
18
17
18
18
18
18
18
19
19
18
19
19
18
20
19
19
19
19
18
18
18
18
12
18
18
17
17
18
19
18
18
19
18
19
19
17
18
19
19
19
18
18
16
18
18
19
19
18
19
17
19
18
19
12
19
18
19
19
18
18
19
19
19
18
18
19
19
18
19
19
17
18
19
18
19
19
18
18
19
19
19
19
19
18
19
19
19
18
19
19
19
19
19
18
18
19
18
19
19
18
19
18
13
16
19
18
19
19
19
18
19
19
18
19
18
19
17
18
19
19
19
10
19
18
18
19
17
17
18
18
19
19
19
18
19
18
19
17
18
18
19
18
19
19
18
18
19
17
18
18
18
15
19
18
19
19
13
12
19
19
19
18
12
18
18
18
18
18
18
24
18
17
21
17
18
19
18
18
19
18
18
19
17
18
18
18
12
17
16
19
19
18
18
18
16
19
19
18
12
18
18
19
18
17
19
16
15
18
18
18
12
19
18
18
18
16
19
19
19
19
19
17
17
18
17
19
17
18
18
18
18
17
18
18
14
18
14
18
18
18
18
19
19
18
19
19
17
17
18
18
19
18
18
18
17
19
18
19
18
14
