6
14
4
2
4
0
8
8
0
2
2
4
2
4
5
8
6
8
10
2
2
4
6
4
4
8
0
0
0
9
2
6
7
2
2
2
2
4
4
2
4
3
10
2
12
2
2
8
6
4
10
4
6
4
6
6
35
4
0
0
2
2
2
2
6
2
0
7
2
4
6
12
5
6
4
6
13
8
8
2
4
4
6
12
5
11
4
4
4
5
2
9
2
2
0
4
15
8
6
6
0
6
12
2
5
9
6
2
4
4
2
2
4
11
2
4
2
8
6
7
2
4
6
0
6
4
14
8
4
2
7
8
7
4
5
2
6
6
17
2
8
8
4
4
2
4
4
10
3
4
9
4
8
7
6
6
2
16
2
4
2
4
2
2
2
17
4
2
30
2
4
28
4
8
6
4
4
4
4
4
4
14
0
7
2
19
5
0
8
2
5
11
6
6
2
2
19
7
6
7
4
4
0
11
4
2
2
30
4
4
7
8
2
4
20
4
6
6
16
6
3
6
7
4
6
4
4
4
6
4
6
18
6
2
6
2
4
40
0
4
4
4
6
9
8
4
4
9
4
4
4
5
6
4
4
4
4
4
2
4
0
13
13
4
4
2
69
4
2
4
2
4
34
4
8
2
4
4
34
2
8
7
0
2
8
2
8
4
