2
2
3
2
5
2
3
2
3
1
5
2
5
4
3
3
3
3
2
2
3
2
2
0
3
2
2
1
5
2
3
2
2
0
3
2
3
2
4
2
4
2
1
1
7
2
2
3
2
9
0
0
4
2
2
2
2
1
2
2
2
3
3
5
3
0
3
0
1
3
3
0
2
1
3
2
2
1
2
2
1
6
1
0
4
1
2
0
4
3
1
3
2
4
1
1
13
3
2
1
1
2
2
2
1
4
3
2
2
2
1
1
3
3
3
5
1
6
12
3
2
12
5
1
4
3
3
4
4
1
1
2
0
2
0
0
5
1
3
4
4
2
2
0
2
2
1
1
4
1
3
2
8
0
1
2
4
1
2
2
3
1
1
2
1
3
2
2
2
0
2
2
3
3
2
3
4
3
3
1
3
0
3
4
3
0
2
3
4
14
2
1
2
1
2
2
3
2
4
1
2
1
5
0
1
3
0
1
0
3
2
1
4
1
3
1
18
3
3
1
1
1
1
1
3
2
4
3
2
1
0
3
1
1
0
0
3
2
3
6
2
8
3
1
1
1
1
11
1
3
2
0
2
3
0
2
3
0
3
4
0
5
6
1
2
1
1
1
2
0
2
4
2
6
1
10
4
3
2
2
1
2
3
2
1
4
5
4
