2
2
2
3
1
0
0
1
9
3
0
5
2
0
0
0
0
0
0
0
0
0
0
0
0
0
0
0
0
0
0
0
26
1
3
1
2
3
2
5
7
1
0
6
11
8
3
0
4
3
5
6
6
6
2
5
0
2
2
2
2
3
1
0
8
3
3
4
5
0
2
3
0
3
4
3
17
2
3
0
15
0
5
2
0
0
1
0
1
7
7
5
1
0
0
5
4
6
2
4
5
3
5
11
3
4
5
5
0
7
1
4
17
2
2
0
4
3
1
1
2
3
3
3
4
3
0
0
2
2
0
5
5
0
2
3
2
0
4
2
0
5
5
2
4
0
1
1
6
2
3
6
0
2
2
10
2
0
0
6
3
0
2
2
2
2
0
2
5
0
2
0
1
5
0
2
6
0
0
3
0
2
0
0
2
2
3
0
3
3
0
2
5
0
2
0
6
2
0
5
0
4
0
2
2
0
2
0
7
2
5
9
0
1
6
2
0
0
3
12
11
0
2
2
8
2
2
3
3
0
0
0
2
0
2
7
5
3
6
0
3
5
17
2
1
1
2
5
2
0
5
0
0
8
0
7
3
6
2
3
2
0
3
0
2
8
0
5
5
4
0
2
11
5
0
0
2
0
0
4
2
0
3
4
0
2
3
0
