7
6
3
8
10
0
8
9
3
6
8
6
5
8
12
5
4
7
8
2
6
4
12
3
5
6
15
8
8
28
5
5
5
10
11
12
7
8
12
7
7
11
2
12
3
6
3
32
7
15
14
17
14
14
12
9
13
15
11
15
11
9
24
10
17
18
14
21
19
10
6
32
24
6
22
14
21
16
31
22
24
30
13
18
31
20
7
18
32
29
18
24
36
40
48
13
30
10
9
19
30
30
25
47
32
37
39
38
27
13
33
34
39
43
16
20
32
28
21
38
21
38
13
23
29
22
18
24
19
19
31
25
29
22
33
25
19
19
21
20
27
27
23
23
31
15
16
30
38
25
19
26
25
25
24
20
30
28
27
29
32
20
20
51
25
25
29
37
40
27
36
32
24
31
32
31
31
31
37
18
19
19
23
18
23
24
27
22
26
18
22
11
25
32
29
17
30
28
25
21
23
15
30
29
24
15
5
6
11
11
10
9
9
12
26
5
6
20
13
12
3
6
6
5
4
2
5
8
4
8
22
3
3
6
5
5
20
7
3
5
4
6
6
5
7
6
4
9
8
6
7
9
7
0
6
6
1
5
6
2
9
6
3
7
14
13
5
5
3
5
3
6
6
7
3
7
3
7
9
5
3
2
7
2
5
2
13
6
