26
26
23
22
26
24
25
24
26
26
26
24
24
24
24
24
25
22
25
21
26
25
26
25
26
23
25
22
23
26
21
25
26
26
26
25
25
26
22
16
25
25
22
26
24
25
23
24
26
24
23
25
23
23
26
25
24
25
24
26
25
23
24
24
25
25
25
26
25
23
25
23
25
24
26
25
24
25
25
24
24
26
25
25
24
22
24
24
24
21
24
21
24
25
25
24
25
23
24
25
23
27
25
24
26
26
25
25
23
25
23
25
26
24
21
25
25
26
24
24
15
21
22
25
25
25
21
24
25
24
25
25
22
25
24
25
25
24
25
26
25
21
23
20
20
25
25
26
23
22
26
21
25
23
24
22
24
23
24
24
25
19
24
26
22
24
25
23
25
24
24
25
26
23
26
24
24
26
25
27
27
23
25
22
23
25
21
25
26
25
24
24
26
21
25
26
23
24
26
24
25
26
24
25
20
25
25
25
24
26
22
23
26
25
25
26
24
23
25
23
24
24
24
26
24
27
26
25
22
22
25
26
24
26
26
24
24
25
24
26
26
24
26
24
24
22
24
23
26
26
26
24
26
24
24
24
26
23
25
25
23
24
25
25
23
24
26
24
25
26
25
24
24
23
24
26
26
25
26
23
24
24
26
26
22
26
26
25
