6
4
8
12
10
4
4
9
0
7
8
4
4
6
2
4
4
6
10
6
4
0
4
6
4
6
6
4
4
4
5
2
6
5
2
4
17
4
6
5
6
4
13
4
4
8
5
4
4
6
4
6
2
4
6
4
5
6
6
19
2
6
4
6
8
2
2
10
2
5
4
17
4
14
10
9
6
21
6
6
2
2
4
6
4
6
2
4
2
4
4
2
6
4
2
4
6
6
6
6
4
6
4
4
5
6
6
6
13
4
13
4
2
4
4
2
6
7
4
10
2
4
8
4
9
13
7
8
4
17
10
6
4
7
4
11
9
4
15
4
6
7
4
7
6
4
4
7
8
4
2
4
4
9
4
4
2
5
7
6
4
8
4
4
6
7
8
4
9
7
4
4
6
6
7
8
4
12
6
6
4
4
10
4
8
6
6
2
6
6
6
8
2
0
4
15
15
6
0
0
98
96
31
2
2
2
2
2
4
0
4
0
4
6
4
4
0
0
4
2
2
2
4
2
8
2
4
2
4
4
6
0
2
0
2
6
4
4
2
0
2
0
4
0
2
2
0
0
2
0
4
0
2
0
6
2
2
8
2
6
0
2
4
2
0
2
0
2
2
4
2
0
4
2
4
2
2
0
2
2
2
8
4
2
2
4
0
6
