9
9
15
9
8
13
12
27
9
5
9
11
0
19
19
10
11
15
12
38
17
21
6
17
13
13
19
17
15
21
29
9
18
15
17
19
6
13
33
19
11
11
11
17
15
21
10
21
8
13
25
19
13
22
23
17
9
23
12
25
17
12
13
15
30
15
23
19
11
13
17
24
23
17
19
17
11
15
13
21
31
19
19
27
21
19
31
21
13
15
19
11
17
13
21
27
13
19
23
19
19
15
17
18
15
9
23
31
31
10
31
21
4
19
55
27
29
23
11
10
21
17
13
10
17
19
26
19
12
19
12
27
25
10
25
39
17
6
12
21
15
13
21
21
13
17
19
34
27
13
27
35
23
21
13
23
15
29
21
13
29
23
11
25
13
29
23
12
8
33
33
34
34
10
13
4
17
11
21
29
9
15
17
10
9
8
19
13
17
28
21
31
17
6
9
11
21
17
13
9
13
15
13
17
17
21
15
13
18
13
10
31
15
15
10
21
15
11
9
21
20
12
13
10
17
21
15
11
8
21
23
23
17
11
10
7
24
15
12
4
11
15
13
10
15
8
10
23
15
17
9
11
13
15
19
15
15
19
13
15
23
21
23
8
15
13
13
6
23
8
19
20
17
11
12
8
15
10
10
8
13
21
23
23
36
11
19
4
