11
9
6
9
4
9
4
8
11
6
8
8
27
46
34
30
15
15
4
6
15
8
17
10
15
10
17
9
11
6
17
6
6
19
8
13
15
10
10
8
10
34
15
4
10
6
10
21
13
2
21
13
4
13
25
19
8
9
10
17
13
19
19
19
11
8
8
13
6
10
10
19
8
42
25
27
17
11
10
6
25
13
10
11
25
15
17
17
11
32
10
27
19
19
12
10
50
23
30
10
10
34
15
21
8
29
10
8
27
13
13
10
13
19
19
6
6
6
9
11
6
13
25
10
4
15
15
24
8
8
8
15
6
13
11
15
15
11
15
10
10
15
17
11
23
19
11
17
13
13
29
6
11
17
23
27
6
21
8
30
29
19
23
6
11
8
6
17
15
27
11
17
15
6
8
9
17
11
10
13
8
36
15
25
10
21
17
8
10
11
13
15
21
25
17
4
13
6
19
6
8
25
9
13
17
10
21
11
10
8
9
13
10
10
13
8
11
21
19
10
13
8
15
13
25
10
11
17
17
6
11
27
19
23
8
15
10
11
17
10
10
13
9
10
8
13
25
13
17
15
23
13
19
6
11
10
21
27
6
17
19
17
13
13
10
10
15
10
13
10
11
13
10
15
13
19
17
11
17
2
13
19
21
10
6
6
4
27
