0
0
3
15
14
10
9
0
0
1
0
0
3
3
6
4
24
6
20
16
4
9
0
0
0
1
12
14
3
18
51
0
51
64
0
0
1
1
30
0
19
30
0
50
39
47
0
0
0
0
0
0
5
36
88
69
0
0
0
0
0
0
0
0
5
52
30
41
0
0
0
0
0
0
0
0
3
26
18
8
27
1
1
1
0
1
1
6
4
4
19
17
19
18
0
0
1
3
14
0
14
5
6
11
9
0
0
0
0
0
11
12
1
19
0
11
16
22
0
1
1
3
3
20
4
3
12
17
12
1
3
1
1
1
8
8
6
10
1
9
13
13
0
0
0
1
8
5
13
18
7
12
25
1
1
0
1
1
12
1
4
3
15
18
14
11
3
1
0
0
9
4
14
15
12
18
10
14
1
0
1
2
12
5
30
1
8
5
19
12
0
1
1
1
12
11
11
4
10
7
15
28
0
1
1
0
6
5
5
14
18
11
25
0
0
1
0
3
1
14
18
1
13
14
3
15
4
0
0
0
1
8
14
16
19
13
11
1
0
3
1
1
9
4
10
22
3
17
15
0
1
0
0
0
10
14
3
7
19
15
16
15
3
1
0
1
1
5
0
0
17
5
4
10
1
0
0
1
13
2
19
13
4
4
10
23
1
1
