6
4
10
10
4
6
6
10
10
4
4
8
6
4
6
8
10
12
8
6
12
8
12
8
6
10
10
4
10
16
12
14
10
10
10
6
8
12
8
10
2
10
8
6
8
8
8
8
18
8
12
10
6
14
12
10
12
8
12
10
16
14
10
20
51
12
10
12
8
18
6
8
16
8
10
18
10
16
12
20
12
12
8
12
10
10
14
16
12
14
10
8
14
8
8
16
12
10
16
14
21
20
12
10
8
12
16
16
21
8
8
16
10
10
14
6
8
16
8
21
8
16
12
8
18
43
19
14
4
8
12
14
18
8
8
10
12
25
8
18
6
16
12
6
20
12
8
20
18
20
22
16
12
16
14
10
12
16
10
6
14
14
16
18
6
8
8
8
12
16
14
6
21
18
16
10
6
16
18
8
16
8
14
8
18
8
8
14
10
10
18
18
8
20
6
14
8
8
6
10
12
12
6
16
10
4
12
6
4
14
12
20
10
10
12
18
12
8
8
10
18
14
8
16
14
10
18
8
16
8
12
6
18
10
10
8
14
10
14
14
10
14
14
6
8
12
8
20
8
10
14
12
10
12
14
6
16
12
12
10
14
18
12
10
10
16
10
14
6
6
18
4
8
14
14
8
4
12
14
6
14
12
10
10
12
12
10
12
