0
3
3
0
3
1
1
0
3
1
3
0
0
0
1
0
0
5
1
1
0
5
3
11
0
3
1
0
11
1
0
3
1
3
3
5
1
5
1
0
3
5
0
1
3
0
1
3
11
3
1
1
3
1
3
1
1
3
7
1
3
1
1
0
5
5
0
0
1
5
0
5
7
0
0
14
0
1
3
1
0
5
3
3
3
7
0
5
3
1
5
0
0
3
3
1
1
3
0
5
3
1
1
1
3
3
1
1
1
0
3
0
1
3
0
1
5
0
1
1
1
1
1
5
3
7
3
1
1
3
5
1
3
0
1
5
5
0
1
1
1
3
0
7
1
3
1
5
1
3
3
3
1
3
1
1
1
3
3
5
11
0
7
5
0
0
1
5
1
0
0
3
3
0
5
1
1
3
3
0
0
3
5
3
0
1
1
1
1
1
1
5
0
5
1
5
5
5
5
1
3
3
0
3
0
1
0
1
5
26
1
0
1
1
1
3
3
1
0
1
3
3
1
7
1
3
1
1
1
3
3
3
3
0
0
5
3
0
1
0
1
3
5
5
0
7
5
5
0
3
3
0
5
1
0
5
0
3
1
1
1
3
1
3
1
1
5
1
1
1
3
1
5
1
1
0
11
1
1
1
1
3
5
1
2
0
1
1
