5
9
1
5
5
12
1
3
7
5
1
1
1
0
1
3
1
0
1
5
0
3
3
0
1
1
5
3
0
5
0
0
7
1
5
0
3
81
0
5
57
0
3
3
0
1
5
1
1
1
9
7
0
3
1
0
0
0
7
1
7
0
9
0
0
0
3
0
0
1
11
1
5
5
0
0
49
62
3
7
3
1
3
0
3
1
0
3
0
0
1
0
1
5
1
1
5
1
0
0
0
1
0
0
1
1
1
1
5
89
0
0
3
3
1
3
3
5
0
1
6
0
1
1
1
1
3
15
0
1
3
0
3
7
5
5
1
1
3
3
1
0
1
7
22
3
7
1
1
1
9
1
3
5
1
0
3
13
0
7
1
1
5
3
3
3
5
7
1
1
1
3
3
9
1
17
1
13
0
5
3
1
3
5
7
1
1
1
0
5
5
1
3
3
0
7
1
5
3
1
3
1
0
1
1
1
0
6
40
1
7
7
1
7
1
0
7
5
3
3
62
89
3
12
11
0
3
0
1
5
25
0
0
1
1
0
5
0
1
1
0
1
0
1
1
0
1
7
0
3
0
7
1
0
1
3
0
7
1
1
1
7
1
5
7
0
0
1
92
3
0
7
0
3
1
7
0
5
0
4
0
0
1
5
5
3
0
3
