16
4
29
0
19
4
16
0
29
2
16
2
14
4
14
2
2
16
6
12
2
18
2
12
0
0
6
18
6
12
6
18
4
18
2
12
4
16
6
4
2
6
0
20
6
4
14
4
18
2
16
2
18
2
18
4
18
4
25
0
25
4
14
2
18
2
18
4
23
4
16
2
4
4
14
2
0
2
2
4
18
0
0
14
2
6
2
2
2
16
4
18
2
18
2
19
0
14
0
14
0
16
2
16
2
17
0
27
2
18
2
16
2
14
4
18
4
18
2
22
2
20
2
16
4
18
2
6
4
4
6
6
20
2
4
4
16
2
14
4
18
0
16
2
18
0
14
4
16
6
21
2
14
2
18
4
0
4
16
2
2
2
16
17
4
22
2
18
4
2
4
20
2
16
2
16
0
16
6
26
2
20
2
18
2
16
2
20
4
2
6
4
0
6
2
2
20
0
2
2
12
0
26
6
22
2
20
6
20
4
16
0
21
2
16
2
18
2
12
4
2
16
2
2
6
20
2
14
2
16
0
16
2
12
4
16
4
14
2
16
0
17
2
22
4
2
16
0
18
2
16
0
14
6
24
0
20
6
18
4
21
6
14
2
12
4
16
4
2
26
4
2
2
18
0
24
2
20
2
16
0
18
0
18
2
4
0
2
