15
13
6
6
19
12
17
13
15
10
9
10
21
13
11
13
15
19
11
8
6
8
6
6
12
9
6
4
10
17
17
6
17
13
6
8
12
11
12
13
9
6
9
9
15
14
10
6
8
14
13
2
17
11
15
11
10
13
13
10
11
8
15
10
13
6
15
8
6
8
11
13
6
8
11
6
10
8
15
8
17
18
12
15
6
10
17
19
9
11
8
19
13
7
10
10
4
10
12
12
8
0
4
17
10
25
15
19
31
21
12
22
36
22
24
34
21
19
30
13
25
13
24
33
0
17
17
20
24
9
13
19
21
30
25
15
20
18
33
15
35
21
25
27
27
19
27
19
17
21
39
27
21
19
25
17
17
13
23
19
23
34
31
34
34
19
15
29
21
19
36
15
17
19
31
18
31
35
13
38
12
24
27
21
23
31
32
36
29
30
24
38
32
38
40
12
17
19
39
27
35
31
30
21
20
29
35
37
34
29
17
12
23
17
19
13
42
25
32
15
26
7
4
4
12
6
6
8
6
4
4
8
13
8
6
12
6
8
6
15
10
6
6
8
4
6
4
8
8
2
4
6
6
8
4
8
4
4
4
4
12
4
6
10
4
5
4
4
2
6
5
4
8
4
8
8
10
6
4
6
8
4
4
4
6
4
6
6
