3
3
1
5
3
9
5
5
3
3
3
3
5
5
3
1
3
5
1
4
7
5
3
10
0
7
7
4
5
3
3
3
7
6
3
5
0
6
1
1
0
1
3
3
5
1
6
1
3
3
3
3
5
3
5
5
1
3
6
5
7
8
7
5
7
3
7
3
6
5
5
5
5
1
3
5
3
1
5
5
1
5
0
3
7
3
1
6
6
5
3
3
3
1
5
3
6
7
3
3
3
5
3
1
5
1
5
6
6
6
7
6
3
4
1
6
5
5
7
5
5
6
1
6
1
3
3
6
7
1
3
6
5
6
7
3
6
6
8
1
5
3
0
3
6
3
6
5
3
5
3
1
1
5
5
3
5
5
5
4
5
3
1
5
3
3
3
1
3
4
4
5
1
4
3
3
7
4
5
3
3
3
1
6
4
1
1
3
3
5
5
6
3
1
1
5
3
5
5
5
5
3
3
3
5
1
5
5
1
5
5
5
6
5
7
3
3
3
5
1
1
5
3
5
3
3
1
5
1
5
3
3
5
7
8
7
5
3
6
1
1
5
5
7
1
7
6
5
5
5
5
6
6
3
5
5
5
6
6
3
1
5
3
1
1
3
3
0
5
7
7
3
6
5
3
5
1
5
7
3
4
1
7
5
3
3
3
7
