1
1
0
3
3
1
1
1
1
5
0
1
1
7
5
1
5
1
0
1
5
1
7
3
3
3
0
3
3
3
5
1
5
5
3
5
1
3
0
5
1
1
3
1
3
1
1
7
5
3
1
3
5
3
0
0
3
5
7
1
5
3
7
3
1
1
1
5
3
11
3
3
3
1
3
1
1
7
1
0
3
1
0
1
1
1
7
0
1
5
1
5
5
3
3
1
3
1
0
1
3
1
0
1
7
13
0
3
0
0
1
5
5
5
5
1
3
3
0
11
1
0
7
5
1
3
0
0
1
3
1
3
3
5
3
1
5
5
1
7
7
1
1
1
1
1
1
3
1
0
1
0
3
3
1
1
3
0
1
1
7
5
3
5
1
1
3
1
3
0
7
3
3
1
5
1
1
0
9
0
5
0
7
9
5
5
1
1
1
0
7
5
1
3
1
1
3
3
0
5
1
3
0
0
3
3
3
7
0
1
1
3
7
1
5
3
1
5
1
0
1
7
7
0
3
5
3
7
7
0
5
1
3
5
5
3
3
1
1
0
0
3
1
5
1
7
5
3
0
1
0
9
0
1
0
1
0
3
1
5
5
5
5
1
7
3
11
0
0
3
1
1
3
5
1
1
5
1
0
5
5
1
1
5
3
3
1
5
