3
7
3
0
0
7
0
5
5
1
1
3
3
0
0
9
5
1
9
9
3
3
5
0
3
9
5
0
9
7
1
1
5
1
7
5
0
1
7
1
5
5
5
3
0
5
1
0
5
7
0
5
3
1
1
3
3
5
7
5
7
9
3
1
9
3
1
1
5
1
0
7
0
0
3
0
9
5
0
0
3
0
0
5
7
0
1
11
5
5
0
5
9
5
1
9
0
3
7
3
0
0
3
9
7
5
11
5
3
1
7
5
1
1
3
5
5
3
3
15
11
3
1
3
7
7
0
7
9
3
15
9
5
3
0
9
9
3
3
11
5
5
5
5
1
5
1
1
7
5
1
7
15
1
3
5
13
5
3
9
5
7
1
5
7
7
1
11
0
3
0
13
7
3
5
11
11
0
9
3
1
0
11
7
1
11
13
11
1
5
9
5
0
1
1
9
3
3
3
7
7
1
0
1
5
5
3
0
0
1
1
5
9
3
3
1
7
15
3
1
3
11
5
1
1
7
9
1
7
7
1
3
22
0
3
1
11
7
3
5
7
7
1
1
5
0
1
9
3
1
0
9
13
1
11
5
3
3
3
11
1
1
3
9
7
5
1
11
5
3
11
11
1
1
5
9
3
1
1
7
9
3
1
5
11
1
1
5
