19
23
27
19
21
25
29
16
19
14
18
17
13
29
16
15
35
21
23
14
47
19
35
23
19
15
13
19
14
23
21
8
23
27
41
18
18
18
12
41
25
10
23
18
25
12
19
29
21
25
35
35
31
21
25
21
59
31
31
29
16
15
27
10
31
21
15
50
27
27
10
6
31
18
13
12
21
21
19
17
79
25
19
34
17
33
21
21
12
8
16
33
23
19
23
23
21
16
31
14
14
15
16
21
37
31
17
16
46
41
19
17
12
29
29
19
35
31
39
68
21
6
14
37
16
29
19
25
23
31
25
49
18
39
31
19
64
21
19
55
14
34
17
41
41
35
33
26
33
47
44
27
35
25
44
49
19
21
27
40
62
35
25
41
44
25
42
33
60
59
49
17
17
21
12
31
17
46
10
38
55
33
15
63
40
23
35
52
15
37
42
16
12
31
27
57
27
50
35
15
78
60
41
19
29
31
23
16
29
65
58
32
52
82
16
25
39
58
23
63
30
53
25
21
33
31
37
51
19
56
35
91
23
14
14
31
33
37
25
27
48
8
29
49
27
10
19
72
55
29
45
17
27
19
16
16
28
19
25
17
46
33
31
10
23
14
12
21
31
31
18
16
29
23
29
25
46
27
33
27
19
29
14
25
16
15
19
39
