2
0
0
21
13
21
0
0
0
23
26
18
2
0
0
25
15
0
2
0
0
0
16
0
0
0
3
2
5
2
0
0
18
16
21
0
2
2
0
17
17
0
0
18
2
0
0
0
0
19
23
17
5
0
22
13
23
19
0
0
0
20
20
3
0
0
0
11
23
16
0
0
2
20
16
0
0
15
15
17
0
0
33
20
17
19
0
0
18
0
23
0
2
23
16
18
2
0
0
9
0
20
0
0
27
18
17
0
0
0
24
3
2
22
0
0
19
19
14
2
0
0
19
11
2
2
0
2
0
18
17
2
2
13
19
21
2
0
0
27
18
0
0
0
14
13
0
9
5
0
0
0
23
13
0
2
0
20
20
0
2
0
0
2
3
21
18
0
0
0
0
2
24
0
0
0
2
7
18
22
2
0
24
7
0
0
2
0
0
19
21
24
0
2
5
20
20
18
2
0
2
16
21
24
0
0
21
24
2
0
20
0
0
0
0
0
16
18
21
0
0
22
0
19
0
2
0
11
28
0
2
0
0
0
2
0
10
16
0
0
2
20
0
0
0
20
20
2
0
28
18
21
0
2
19
19
0
0
0
9
21
19
0
0
19
17
2
0
0
0
26
2
0
0
2
19
2
0
2
22
9
4
2
0
18
24
22
0
