3
13
0
9
5
11
0
0
11
3
5
0
5
7
0
13
9
7
7
9
9
15
11
0
0
9
5
11
13
7
0
13
11
11
7
0
0
7
3
0
0
7
5
0
0
13
9
0
0
11
11
0
0
11
9
0
0
7
9
0
5
5
11
0
9
0
13
0
9
0
9
7
9
3
13
11
1
7
7
0
0
13
9
0
0
9
15
0
0
11
13
0
11
11
9
9
0
9
13
0
0
9
7
0
0
11
9
0
0
5
9
9
0
5
13
7
0
11
11
7
0
0
0
0
11
7
0
0
15
0
0
0
0
0
9
0
5
0
13
0
0
0
0
0
0
0
0
0
0
0
9
7
0
0
7
5
9
0
9
7
7
0
7
5
0
0
7
5
3
5
0
5
0
0
0
0
0
0
0
0
0
0
5
0
0
9
0
0
0
0
0
0
0
0
11
3
0
5
11
5
0
0
5
7
0
7
0
14
0
7
0
7
0
21
9
7
13
9
0
13
0
9
0
9
0
7
0
9
0
21
0
5
11
11
0
22
7
0
5
0
11
0
7
0
9
0
7
0
15
0
9
0
3
0
11
5
11
0
13
7
7
0
19
13
1
5
9
7
0
0
15
7
0
0
9
7
9
0
0
19
9
0
0
5
11
0
0
11
