10
30
6
41
2
4
35
2
35
2
39
0
2
40
2
37
2
2
41
0
28
2
2
9
4
35
2
34
4
37
0
6
0
0
38
6
35
4
6
11
4
33
3
44
24
2
35
0
40
4
0
32
4
34
4
2
26
4
43
4
4
13
4
33
0
6
33
2
20
4
8
32
2
27
2
6
42
2
33
6
4
22
4
23
2
4
4
4
37
6
57
4
28
20
4
35
6
37
36
9
53
6
39
43
4
27
2
0
34
2
36
2
50
4
6
37
6
18
4
2
30
4
33
4
6
4
6
38
6
8
6
0
48
6
4
32
4
33
4
32
2
27
40
4
35
4
2
33
4
45
10
43
6
4
37
4
43
2
4
45
8
6
2
6
37
14
27
4
45
0
10
36
0
41
6
31
2
2
31
2
34
2
35
2
8
31
4
63
4
25
35
2
8
8
54
28
2
37
2
39
2
4
33
2
39
4
6
33
6
13
6
44
14
2
36
4
4
4
2
36
4
42
6
2
20
9
6
40
8
33
6
52
2
36
2
6
29
8
6
24
10
30
2
6
37
2
35
6
26
35
0
42
12
2
39
4
28
8
34
6
25
25
8
31
8
2
31
0
28
8
41
4
0
24
4
39
6
6
35
4
34
2
21
39
4
23
6
35
