12
8
0
8
5
6
0
8
8
10
14
6
6
7
6
0
0
4
6
0
0
6
4
0
3
2
8
0
6
4
6
0
4
6
6
0
6
0
8
0
6
0
10
0
8
0
13
0
8
0
8
8
8
0
10
9
5
8
12
0
4
0
12
0
6
0
8
4
10
8
8
0
6
8
8
0
4
0
12
0
0
10
6
0
6
6
6
10
0
12
10
0
0
8
6
7
0
6
8
4
0
12
6
4
0
8
6
0
0
6
4
0
0
6
8
0
0
8
6
0
0
0
0
0
8
6
7
0
10
8
0
0
12
4
8
0
0
6
6
0
0
0
0
0
0
0
0
0
0
0
2
10
0
0
8
0
0
8
0
5
2
6
0
0
8
0
8
0
10
9
4
14
8
4
0
0
0
0
0
0
0
0
6
0
0
6
0
0
5
0
10
8
0
13
8
10
10
6
0
6
0
17
6
8
0
9
0
6
0
3
0
14
0
4
0
12
0
8
2
8
0
12
6
10
8
8
0
10
4
14
0
8
0
6
0
8
12
12
0
8
6
0
4
0
6
0
7
5
2
0
6
14
4
0
4
4
4
6
8
14
8
0
3
10
10
0
14
8
8
0
9
14
7
0
14
0
0
0
8
8
0
7
10
5
6
0
16
10
