4
4
2
2
4
2
4
5
6
6
4
4
2
4
4
2
2
2
7
4
4
4
2
2
13
2
2
4
4
7
2
4
4
9
4
4
6
6
10
4
8
6
4
8
4
8
9
6
8
4
8
6
6
4
6
8
11
8
6
4
7
6
8
6
7
6
7
8
13
6
4
2
8
5
9
2
11
6
7
6
6
2
6
8
2
4
4
6
6
4
10
4
7
8
8
6
4
2
9
8
4
4
8
4
2
6
8
2
4
6
9
4
0
6
7
8
6
4
13
2
6
4
6
6
7
2
6
6
6
6
4
4
2
4
6
4
9
2
8
4
8
4
11
6
6
4
2
9
4
7
8
7
4
11
7
9
4
9
4
5
18
12
72
9
8
7
11
6
5
9
15
10
9
7
14
19
4
4
7
4
13
7
6
5
7
2
5
7
6
2
7
4
4
11
7
11
17
11
7
2
7
8
7
9
13
6
4
2
2
2
4
7
4
6
4
6
2
6
7
7
4
9
5
4
11
2
7
13
4
6
4
7
5
2
6
9
8
7
2
26
2
6
6
11
2
4
5
4
4
5
0
6
5
2
2
4
2
6
2
4
3
4
6
7
6
4
6
4
2
2
4
4
6
2
0
6
2
11
4
6
4
2
2
3
4
4
4
4
