0
7
5
0
0
11
3
0
0
7
5
0
7
3
0
7
5
5
0
0
5
5
13
0
7
5
3
0
5
9
0
7
7
7
7
0
3
5
7
0
9
5
3
0
7
0
5
0
7
0
9
0
7
0
5
0
0
5
5
0
0
15
5
0
5
0
5
0
0
0
5
0
0
5
6
9
11
0
7
0
0
7
7
0
0
9
5
5
0
3
0
5
0
0
5
5
0
5
0
11
0
5
0
5
0
5
0
3
0
0
7
5
0
0
5
3
0
9
5
0
0
0
0
0
0
5
0
0
0
9
5
0
0
0
7
0
0
11
7
0
0
0
0
0
0
0
0
0
0
0
0
7
5
0
0
9
0
0
5
0
7
5
0
7
0
7
5
5
0
0
9
0
11
7
0
0
0
0
0
0
0
0
3
3
1
5
0
0
0
0
0
5
0
0
9
5
0
12
0
5
0
0
5
1
0
7
0
7
0
0
13
7
0
0
9
3
13
0
7
0
9
0
13
5
0
0
3
5
5
1
7
3
0
0
7
0
0
0
5
0
7
7
0
11
0
0
9
1
7
9
5
9
0
0
9
9
1
0
15
0
7
0
0
5
9
0
11
9
0
0
5
7
0
0
7
7
0
0
3
0
7
0
0
5
5
0
0
14
