1
1
1
5
0
1
3
3
3
3
0
1
3
3
5
5
5
5
3
3
3
5
1
1
3
3
1
0
3
1
1
5
1
1
0
1
3
40
1
3
3
1
3
5
1
1
1
28
1
9
1
3
1
5
7
7
1
3
1
3
1
7
1
1
3
3
1
3
1
3
3
1
1
3
3
1
0
0
3
11
3
5
1
36
3
5
1
3
28
1
1
1
3
5
1
1
3
1
3
7
3
3
3
6
30
1
0
5
5
0
3
5
23
3
1
14
1
5
3
1
7
3
1
3
3
1
1
0
3
7
0
1
0
1
3
3
5
19
0
1
1
1
1
3
1
3
55
1
1
3
1
3
1
1
1
7
3
3
1
3
1
76
1
5
1
1
1
3
1
1
30
1
1
3
5
3
3
1
1
3
32
0
3
1
3
82
1
3
1
1
3
1
1
3
3
0
5
1
5
3
3
3
3
3
1
1
0
1
36
3
5
1
1
1
7
1
11
0
3
36
1
1
5
3
3
1
30
1
5
3
1
1
3
28
3
3
0
1
3
0
3
3
3
3
3
1
7
0
0
1
3
3
1
1
1
3
1
1
1
1
0
5
1
1
3
1
0
7
9
1
3
1
1
1
0
0
5
0
1
15
5
5
3
1
1
32
3
0
