0
4
4
6
6
6
4
6
2
4
2
4
4
6
2
10
2
2
6
6
6
10
12
2
4
4
6
2
6
2
8
10
2
8
6
8
2
6
4
2
4
10
10
12
4
6
4
2
2
2
4
6
6
2
4
2
4
2
4
2
4
2
6
4
4
4
2
4
4
10
6
10
6
2
4
2
4
8
4
4
6
4
4
4
4
4
4
86
8
2
6
4
4
8
4
8
2
4
4
6
4
4
8
6
6
4
4
6
6
8
6
4
0
6
6
8
10
6
4
11
13
4
4
4
4
6
6
6
12
4
10
6
4
2
2
2
8
2
2
4
2
2
8
4
2
4
4
4
4
8
6
6
8
13
8
8
6
11
6
8
2
4
6
10
2
4
8
4
6
2
2
8
4
6
6
4
6
6
8
2
12
4
4
8
6
4
4
6
6
0
6
6
4
4
2
9
2
4
14
2
8
6
6
2
4
4
2
6
2
6
4
8
23
8
2
6
4
2
0
2
4
2
2
6
6
8
6
6
2
6
4
10
2
8
2
4
6
2
4
4
6
2
2
8
6
4
4
10
2
2
2
2
10
8
2
4
10
4
2
4
8
10
8
2
4
2
2
4
6
2
6
12
6
8
2
6
8
6
4
6
8
4
8
2
8
2
4
4
