7
1
2
3
11
5
5
2
5
0
0
2
0
3
0
0
1
0
5
0
0
2
0
5
7
3
2
0
1
2
0
3
1
7
0
4
2
3
3
4
1
3
2
1
0
4
4
5
1
2
0
2
5
3
17
1
1
2
2
5
0
0
1
5
7
7
3
0
3
3
0
9
0
0
0
0
4
9
4
9
2
0
2
5
3
2
1
5
3
5
2
0
1
0
0
7
9
0
2
0
0
5
5
1
2
0
3
7
0
0
2
7
1
7
2
0
1
7
2
0
2
0
0
2
2
2
0
0
2
0
0
5
4
7
2
3
0
2
4
2
2
0
4
1
2
1
0
2
5
2
5
2
0
1
5
0
7
1
0
2
5
0
0
0
2
0
13
0
2
3
3
1
7
3
3
1
5
1
5
0
1
2
3
5
5
7
0
2
2
0
7
5
3
1
2
3
5
3
3
3
4
1
2
5
4
3
2
0
7
3
5
1
11
3
2
2
3
1
0
0
1
5
5
5
4
0
1
2
1
13
0
1
0
3
2
2
0
5
5
0
1
1
3
5
0
2
0
3
2
9
3
11
2
0
3
11
2
7
0
1
2
9
2
1
1
2
5
5
4
2
11
3
5
5
2
11
0
0
0
7
1
7
2
2
0
5
2
1
