8
18
0
11
6
6
5
5
4
15
0
5
5
7
4
15
11
8
5
6
6
8
6
6
10
11
0
0
2
8
0
9
5
10
0
15
11
4
0
9
6
7
2
0
9
6
0
4
8
0
9
6
4
0
4
0
6
0
11
10
8
0
8
0
8
4
7
0
2
0
6
9
10
0
6
4
8
0
9
0
4
9
4
0
0
8
2
4
0
4
7
0
0
9
8
0
0
6
6
0
0
7
9
0
0
6
8
7
6
8
4
0
0
9
9
0
0
11
13
0
0
0
0
0
9
0
4
0
4
0
4
0
2
0
9
0
0
13
9
0
0
0
0
0
0
0
0
0
0
2
4
0
0
0
5
0
7
6
13
2
11
4
9
0
6
9
0
16
15
8
4
4
9
8
0
0
0
0
0
0
0
0
8
0
0
0
0
0
0
0
2
8
0
2
0
9
0
4
4
7
7
8
0
8
11
9
4
7
9
11
0
10
0
0
0
15
0
6
0
11
0
8
0
12
0
10
0
7
8
7
0
9
0
4
6
7
13
0
0
17
10
0
11
15
9
0
9
9
0
0
19
11
0
0
8
13
0
0
9
5
6
0
6
2
6
0
18
9
4
8
5
11
0
0
4
6
0
0
12
4
0
0
4
5
0
0
6
15
