70
74
94
72
48
78
76
9
78
52
41
84
80
78
82
62
38
70
48
84
70
84
82
92
56
70
70
68
60
80
56
46
84
54
80
68
60
68
92
60
60
52
82
68
82
52
82
78
68
88
68
56
86
60
54
80
78
46
80
82
82
98
66
54
46
84
78
61
58
54
68
78
66
64
74
62
54
84
72
74
60
80
60
70
74
68
68
76
80
64
69
54
66
60
54
88
62
60
52
80
82
64
92
68
58
70
68
72
67
90
62
66
88
66
42
60
55
68
68
44
68
86
50
74
63
72
56
68
76
78
64
88
62
64
88
84
62
94
78
80
46
62
66
80
88
60
68
98
62
72
74
55
84
66
68
94
70
0
0
0
0
0
0
0
0
0
0
0
0
0
0
0
0
0
0
0
0
0
0
0
0
2
0
0
0
0
0
0
0
0
0
0
0
0
0
0
0
0
0
0
0
0
0
0
0
0
0
0
0
0
0
0
0
0
0
0
0
0
0
0
0
0
0
0
0
0
0
0
0
0
0
0
0
0
0
0
0
0
0
0
0
0
0
0
0
0
0
0
0
0
0
0
0
0
0
0
0
0
0
0
0
0
0
0
0
0
0
0
0
0
0
0
0
0
0
0
0
0
0
0
0
0
0
0
0
0
0
0
