11
31
18
23
3
4
29
19
27
14
21
14
17
11
28
17
21
13
24
18
26
23
23
12
12
8
12
25
25
23
17
24
24
17
18
11
19
10
13
27
16
28
8
25
19
21
13
20
13
20
11
22
17
8
14
18
23
26
22
7
9
20
23
18
2
19
13
18
26
19
10
15
18
29
28
15
24
17
21
13
22
19
15
23
18
15
27
21
13
17
12
17
16
17
30
23
23
10
11
3
17
16
31
23
21
23
17
20
22
25
19
25
18
15
18
15
17
17
27
11
21
17
14
21
21
29
25
21
23
26
23
25
17
20
23
25
23
22
23
32
14
8
27
32
18
23
26
25
24
28
28
20
19
26
17
17
28
23
36
51
32
26
51
21
26
22
29
12
28
18
17
12
22
11
7
17
26
23
13
12
9
9
14
16
14
9
17
21
7
14
15
12
8
12
12
17
12
16
13
26
17
22
16
16
19
13
29
20
12
15
17
13
11
9
25
20
14
20
16
13
16
21
9
15
25
15
13
24
3
26
27
26
22
12
23
14
25
24
19
30
24
18
16
24
26
15
24
18
16
17
14
27
25
14
32
30
22
29
20
27
24
35
10
21
26
28
27
17
22
30
11
27
23
25
22
23
9
16
21
19
23
29
16
27
17
23
16
12
