7
15
13
13
16
4
9
10
8
8
10
19
12
8
6
13
15
18
10
10
14
17
14
12
10
9
10
10
13
12
14
6
7
12
9
9
8
13
11
11
12
16
4
8
10
6
10
19
6
8
12
12
11
10
15
6
7
4
10
10
10
9
4
6
12
17
9
7
8
10
13
11
15
12
8
10
6
9
2
14
15
6
10
8
11
10
18
13
10
12
8
11
8
7
7
3
15
6
13
8
8
8
13
10
12
8
16
17
15
13
8
7
9
8
8
10
14
8
12
11
8
8
10
12
12
8
13
10
9
8
8
14
11
13
15
9
8
11
12
9
10
12
11
13
13
8
10
13
8
12
11
2
8
8
12
13
9
11
12
14
10
12
13
8
12
9
13
17
6
7
11
9
9
13
8
11
11
12
17
11
9
9
10
13
11
14
13
9
8
10
15
15
9
10
15
13
11
11
8
13
10
10
12
9
12
9
13
13
6
6
10
10
7
7
10
8
14
13
13
10
8
10
15
6
7
10
13
13
6
13
8
6
8
11
8
12
8
12
7
9
10
7
8
10
15
12
9
6
10
10
15
6
12
9
5
10
11
7
8
9
9
15
8
9
9
8
11
9
10
11
8
9
9
13
11
4
11
6
7
7
10
10
6
13
7
15
9
8
