3
6
7
7
8
7
5
7
8
6
5
5
5
7
5
6
8
6
5
5
5
2
7
10
3
6
8
3
10
7
6
8
8
6
8
3
4
3
3
3
3
7
7
5
14
7
3
10
5
8
6
5
10
7
7
5
5
11
10
6
8
4
3
6
12
3
10
9
8
5
5
5
6
6
5
5
9
3
7
8
3
6
3
7
7
5
6
5
3
7
5
11
7
3
8
12
7
6
3
3
3
5
5
8
3
5
5
5
12
3
5
5
3
7
3
4
5
3
8
5
5
3
9
5
8
9
5
8
6
5
7
8
3
4
3
5
9
7
8
3
3
3
6
6
3
8
6
6
5
3
5
5
5
3
5
3
19
8
6
8
3
8
8
8
6
3
5
3
5
4
10
5
5
8
8
3
3
5
5
5
10
7
8
3
5
6
7
11
8
3
4
18
7
13
5
4
8
4
69
4
3
6
7
9
8
5
9
16
5
12
8
11
8
5
7
7
5
6
8
6
7
5
6
7
9
5
7
5
6
12
7
5
3
10
6
6
8
8
10
15
8
5
8
7
11
6
7
10
3
8
7
6
5
6
5
5
6
7
8
5
5
6
5
7
7
8
3
3
10
2
5
7
5
3
8
5
5
5
10
5
10
10
5
7
10
5
5
6
