8
6
4
3
0
0
1
3
2
0
0
5
1
3
1
0
3
2
5
4
2
1
3
3
3
2
5
0
2
2
3
2
2
0
2
5
3
2
5
0
0
0
2
2
0
3
2
2
0
2
2
0
4
3
4
2
2
2
4
3
2
4
3
3
0
2
7
2
3
5
2
3
6
2
3
0
2
2
5
0
2
13
2
4
5
6
0
2
0
3
2
4
3
5
5
2
2
2
0
0
0
0
5
4
0
2
2
2
2
2
2
1
7
3
2
1
2
5
0
2
2
4
2
3
2
7
4
4
5
2
5
0
3
4
0
2
2
2
3
0
3
2
2
2
5
11
2
3
2
2
3
3
2
5
2
5
2
2
4
2
4
5
4
0
5
3
4
2
3
10
3
0
2
2
2
2
6
4
0
2
0
2
2
2
5
3
3
5
5
5
2
2
0
11
2
7
4
4
2
0
3
3
2
0
2
0
2
2
0
2
3
2
2
2
5
2
8
2
5
10
0
5
0
3
2
0
0
2
2
2
1
3
2
2
0
2
14
3
5
0
3
0
2
6
2
0
0
2
2
4
2
3
0
5
0
3
2
6
10
3
16
1
3
5
4
4
2
1
7
0
4
2
2
2
2
2
2
2
5
0
3
2
2
0
4
0
2
2
