9
0
6
10
6
6
11
8
9
0
0
0
0
10
13
11
7
10
7
21
12
0
0
9
10
8
9
0
0
8
7
8
1
7
9
0
0
1
14
0
6
1
7
13
5
6
0
10
1
14
1
8
12
10
0
11
12
0
0
11
13
27
11
12
9
11
10
0
0
0
0
8
0
10
18
7
6
9
9
6
10
7
0
9
11
12
0
0
8
10
10
14
0
0
0
0
13
2
0
5
8
7
0
19
7
9
0
0
17
9
0
10
8
3
6
7
10
0
0
9
2
2
13
10
9
4
7
10
10
14
0
0
10
12
10
0
9
1
8
7
9
8
0
0
1
7
11
8
0
7
1
8
0
9
9
0
4
7
12
0
0
9
0
0
7
8
6
4
7
5
1
0
2
9
7
0
0
5
3
8
7
6
0
5
5
10
1
6
8
6
1
7
5
7
6
4
6
3
6
6
3
4
6
8
0
6
2
10
0
6
5
6
0
1
1
5
0
8
5
4
2
1
5
5
0
6
17
1
0
1
0
4
4
0
10
8
7
0
0
10
20
6
0
6
11
5
7
3
0
0
7
6
0
0
0
0
4
0
7
10
0
0
3
11
7
17
0
0
0
6
0
6
5
4
5
8
0
7
5
0
0
0
4
13
0
16
1
15
