12
41
10
12
15
15
14
13
6
6
6
16
19
16
14
14
12
14
15
10
14
12
15
18
12
16
2
10
19
21
12
21
10
14
21
19
17
12
14
12
17
27
23
15
21
14
21
8
12
16
12
23
12
16
23
31
14
14
12
19
8
10
12
10
27
19
14
17
29
14
19
17
12
31
8
33
19
14
14
15
13
14
19
8
14
21
14
12
8
10
17
12
21
16
12
15
10
25
14
21
10
19
21
32
35
19
15
15
25
27
10
29
14
8
15
17
6
25
35
28
19
10
51
33
37
9
12
40
41
16
39
66
33
15
19
17
48
17
10
21
19
27
12
44
12
16
25
31
27
6
12
35
40
19
47
8
56
56
12
36
40
46
17
19
10
34
19
15
40
21
33
15
37
29
45
25
59
8
25
14
36
8
52
44
12
14
15
17
27
27
27
8
10
32
10
25
39
13
12
21
38
41
35
42
13
44
33
31
48
21
16
15
34
17
8
6
10
21
23
9
23
29
19
15
33
29
12
12
9
15
4
12
39
21
10
13
19
12
19
19
14
21
15
23
25
17
14
14
33
17
7
19
23
46
14
19
21
15
38
23
8
25
21
15
44
17
23
15
23
6
13
23
6
21
16
33
19
15
13
17
32
19
10
23
31
19
10
15
