18
18
17
18
18
18
19
18
18
17
19
18
18
18
18
18
18
18
17
17
18
18
18
17
18
18
17
18
18
17
18
18
18
18
18
18
18
18
18
15
18
17
18
18
14
16
17
18
18
18
17
17
18
18
18
19
18
17
17
19
16
16
18
18
18
18
18
18
19
18
18
18
16
19
18
18
18
18
18
18
18
18
19
18
18
18
18
17
14
18
18
18
18
18
18
18
18
16
18
18
18
18
18
17
15
18
17
18
18
18
18
18
18
18
18
18
18
17
18
16
18
18
16
17
18
18
16
18
16
15
13
18
16
17
16
16
17
17
18
18
15
17
17
17
13
15
17
13
16
18
16
16
15
17
14
15
16
19
20
20
18
19
17
19
19
19
19
20
19
19
19
19
19
19
19
19
19
16
19
20
16
20
20
19
19
20
19
19
19
19
20
19
19
19
19
19
20
20
19
20
19
19
19
19
19
17
19
20
19
19
19
20
18
18
19
19
20
19
19
19
19
20
20
20
20
19
19
19
19
19
19
19
19
20
19
19
19
19
20
19
19
19
19
19
19
20
19
19
18
19
19
19
19
17
19
19
19
19
19
19
19
19
19
20
20
19
19
18
18
19
19
20
20
19
20
18
19
20
19
20
20
19
19
20
19
20
19
19
