0
0
0
0
0
3
9
20
18
6
16
0
0
0
0
0
0
1
0
2
13
22
16
0
1
1
0
0
0
1
0
0
0
17
35
1
0
0
11
1
0
3
13
11
0
1
12
11
0
0
0
0
0
0
17
18
20
31
19
0
0
0
1
0
0
3
16
27
16
5
13
0
0
0
0
0
0
2
1
2
0
0
2
1
0
11
1
0
9
2
0
3
1
0
16
4
2
0
0
0
0
1
2
11
1
1
11
1
1
0
0
6
7
7
1
0
10
7
3
1
12
1
1
3
0
7
0
1
1
10
14
1
0
1
0
3
0
4
0
6
3
8
3
1
0
9
8
0
3
2
2
7
0
4
1
0
17
1
3
0
18
1
0
7
11
0
2
9
1
1
1
1
1
1
0
1
1
0
12
1
1
0
18
1
0
0
0
0
13
4
4
11
0
3
0
0
0
1
0
1
0
2
0
3
0
0
0
1
0
0
0
1
1
0
0
12
1
1
1
0
0
1
5
5
1
0
1
1
0
0
0
0
1
0
4
3
2
14
12
1
8
0
1
0
0
0
0
8
12
0
0
0
1
1
0
1
0
8
1
1
0
14
1
1
0
17
1
10
12
0
1
0
1
13
0
1
0
0
0
8
1
1
1
7
8
5
0
2
