10
9
7
2
13
14
9
12
21
13
9
9
15
9
9
22
6
10
15
15
9
43
4
17
7
15
6
11
11
8
7
6
18
11
26
9
21
11
11
9
4
5
13
7
8
15
18
19
6
9
18
9
17
13
15
21
16
11
17
15
17
19
17
13
21
13
10
24
18
14
16
7
11
7
13
9
9
7
10
22
17
13
15
17
8
7
11
11
12
13
5
13
4
11
11
8
12
14
52
17
13
6
11
19
15
15
16
9
17
15
11
12
23
7
8
21
11
12
18
13
13
31
24
22
17
26
13
13
15
27
21
11
14
16
24
22
19
23
11
29
13
21
14
13
20
20
21
20
27
38
8
30
16
12
9
11
9
33
11
23
11
19
12
18
20
19
19
24
9
24
15
20
25
23
26
15
27
7
24
34
16
12
30
13
29
10
31
28
9
15
26
29
22
32
30
16
9
24
13
9
9
15
28
22
17
28
17
22
25
9
17
11
25
10
23
16
18
24
18
13
7
16
21
13
19
23
24
14
14
18
15
11
17
19
4
24
15
9
15
9
11
15
24
16
13
14
6
9
11
18
10
12
7
11
22
15
34
15
9
13
11
12
7
12
7
11
7
10
13
13
17
8
19
11
9
12
17
19
27
9
11
6
15
17
19
15
19
11
