5
2
4
36
4
18
31
2
2
53
4
17
4
50
4
2
57
4
2
4
4
2
2
35
0
13
2
2
4
8
21
44
0
2
12
4
2
3
47
2
4
4
5
3
4
36
15
4
5
2
21
4
1
6
33
33
5
8
7
3
4
2
5
4
4
5
8
40
6
4
7
3
5
4
2
5
11
32
3
9
10
6
5
7
14
7
5
2
4
9
6
7
9
5
5
5
17
7
5
2
6
6
14
7
27
31
40
5
34
28
34
5
4
38
44
2
2
6
9
5
17
8
28
10
34
3
5
42
3
22
8
56
2
46
4
2
2
5
28
5
35
6
51
6
8
5
6
2
30
7
2
21
2
11
9
31
6
2
9
7
5
34
2
4
32
5
5
7
4
36
16
32
2
4
23
5
5
5
3
6
2
7
2
5
31
5
23
7
3
2
3
8
5
2
2
4
4
6
4
10
9
7
30
4
39
2
1
5
5
3
43
35
8
4
6
5
10
2
2
3
5
9
46
5
3
10
4
3
5
3
4
5
4
12
2
4
2
16
6
3
4
25
39
4
2
49
3
4
46
4
2
2
5
2
2
4
6
5
4
12
2
20
4
10
7
4
8
2
2
7
4
5
4
2
5
73
35
5
2
7
6
8
10
2
2
3
4
0
