5
20
0
0
5
3
0
0
4
15
0
4
6
12
0
0
11
5
2
0
7
12
0
3
7
12
12
0
6
8
0
0
14
2
11
0
6
0
8
0
11
7
8
0
5
12
14
0
10
0
10
0
7
0
22
0
13
0
31
0
9
8
7
0
0
5
18
0
0
9
12
0
0
7
5
0
0
5
3
14
0
12
0
5
0
9
25
10
23
0
5
8
6
0
19
2
0
3
6
0
0
9
4
5
0
16
10
0
0
13
7
0
0
9
11
10
0
5
6
0
0
0
0
0
0
0
2
0
7
0
2
0
0
19
0
0
18
5
0
0
0
0
0
0
0
0
0
0
0
0
0
0
2
0
10
0
0
0
7
0
6
0
5
42
5
8
0
0
7
11
3
8
0
0
0
8
0
0
0
0
0
0
0
0
0
11
0
0
6
0
9
0
0
8
11
0
11
2
6
3
0
9
0
13
0
19
0
3
0
7
0
9
0
5
0
13
0
9
0
3
0
8
0
6
0
9
0
12
0
7
5
9
0
13
8
15
0
0
8
8
0
0
10
14
0
0
13
8
0
0
13
8
0
0
19
9
0
0
12
5
0
0
4
5
0
0
9
13
0
5
5
9
0
0
16
5
0
0
34
9
0
0
28
3
0
0
11
18
