5
5
0
5
5
11
0
0
3
5
0
0
13
13
11
0
7
13
0
11
5
7
0
5
5
2
7
0
5
5
0
0
3
0
7
0
5
0
7
0
5
5
0
13
5
9
0
5
7
5
5
3
3
5
2
7
7
0
5
5
5
0
5
5
3
0
17
0
9
0
3
5
9
0
2
7
5
0
3
3
3
0
9
7
11
3
0
5
0
7
0
3
0
3
5
0
0
5
3
0
0
3
3
5
7
0
9
11
0
0
3
5
0
5
3
5
0
3
0
7
0
0
0
0
0
5
13
0
0
0
3
0
0
5
2
0
3
0
5
0
0
0
0
0
0
0
0
0
0
0
5
5
5
0
5
5
0
0
7
5
5
3
3
5
7
9
0
7
7
0
5
3
5
3
0
9
3
0
0
0
0
0
7
5
0
0
0
0
17
0
0
3
0
2
0
5
0
3
0
5
0
3
5
0
9
5
7
7
7
3
3
7
2
5
9
11
3
3
0
3
0
11
2
2
5
7
5
9
7
15
2
3
5
0
9
3
5
0
9
0
3
0
2
0
9
0
7
2
0
0
7
0
0
0
11
9
2
0
0
7
5
0
3
3
5
0
0
2
3
0
0
0
9
0
9
3
0
0
21
3
0
0
5
3
0
9
19
19
