2
0
3
59
0
3
0
4
1
41
0
4
2
20
2
2
2
2
22
5
4
4
52
2
2
4
32
2
2
2
2
5
24
19
0
2
3
2
2
4
5
0
3
3
3
38
0
3
47
2
4
3
0
0
0
2
2
76
2
0
0
2
3
2
0
2
33
0
4
2
0
0
2
2
0
0
2
2
50
2
4
2
60
0
4
4
2
3
2
38
4
0
2
2
2
2
0
51
0
0
2
47
2
2
0
54
2
2
2
4
0
2
2
2
73
2
0
2
4
5
2
2
4
4
2
0
0
2
2
0
2
48
2
2
4
2
31
2
2
0
2
2
0
4
2
2
2
0
1
5
44
2
0
2
2
5
2
0
0
2
0
2
0
2
2
2
0
2
9
0
0
2
2
63
2
2
2
2
0
2
4
0
2
0
0
0
2
0
2
21
0
2
4
4
2
0
2
2
3
0
4
0
5
0
0
5
0
0
0
74
0
2
2
0
0
0
2
2
0
24
0
0
2
5
0
0
2
0
2
2
2
4
0
0
2
4
2
2
53
2
2
2
2
0
0
0
22
0
0
0
2
2
2
2
2
2
2
0
79
2
0
2
4
29
0
0
0
0
74
0
2
0
4
43
2
0
0
2
94
4
2
2
2
2
0
2
2
0
