10
8
8
4
10
10
4
8
8
4
8
6
2
4
6
8
4
8
8
10
6
8
4
10
14
6
8
6
8
6
8
22
8
8
8
12
6
18
8
4
6
12
2
8
8
20
8
8
0
10
8
6
8
8
12
10
6
10
8
10
10
8
12
18
6
10
8
10
8
6
4
8
4
8
6
12
16
37
8
10
8
4
6
8
8
8
12
8
2
14
8
16
4
12
8
4
8
8
6
6
10
6
8
10
18
4
18
18
10
6
8
10
20
8
12
6
10
6
24
35
10
4
6
6
45
10
10
14
4
10
18
4
8
6
12
14
12
8
0
12
8
10
8
14
10
8
10
8
12
14
8
6
6
8
16
6
16
14
10
10
6
10
8
8
4
12
10
10
16
6
10
8
8
10
14
14
12
16
12
12
26
20
10
10
16
24
12
8
8
22
24
10
18
14
16
47
20
37
12
14
6
8
18
10
22
6
22
4
6
18
18
10
10
18
4
22
10
10
4
10
14
14
4
4
8
16
10
4
22
16
16
8
10
10
31
4
12
8
10
14
16
8
10
12
8
18
24
8
16
12
10
8
2
10
8
6
10
8
6
8
6
10
6
10
18
8
10
4
8
6
10
12
10
8
35
14
8
12
10
10
6
6
12
14
12
10
8
16
