1
2
1
3
5
2
2
4
1
4
2
5
10
3
3
2
9
2
0
8
2
2
2
5
6
1
2
2
2
3
6
2
8
1
2
6
1
17
1
2
1
4
4
3
0
4
5
0
4
5
9
8
4
8
6
21
8
9
7
7
5
9
5
9
6
26
8
3
7
13
4
5
5
3
10
5
7
7
7
7
22
6
12
8
5
7
4
4
8
3
5
7
12
6
5
3
5
3
9
5
3
7
26
11
6
5
3
5
8
7
7
7
11
5
6
5
7
7
3
6
6
7
2
5
12
18
6
3
10
10
7
9
6
5
3
5
3
9
21
9
9
7
5
6
6
10
7
9
8
19
5
7
17
7
4
7
3
3
14
10
7
10
19
14
20
29
10
5
9
7
10
7
7
7
10
6
3
5
3
6
13
5
20
5
17
8
30
26
27
25
21
7
9
4
12
7
15
20
5
7
21
8
3
5
12
5
5
6
5
8
11
9
4
5
5
7
9
2
4
5
13
5
3
5
7
4
6
9
8
7
7
5
4
6
12
3
9
8
2
7
7
2
3
7
20
5
22
9
7
5
18
18
8
8
6
10
11
2
5
10
5
3
3
3
15
5
2
20
3
9
3
7
4
2
2
8
5
5
7
5
5
7
5
5
4
6
5
7
