10
14
8
12
6
6
15
13
6
8
10
13
13
10
8
8
12
23
6
14
14
10
9
6
15
16
14
6
17
8
6
15
9
6
10
19
23
4
6
6
4
12
6
12
12
8
12
10
12
10
41
11
15
10
10
10
21
14
6
15
8
4
13
10
12
10
9
14
12
8
8
12
8
10
8
12
14
16
8
16
12
4
6
13
12
17
8
15
12
6
15
6
16
14
23
12
14
6
10
6
15
10
15
10
14
10
16
13
12
16
8
23
12
10
10
12
35
14
19
16
17
15
16
6
27
14
23
19
8
23
16
4
12
25
10
14
16
14
19
9
4
21
23
4
10
23
14
24
9
23
10
12
6
10
16
4
6
27
8
8
29
25
8
21
17
29
14
14
23
17
10
13
21
27
23
6
19
8
19
6
45
12
10
4
6
12
21
19
10
17
13
14
29
7
4
12
15
12
21
8
6
21
13
10
14
16
24
25
19
16
46
8
18
17
13
19
23
12
19
11
17
14
9
15
4
8
10
10
6
21
8
10
21
31
8
6
2
10
10
12
8
8
12
6
10
13
16
12
14
4
11
14
10
12
8
15
6
12
2
10
8
10
4
4
15
10
6
12
12
15
13
10
10
19
14
14
10
10
17
14
15
10
22
15
19
10
11
14
