43
43
34
44
42
43
28
37
32
51
32
36
42
37
38
48
38
38
45
20
47
47
48
18
35
42
50
50
46
52
44
41
46
50
27
37
50
30
29
39
40
38
37
38
36
41
31
38
46
40
29
42
36
38
41
39
31
29
32
30
38
36
43
36
38
24
31
40
40
34
35
31
36
43
33
40
19
39
39
25
23
36
34
26
48
38
40
47
38
41
37
39
34
45
38
32
37
41
20
44
43
24
31
28
33
42
29
35
30
40
39
31
39
30
38
42
26
44
32
32
37
24
40
37
39
39
35
38
37
36
37
25
41
35
35
38
38
39
31
38
39
38
43
30
35
45
36
40
43
37
35
39
18
39
38
38
39
59
66
34
49
51
58
55
33
51
29
40
36
39
37
30
36
19
36
40
37
37
38
37
37
36
38
33
25
36
32
37
40
34
30
34
56
40
39
40
36
40
29
29
24
33
40
26
42
23
37
34
38
37
38
35
36
28
38
41
34
30
38
32
32
36
43
28
45
41
36
39
35
40
36
41
40
40
37
37
43
38
43
39
40
39
29
39
47
42
43
36
31
39
31
31
26
39
30
40
29
47
43
36
52
22
34
41
43
41
35
43
40
39
29
37
35
36
40
39
30
38
42
45
33
20
30
29
31
30
31
23
