11
10
12
7
3
7
11
28
7
9
10
9
11
16
11
5
5
15
11
11
9
7
9
9
7
9
23
2
7
14
7
7
5
11
11
13
7
7
11
7
6
9
14
8
11
15
17
20
18
34
6
7
13
7
13
10
12
9
9
13
11
13
15
7
6
9
7
4
14
7
7
13
15
14
7
7
5
11
5
14
14
13
7
11
7
10
9
13
11
11
7
7
9
11
9
16
9
10
7
18
7
9
5
14
23
18
34
11
8
20
11
26
15
13
15
16
17
14
20
27
16
28
27
21
7
16
20
19
24
18
23
17
11
18
12
13
13
16
9
15
18
11
16
13
10
18
24
24
11
15
21
18
17
7
17
18
30
11
13
24
23
17
21
21
7
18
11
16
11
12
18
31
29
23
15
11
15
18
31
30
14
23
6
29
26
23
12
14
33
16
16
4
20
11
22
23
16
10
9
23
21
11
22
30
17
9
9
25
17
7
20
16
7
14
8
25
9
13
15
16
13
17
9
13
11
16
11
25
18
8
13
16
13
7
17
6
14
9
11
37
15
9
9
11
16
6
13
4
13
13
14
9
9
9
7
13
23
7
12
6
13
18
19
7
40
7
12
13
14
11
7
12
9
16
11
15
6
15
24
10
9
5
10
18
14
7
11
9
