5
9
19
7
7
5
19
9
5
11
11
13
19
15
7
17
5
3
7
11
9
9
5
7
7
11
7
7
15
19
5
5
3
15
15
7
11
9
5
7
13
7
2
7
13
5
11
13
5
9
5
13
13
19
11
11
7
9
5
17
7
7
11
7
7
9
9
9
5
15
11
5
9
7
13
11
11
5
13
7
11
5
13
17
5
7
33
7
13
9
11
5
5
5
2
11
5
23
7
17
7
3
3
15
13
9
11
7
7
11
19
11
9
5
11
13
21
15
13
11
21
17
5
17
3
5
5
19
13
15
9
7
7
5
17
21
15
25
7
9
7
5
11
3
9
9
13
11
7
21
21
13
17
13
17
17
9
25
15
13
9
25
9
19
13
21
15
13
25
3
9
7
5
11
17
21
7
13
7
25
3
9
27
23
29
11
25
15
15
5
17
11
11
27
9
15
17
17
19
7
11
11
7
9
7
5
17
2
5
9
7
3
5
11
3
11
5
2
13
5
7
13
9
5
3
3
13
9
11
5
2
3
13
3
7
9
11
3
17
3
5
7
11
7
15
11
2
3
3
11
2
7
0
5
15
13
15
3
9
5
13
11
3
5
9
5
7
13
11
15
3
17
2
3
15
15
5
9
9
7
15
9
5
13
5
5
5
9
