11
25
9
9
10
12
6
13
4
4
6
11
13
44
10
10
14
11
6
4
8
28
9
9
15
25
12
11
9
7
11
17
13
8
13
8
9
6
10
11
8
11
10
25
11
23
11
9
11
13
17
13
15
13
11
15
15
13
13
13
8
8
9
11
13
9
8
17
76
13
15
15
12
21
11
10
15
6
11
7
13
10
13
4
13
15
6
8
6
6
17
17
11
13
6
13
8
8
6
6
4
8
11
17
13
10
15
19
10
15
11
10
15
11
21
17
19
17
21
11
7
19
30
21
7
7
13
11
28
10
21
34
13
15
23
10
11
22
10
25
23
21
25
9
21
7
9
13
23
20
8
24
19
10
22
19
4
20
23
20
7
9
17
21
23
17
28
23
14
21
15
10
20
21
38
15
9
17
23
11
20
15
23
26
29
23
25
12
8
11
32
10
18
13
30
16
31
15
13
36
25
8
34
19
21
13
21
23
6
30
21
13
34
8
10
15
19
11
9
24
29
11
10
15
23
13
15
11
19
15
11
11
25
0
13
15
15
13
13
15
11
25
11
17
17
19
11
7
11
13
13
13
10
11
17
13
27
11
11
10
11
6
15
11
4
23
8
17
13
9
9
11
13
13
11
6
17
17
8
11
27
8
11
13
15
6
13
15
