6
15
4
0
2
6
6
4
4
6
2
2
2
4
11
6
10
12
24
4
10
4
4
8
8
4
8
2
2
8
2
2
6
2
4
12
8
6
2
0
6
4
0
4
4
6
4
4
6
2
2
2
6
2
10
4
6
4
4
2
8
9
6
5
6
2
6
6
2
6
0
6
2
11
9
8
0
6
4
11
2
2
2
2
8
2
6
4
4
6
6
4
6
4
2
4
2
2
11
8
4
6
4
13
8
4
4
2
4
2
6
8
4
2
8
2
2
2
6
4
4
6
2
4
6
6
10
10
8
10
4
4
6
4
6
6
17
2
13
4
2
2
2
10
8
10
2
6
8
2
10
8
6
2
2
12
4
15
4
2
15
11
6
6
2
4
15
4
6
6
4
4
6
2
15
4
2
6
4
8
6
15
8
4
4
6
6
4
4
10
2
4
4
4
4
4
10
2
6
6
4
21
0
2
12
6
4
6
6
4
8
4
13
8
4
6
10
4
10
0
10
10
2
2
13
4
6
6
2
4
4
4
8
8
6
4
4
6
6
8
4
8
6
2
4
4
13
4
2
8
4
6
4
8
10
2
15
6
8
6
6
2
8
4
8
12
6
6
4
4
2
4
15
4
4
4
4
4
19
0
4
0
8
6
6
12
0
2
