12
17
9
12
11
8
17
13
6
8
13
17
14
13
4
16
17
7
5
11
8
4
8
10
6
8
4
4
7
17
11
12
6
10
8
12
15
17
8
10
4
6
8
8
13
6
10
8
19
13
10
24
19
12
14
14
15
6
15
17
10
17
6
15
13
12
19
19
14
17
17
21
15
19
12
21
21
6
16
8
16
17
13
5
14
12
8
8
17
13
15
4
12
10
5
14
12
27
6
6
16
8
15
10
10
15
15
14
16
17
16
16
23
16
14
25
8
12
19
15
17
13
17
25
41
19
12
17
14
12
11
15
15
12
9
13
8
29
8
27
13
8
16
13
29
4
15
6
17
39
12
33
11
19
17
8
21
15
29
15
26
26
19
11
15
15
26
25
8
12
10
27
16
21
28
16
21
12
19
23
17
14
31
27
12
37
17
37
19
11
27
27
23
6
17
22
23
19
8
21
29
7
27
27
28
15
8
20
6
28
23
15
27
19
39
9
10
10
23
13
17
12
21
23
12
22
19
40
8
14
17
16
12
17
4
8
19
17
8
23
10
10
6
17
32
17
21
21
13
8
4
8
19
4
10
11
19
11
12
10
6
35
23
10
17
6
8
10
11
14
21
12
15
13
19
17
10
10
15
4
8
10
14
29
10
10
17
19
