1
5
0
0
7
9
9
5
0
0
0
0
2
1
2
6
8
11
8
5
0
0
0
1
0
0
0
4
0
0
7
4
13
22
0
0
0
0
0
1
3
0
6
4
8
34
0
0
0
0
0
0
0
0
1
0
6
8
7
8
13
0
0
0
0
0
0
1
0
7
8
8
11
8
0
7
0
1
0
1
1
0
0
0
7
8
8
8
6
0
0
0
0
0
1
0
8
8
7
10
8
0
0
0
0
1
0
2
0
0
8
8
11
17
0
0
0
1
0
3
2
1
6
7
7
9
11
3
0
1
1
3
1
2
8
6
7
8
6
0
0
0
0
1
0
1
1
0
8
6
9
4
16
0
0
0
1
1
1
0
0
0
8
5
5
7
9
9
0
0
0
0
1
1
1
1
0
8
7
9
7
8
10
0
0
0
0
1
1
7
0
0
0
0
0
7
6
8
8
0
0
0
0
1
1
0
0
0
6
7
8
4
1
0
0
0
0
1
0
0
0
0
8
5
8
9
0
0
0
4
0
2
0
2
0
0
6
7
9
10
16
0
0
0
0
0
1
1
1
1
3
0
7
5
8
11
0
0
0
0
4
5
0
5
9
10
12
0
0
0
0
0
1
0
1
0
0
3
2
0
0
0
5
3
5
5
7
9
