6
10
10
4
8
12
4
0
6
11
8
12
8
8
8
10
10
11
8
8
4
4
10
12
12
4
6
8
6
12
12
17
11
15
15
12
12
8
12
13
10
8
10
17
6
13
13
17
12
8
10
13
15
12
15
10
8
8
8
12
14
10
10
10
11
10
8
14
12
8
8
15
6
14
17
10
11
10
14
10
6
17
8
6
12
6
10
8
11
8
12
12
8
6
8
10
11
12
10
10
8
6
6
8
12
13
8
8
13
19
13
13
6
15
14
11
14
13
8
12
12
15
12
17
10
11
6
17
12
13
10
14
8
29
14
12
12
23
15
15
15
17
11
6
14
6
28
11
29
10
6
8
10
18
19
19
15
8
25
23
19
14
12
10
6
9
8
6
33
37
13
23
15
6
8
6
23
25
11
15
10
7
22
20
11
11
9
15
17
7
15
8
10
52
6
9
15
11
4
22
13
17
13
8
14
15
19
8
12
8
15
23
24
29
13
6
10
6
12
9
11
8
13
11
15
25
9
9
14
4
11
6
8
8
8
4
6
6
9
2
14
2
4
2
8
4
6
8
8
8
9
6
10
4
5
10
8
4
6
4
8
7
7
8
7
6
6
11
10
11
9
8
7
13
7
4
6
4
10
8
15
4
8
8
7
4
11
10
