4
8
8
6
6
8
8
2
6
15
6
6
0
2
2
2
23
8
4
4
2
6
6
4
6
10
39
2
12
12
2
4
6
8
8
4
8
4
6
4
4
6
6
4
8
8
6
10
4
4
6
4
6
8
12
6
12
8
8
8
6
8
6
4
6
6
6
6
4
8
6
6
4
2
8
6
8
8
6
4
6
4
6
8
6
6
8
4
2
12
4
8
4
4
8
12
8
6
4
8
10
6
10
14
4
8
10
6
4
10
23
4
10
10
12
10
14
8
12
6
8
8
10
8
10
12
8
8
6
8
10
8
8
14
12
10
12
4
8
10
10
6
14
10
8
15
6
12
10
8
12
10
8
10
8
6
10
8
6
4
10
12
10
4
6
6
8
14
8
6
8
4
12
6
8
8
6
12
6
10
8
10
4
8
8
6
4
2
6
6
4
10
8
10
10
4
6
8
6
10
12
6
6
8
13
40
6
6
6
8
4
4
0
4
8
6
4
6
8
6
6
4
4
12
4
8
10
8
4
2
6
6
8
6
4
13
6
10
6
6
6
2
6
4
10
4
6
10
6
6
6
6
6
4
6
2
8
2
8
6
4
8
6
4
4
6
4
8
4
10
4
4
12
4
4
6
6
4
4
6
10
2
10
6
4
8
8
6
