10
9
10
0
11
0
10
0
17
9
0
0
10
3
10
0
14
19
9
0
12
9
0
9
11
8
5
13
9
12
8
0
0
6
15
0
0
15
19
0
19
9
8
0
11
0
9
0
12
0
7
0
8
9
13
7
13
9
11
0
8
9
14
0
7
0
18
0
12
9
11
14
0
7
0
11
0
13
9
0
0
7
16
0
0
15
10
0
0
6
10
0
0
16
12
9
8
6
13
9
6
7
9
14
10
9
15
14
13
23
17
11
9
11
11
13
0
12
7
0
0
0
0
0
0
10
10
0
0
14
0
0
10
9
22
0
14
0
16
0
0
0
0
0
0
0
0
0
0
0
21
11
17
0
10
13
12
17
0
0
13
12
6
15
0
11
8
11
9
0
17
0
9
13
0
0
0
0
0
0
0
0
0
0
0
5
0
0
3
0
15
0
0
7
0
20
0
9
10
0
13
11
0
11
11
8
7
12
9
14
0
8
0
8
0
16
0
9
0
9
7
18
0
10
0
10
0
13
9
14
0
4
18
11
0
11
7
6
0
12
15
15
0
11
15
16
0
23
13
0
10
0
14
0
14
0
11
0
12
18
0
0
4
11
0
0
5
22
21
0
20
6
14
0
21
12
29
11
15
7
18
0
22
14
13
9
23
21
