14
9
2
14
16
16
16
21
4
22
7
14
17
11
3
16
24
10
18
11
19
14
10
14
5
14
17
11
21
1
8
19
16
21
9
8
22
8
8
6
22
4
13
10
2
17
16
20
2
6
10
16
15
11
1
13
17
6
11
13
6
12
13
24
20
6
16
1
1
1
12
2
9
2
19
12
15
15
4
6
8
3
3
18
9
18
7
8
10
1
20
4
17
26
17
4
10
8
15
14
1
15
14
5
13
1
12
25
14
17
1
17
11
4
5
22
17
17
16
26
7
17
7
0
16
11
13
8
16
16
2
24
4
1
21
17
11
2
21
3
14
10
14
3
15
20
5
16
13
13
22
2
19
2
19
3
12
16
2
20
14
1
19
8
9
4
26
8
4
12
6
2
18
1
1
16
11
25
23
0
4
12
0
20
12
4
5
10
1
5
5
1
0
11
19
13
3
19
3
1
11
3
10
11
23
10
10
1
17
20
1
24
3
11
6
20
18
29
9
5
25
17
0
13
8
1
13
7
3
18
19
10
7
18
21
6
11
14
15
13
1
2
11
10
8
22
19
19
28
14
16
1
16
3
12
3
18
1
29
13
1
3
1
32
2
23
4
18
0
22
30
18
23
19
17
1
19
1
19
3
8
23
0
20
1
5
14
2
