4
2
0
1
3
5
2
3
1
4
3
4
7
3
4
3
2
2
1
4
0
3
10
5
4
3
2
0
4
1
3
4
3
3
4
1
1
1
10
3
4
3
4
5
13
5
4
5
3
0
1
3
10
14
4
11
1
0
4
1
5
1
1
14
0
1
3
1
2
1
12
1
3
4
4
4
3
1
1
3
4
0
3
3
1
1
3
1
3
1
4
3
1
3
3
4
6
4
4
3
8
8
3
3
7
10
4
2
4
6
4
5
3
4
2
13
1
3
4
4
4
4
1
5
6
0
1
3
4
3
5
1
7
1
13
1
4
3
9
16
3
6
5
1
6
4
11
4
8
5
7
1
0
3
11
5
4
3
13
1
1
6
2
4
1
4
6
12
1
1
6
3
4
4
1
3
6
3
6
0
1
1
5
4
3
5
3
1
6
1
0
1
2
4
1
4
3
4
3
3
1
3
14
3
14
4
4
3
3
4
7
1
4
2
3
4
0
4
3
7
3
4
4
3
11
18
1
3
4
12
4
1
6
1
3
6
6
9
5
3
1
6
6
2
3
3
12
0
4
4
14
5
1
1
4
3
3
3
4
10
3
3
4
1
6
3
3
4
3
1
3
2
6
5
1
10
6
1
1
3
4
4
4
2
1
4
4
3
