10
13
15
6
21
11
7
2
17
0
0
0
1
0
0
0
3
2
0
0
1
1
0
18
0
2
1
13
1
6
1
0
1
0
0
0
0
0
1
0
0
0
0
0
2
1
1
0
0
0
3
0
1
0
0
0
2
1
0
0
0
2
0
0
0
0
0
0
0
0
0
0
0
1
1
0
0
0
2
1
0
0
2
0
11
6
2
8
7
0
0
0
1
2
0
0
0
0
0
2
2
1
0
0
2
2
1
5
2
0
0
1
1
0
3
0
11
6
2
1
0
1
0
2
3
0
2
2
0
0
0
1
6
2
2
0
0
0
0
1
1
2
3
1
1
0
2
0
1
0
0
2
1
0
0
0
0
0
0
0
0
0
12
0
0
1
0
2
1
1
0
1
0
0
0
0
3
2
4
1
0
0
0
0
0
1
0
1
0
0
0
10
0
0
0
1
0
0
3
1
0
5
3
0
7
1
0
0
0
0
1
0
1
0
1
1
0
5
0
0
0
0
0
2
0
2
0
6
6
2
1
4
1
9
0
2
0
0
2
3
2
12
11
0
1
0
3
0
2
0
0
0
4
1
2
9
2
3
1
1
4
0
0
0
0
0
0
0
1
1
0
0
1
3
0
0
1
0
4
4
5
4
3
3
4
1
3
2
