46
50
57
54
48
51
72
39
23
41
24
30
44
48
71
85
34
52
59
35
27
44
27
34
43
65
33
53
54
45
51
46
35
28
37
26
52
42
26
33
37
59
41
29
23
19
24
30
35
22
48
82
64
45
62
36
58
43
33
30
20
39
56
59
74
68
46
51
45
30
37
19
32
55
39
28
56
55
40
39
37
72
35
32
45
75
28
50
29
36
58
47
35
64
30
30
29
28
29
44
76
45
21
29
44
36
35
37
48
52
31
36
33
67
40
35
25
35
38
32
32
34
48
37
56
62
62
25
23
80
28
30
46
22
48
49
54
49
25
29
55
39
34
30
31
32
25
51
42
69
65
40
31
57
32
24
36
39
39
55
36
30
36
46
23
32
31
32
50
30
32
33
36
30
36
29
25
32
31
24
26
27
26
44
31
31
39
26
18
20
34
26
22
31
44
54
23
37
43
28
33
60
31
24
40
23
50
27
25
37
37
26
30
25
46
28
23
28
34
65
47
23
40
29
27
52
29
18
47
72
50
83
46
29
22
20
47
32
32
30
55
42
34
69
31
51
50
32
25
77
23
23
52
47
34
30
34
26
39
25
32
30
22
47
46
35
51
24
41
31
46
24
19
30
18
28
35
72
31
35
37
43
34
17
44
23
46
28
