2
40
2
2
42
4
4
6
4
6
7
2
8
34
2
0
25
6
4
67
2
2
6
6
5
76
2
7
45
4
4
0
2
2
6
0
2
35
2
4
2
35
6
2
2
2
0
21
57
2
4
4
19
4
8
54
14
8
25
4
0
32
2
0
15
4
2
40
2
2
0
5
12
2
18
4
6
4
6
6
2
4
2
2
0
4
16
16
12
0
2
8
0
7
4
2
8
3
2
0
4
6
4
12
10
2
4
6
2
11
14
4
4
2
14
2
4
0
6
2
27
0
2
4
2
2
35
0
4
20
4
0
8
2
2
28
2
0
37
24
0
0
4
4
2
2
17
6
16
10
6
6
44
6
2
8
26
4
0
7
4
8
8
10
10
62
4
5
14
2
4
28
15
2
0
33
2
4
15
6
0
33
2
2
4
6
13
2
2
10
8
2
2
19
11
4
4
7
0
4
42
6
0
6
24
4
2
25
2
17
0
43
2
2
0
14
4
0
13
12
2
4
23
2
0
15
25
7
16
0
2
2
21
2
6
17
10
2
14
17
20
7
4
5
20
17
9
2
15
2
17
4
18
18
17
27
23
17
29
0
20
30
4
12
2
54
2
15
17
4
36
21
2
0
2
17
25
0
3
14
14
2
21
4
4
8
32
11
