9
6
7
6
10
6
8
8
9
10
6
8
8
11
6
7
7
8
8
10
8
12
7
5
8
11
4
6
10
8
8
6
8
9
10
4
10
8
10
7
11
9
10
11
9
7
8
11
7
10
10
6
8
11
13
11
10
8
4
9
10
8
12
10
8
10
10
10
13
9
8
6
7
7
9
8
13
8
7
13
6
8
8
9
5
11
8
10
13
9
8
9
7
11
8
11
13
10
8
14
10
9
10
9
8
14
8
5
9
8
9
8
11
6
9
9
13
10
9
9
12
11
13
14
10
9
5
8
11
10
6
12
7
10
12
9
10
8
8
7
10
6
9
11
11
9
11
7
13
6
11
7
10
12
8
10
10
8
7
10
14
8
9
10
11
8
8
13
8
5
13
5
8
10
11
7
7
5
9
14
7
9
13
9
11
9
11
10
9
13
10
8
10
7
9
11
11
10
11
8
6
8
8
12
11
13
12
9
10
9
7
12
7
8
7
10
7
10
8
6
8
11
8
8
7
10
7
6
10
8
8
7
14
14
10
10
6
8
8
13
9
8
5
4
10
14
8
8
9
10
13
9
8
10
7
8
6
6
7
8
10
10
4
7
11
7
8
9
10
12
8
7
8
8
9
12
6
8
9
10
4
7
6
8
8
7
8
9
