2
6
2
2
0
0
2
2
0
0
2
2
6
4
6
0
0
2
0
4
4
2
6
4
0
0
2
0
2
4
4
4
4
6
4
2
4
8
2
2
0
8
4
10
0
2
8
6
4
6
0
2
2
8
2
2
2
2
2
0
2
6
4
4
8
2
16
2
2
6
4
0
0
4
4
0
6
4
6
4
2
4
2
2
4
0
4
2
4
2
4
2
2
2
4
4
2
0
0
0
4
4
2
4
2
0
4
6
0
0
2
4
10
4
2
4
2
4
0
2
4
10
4
4
4
2
4
4
6
2
2
6
6
8
2
4
4
6
2
2
2
4
2
0
4
6
2
4
4
6
4
4
4
2
2
4
0
0
4
8
10
6
4
6
4
4
4
6
4
4
8
2
2
4
6
10
2
6
10
2
4
4
0
4
2
0
0
10
4
2
2
6
4
0
6
8
8
4
2
4
4
4
2
4
2
2
4
4
0
2
4
4
2
4
4
4
2
6
0
4
4
2
4
2
2
8
8
2
0
4
4
6
2
4
14
6
6
4
4
4
2
6
10
4
4
4
4
4
6
4
4
2
4
6
2
2
2
4
2
10
2
2
2
2
0
2
2
8
2
2
2
4
6
6
4
4
2
6
2
4
4
6
2
6
2
0
2
4
