10
7
9
11
13
4
6
4
9
8
6
6
10
3
10
4
7
4
8
7
6
8
5
11
2
11
6
5
7
12
4
6
9
9
8
5
5
8
11
13
6
6
6
11
11
8
6
10
4
9
6
11
15
5
4
6
7
6
8
6
11
7
8
11
11
8
7
8
4
6
11
7
10
5
12
9
10
11
7
5
11
7
12
7
7
8
21
9
4
8
8
7
9
9
9
5
5
8
10
13
4
11
9
9
9
6
11
5
9
7
8
12
13
10
10
10
5
8
9
6
9
7
9
11
4
11
2
11
7
5
12
8
9
6
9
6
17
13
6
7
9
15
12
4
12
37
6
5
15
41
12
9
6
7
7
6
6
7
8
11
13
10
7
6
12
10
9
17
12
13
6
5
5
4
11
9
9
8
8
7
13
11
2
6
7
9
9
15
15
8
7
8
9
13
8
12
9
7
9
12
7
8
12
11
15
11
8
12
17
10
12
5
8
8
5
15
13
9
9
13
7
7
9
9
5
13
12
9
7
13
8
9
7
11
9
8
8
7
6
8
9
18
6
4
7
7
7
6
8
10
8
4
12
11
7
8
10
9
5
14
10
7
11
8
9
3
7
8
6
7
5
6
7
9
6
9
9
13
11
5
5
15
8
8
5
4
8
5
