15
10
10
6
7
12
16
6
19
17
8
19
37
12
12
16
17
10
19
13
37
14
14
14
12
4
21
10
10
6
10
12
12
11
14
6
12
8
12
17
10
15
6
6
12
10
16
6
29
10
6
4
10
10
10
14
14
6
12
12
14
6
6
14
18
18
4
12
10
12
14
8
14
16
8
12
14
8
10
8
12
0
4
10
12
14
8
4
8
16
10
12
4
10
12
10
6
10
12
12
8
8
14
16
10
15
23
8
14
23
12
16
14
19
14
12
19
4
8
25
16
21
8
8
14
29
12
8
14
13
6
27
35
41
18
6
10
14
19
15
19
12
21
14
17
16
35
16
29
12
8
27
10
10
12
15
10
10
17
27
14
14
8
6
2
6
14
14
12
2
8
8
4
4
12
6
8
10
8
8
33
14
10
8
4
8
6
4
12
12
16
12
10
6
8
10
17
4
4
2
8
14
6
6
4
16
12
6
8
2
10
12
10
8
14
6
6
10
12
8
8
10
8
6
8
10
6
12
12
10
8
6
12
6
8
10
4
8
8
6
12
2
6
8
12
8
2
6
18
4
2
4
4
12
2
4
6
8
10
10
6
14
8
18
17
8
10
21
8
16
10
17
43
33
16
10
27
12
12
10
14
8
27
12
8
21
17
37
