0
2
4
2
1
0
2
3
0
0
2
2
2
2
2
0
2
2
0
0
5
2
2
7
2
0
1
4
5
13
2
4
6
1
4
6
4
13
7
7
5
0
9
4
5
2
11
4
8
13
9
10
2
13
0
5
18
5
8
4
14
9
5
4
8
4
2
5
4
4
2
4
2
5
5
6
5
4
2
2
5
3
4
4
4
1
2
0
5
5
0
2
0
0
6
4
8
4
4
4
6
9
2
5
2
2
3
3
8
4
2
2
6
0
2
4
0
2
4
2
2
12
4
2
6
4
4
1
15
7
2
12
7
8
9
5
7
0
4
12
4
2
5
2
1
16
9
6
3
2
0
4
4
9
1
5
0
1
4
5
9
2
4
5
5
4
1
9
13
14
3
3
3
6
2
1
3
6
7
2
8
4
4
1
1
3
2
6
0
4
5
4
1
7
6
12
9
1
2
3
1
6
3
5
5
3
4
3
1
2
1
1
8
5
5
0
1
8
1
5
1
3
4
1
0
1
7
1
0
0
0
0
5
1
3
0
4
1
4
1
3
0
3
1
1
1
0
2
2
2
0
2
2
2
8
0
3
4
2
6
3
3
2
4
4
0
1
0
0
8
1
0
3
2
1
0
7
3
2
7
8
2
1
4
4
6
2
3
