7
3
4
3
4
2
4
4
5
11
6
11
0
4
9
3
5
5
7
2
9
1
7
7
6
1
8
4
4
5
3
3
3
15
8
6
3
5
4
5
5
7
4
2
5
6
4
8
6
0
4
7
5
6
6
4
4
6
4
6
0
11
3
5
2
5
13
4
0
5
3
0
2
5
6
3
7
1
0
0
0
7
3
5
2
3
6
5
4
3
4
1
9
2
0
2
0
3
0
1
4
1
3
2
2
5
7
0
1
4
0
4
3
2
1
3
0
4
5
1
0
3
2
2
4
3
4
3
4
1
4
1
1
5
2
0
3
6
4
6
5
0
2
7
6
2
1
3
3
3
2
0
2
4
5
4
10
0
4
0
0
3
1
2
3
2
3
1
6
3
2
2
3
4
7
2
4
3
0
3
1
5
4
4
1
2
4
3
1
3
1
4
7
0
0
0
0
0
2
0
0
2
8
1
0
5
3
0
4
2
1
2
3
4
0
6
0
1
1
3
3
2
2
0
2
2
2
0
0
0
0
0
2
5
6
3
1
0
1
2
2
1
3
4
2
0
0
0
0
1
3
0
1
0
0
0
6
6
6
1
5
0
2
4
4
0
9
0
5
3
2
3
0
5
0
0
4
0
4
5
2
3
3
2
2
1
2
1
