11
9
7
5
15
11
5
11
11
5
5
13
9
5
7
5
7
11
11
3
5
7
5
9
13
17
13
5
5
13
5
9
11
7
13
5
3
15
7
7
9
9
11
7
9
7
9
9
9
15
7
5
5
13
7
7
13
5
11
3
7
11
1
7
9
11
3
10
9
9
11
1
9
3
7
7
7
5
11
5
9
9
5
3
1
3
15
7
7
3
5
7
9
1
11
5
3
7
9
11
5
7
13
7
3
7
11
9
7
11
3
3
9
9
9
5
9
5
5
13
7
9
7
11
5
7
3
7
11
9
21
7
3
9
18
7
19
9
7
9
7
13
9
7
13
5
7
9
7
11
15
15
5
17
3
3
11
14
13
5
9
15
11
9
7
9
9
7
11
9
11
3
5
5
9
10
13
11
1
9
9
12
9
17
13
3
3
7
5
7
9
7
5
7
5
11
7
11
5
9
9
15
13
9
5
5
11
13
10
11
3
7
7
5
9
5
12
3
3
7
9
7
8
14
5
9
7
7
5
9
5
9
5
1
7
5
14
7
1
3
9
7
13
3
1
7
9
3
7
3
3
3
9
12
11
11
15
7
3
9
9
3
3
17
7
3
3
13
7
9
5
5
3
9
5
5
3
3
11
7
7
5
13
17
9
9
3
7
