6
8
9
4
8
14
6
8
6
6
6
6
10
4
8
6
8
8
8
10
4
13
8
12
2
6
10
4
8
8
12
15
10
8
8
10
8
15
10
8
4
10
14
4
19
17
8
8
8
12
12
23
8
15
10
8
10
14
13
12
21
4
6
12
10
6
8
25
10
10
4
10
15
9
10
15
12
10
2
6
6
8
42
12
6
10
8
4
14
8
8
15
4
4
4
10
14
8
4
6
4
10
10
4
6
10
8
8
14
19
12
10
13
12
10
15
13
12
12
58
13
8
12
17
17
6
12
15
13
8
25
19
17
19
17
16
6
14
13
17
19
14
8
21
15
6
10
6
11
12
6
6
12
9
12
21
10
10
10
19
10
10
25
13
14
13
17
14
10
8
15
15
10
21
21
8
15
8
11
17
17
8
21
8
13
14
8
13
23
8
10
10
14
15
13
8
11
10
8
6
8
12
19
12
13
4
8
19
21
10
16
15
15
15
10
10
15
15
10
8
8
13
10
8
12
52
12
15
14
13
8
14
8
14
10
8
10
8
11
14
17
12
17
11
15
11
6
10
12
12
8
15
21
10
6
8
8
8
15
8
13
11
11
8
10
6
8
14
12
13
13
10
23
12
13
11
8
15
19
8
9
10
13
10
12
4
4
21
