9
4
6
4
10
7
6
5
16
8
8
6
8
2
19
6
6
7
8
17
5
8
6
8
6
2
15
6
4
11
5
6
4
4
6
20
8
10
7
6
6
9
38
5
8
10
7
6
4
4
2
17
4
4
5
8
16
24
11
6
7
5
9
23
14
6
4
7
6
27
6
15
10
7
28
7
7
7
9
5
8
7
10
5
6
8
7
7
9
22
15
10
11
13
7
7
11
22
5
5
10
7
24
9
20
7
8
15
11
4
7
10
20
7
10
7
7
11
10
6
17
12
10
23
4
9
11
14
9
13
10
11
10
5
11
10
11
9
11
10
9
9
20
10
10
7
13
7
7
9
10
10
6
13
13
10
9
12
15
8
12
18
9
13
8
7
2
4
5
2
5
5
5
12
4
9
5
7
7
8
7
3
16
5
11
15
31
9
5
7
13
5
10
7
6
10
10
4
7
5
12
5
5
39
4
4
9
7
7
5
3
5
5
5
9
3
9
18
7
7
7
4
7
7
4
8
2
6
9
3
6
8
3
8
4
6
7
15
5
7
7
5
10
4
6
7
9
4
3
7
6
6
6
2
3
4
7
8
5
5
5
3
5
12
3
2
2
6
11
5
5
4
7
6
5
5
2
4
6
2
5
6
13
9
6
4
3
5
