6
6
6
6
4
2
8
2
8
6
8
6
8
6
4
0
0
16
12
4
6
8
16
6
8
6
10
4
2
12
8
10
12
9
6
6
8
6
2
12
8
6
12
6
4
4
6
6
12
10
6
10
8
8
14
16
17
8
8
12
31
4
17
12
6
8
4
8
12
8
6
22
10
14
6
8
10
6
6
10
8
12
6
6
6
14
8
6
8
8
8
6
6
6
6
6
8
4
8
8
6
10
6
10
10
6
6
4
10
12
2
6
10
8
8
12
9
8
12
8
12
8
15
6
10
12
10
16
10
8
8
16
6
16
4
10
20
8
12
14
10
6
21
6
12
4
8
19
14
18
10
10
18
6
16
14
10
25
18
19
19
27
27
15
15
13
40
33
13
27
19
19
44
36
27
40
19
19
23
15
29
33
59
15
17
33
17
56
25
21
23
23
15
36
13
15
14
19
27
21
6
38
19
15
23
32
27
21
8
38
23
29
29
36
29
27
25
23
29
21
17
8
19
25
19
10
13
8
27
17
13
15
10
12
25
15
6
19
19
19
23
15
21
11
19
13
12
10
13
21
10
10
13
21
8
19
25
8
25
10
33
10
21
15
8
4
4
4
21
12
17
21
17
15
33
10
23
15
19
27
10
21
25
27
10
13
25
21
