32
74
72
24
55
22
28
46
58
60
33
45
58
56
29
85
16
14
37
21
75
53
82
44
31
22
54
83
41
33
54
21
42
76
78
68
43
45
57
42
54
16
36
17
52
73
24
21
67
52
29
26
25
52
28
74
48
50
73
33
64
50
86
18
49
23
57
21
28
31
66
56
61
50
50
32
32
58
48
65
14
84
39
58
34
58
54
77
42
37
32
21
79
24
32
40
39
76
77
63
60
25
32
19
59
75
67
57
59
36
49
69
26
18
18
19
5
67
34
49
28
40
61
22
54
26
20
50
63
38
28
49
65
34
37
42
26
9
14
24
55
19
60
82
72
45
52
34
33
44
41
18
19
17
28
23
40
54
68
29
18
19
76
40
19
81
46
23
16
57
16
28
38
17
54
24
39
40
17
37
35
46
25
27
46
26
19
39
13
54
49
27
21
54
33
27
37
37
59
17
11
66
60
55
29
25
45
68
52
31
52
29
21
34
71
16
67
54
40
53
26
22
28
32
11
44
24
42
29
31
52
42
20
17
18
70
51
61
42
47
72
12
43
50
59
22
35
67
31
39
61
33
67
79
26
35
23
71
61
24
44
57
41
67
40
39
79
19
80
28
21
81
34
45
66
51
39
36
64
30
39
27
31
31
15
37
28
76
