2
2
3
5
0
4
2
4
2
6
4
0
3
4
3
0
6
7
2
2
4
4
2
4
4
2
0
5
3
1
2
5
2
2
4
1
2
8
7
2
2
3
14
4
2
1
6
11
7
5
5
0
1
15
5
2
2
0
2
2
1
4
7
4
3
2
3
2
4
2
4
2
6
3
0
5
2
3
7
16
2
6
5
4
2
0
2
5
5
6
7
2
2
5
6
2
2
0
0
11
4
2
8
4
5
11
2
5
8
9
4
5
2
5
2
4
7
3
2
4
8
2
17
12
11
3
3
4
0
7
9
7
9
4
12
8
2
0
0
7
8
5
2
4
9
4
8
9
8
4
2
0
7
0
5
7
0
4
5
2
4
6
6
7
4
2
10
5
7
4
4
1
3
2
4
5
3
0
1
5
2
11
2
0
4
0
0
5
2
4
0
4
5
2
2
5
6
1
2
19
5
2
2
6
4
4
10
1
0
2
10
0
0
5
3
5
2
0
0
2
5
7
0
1
1
4
0
2
2
4
3
4
0
10
1
2
5
0
0
3
0
0
6
4
2
2
1
0
4
0
3
0
1
1
0
4
2
3
0
2
4
2
5
4
4
1
2
1
0
2
4
2
8
4
2
0
0
2
5
9
2
4
2
1
2
9
5
7
