2
2
6
4
2
6
0
0
2
0
0
2
4
2
0
2
2
4
2
0
2
2
2
2
2
0
4
4
4
4
4
6
2
0
0
4
2
8
4
4
2
2
4
6
0
2
0
4
2
16
0
6
2
2
6
6
2
0
2
0
2
0
4
2
2
2
4
4
6
2
2
13
2
0
4
2
2
2
0
2
2
0
0
2
0
0
2
2
2
2
2
4
4
4
2
2
2
6
2
4
0
8
0
0
2
2
0
2
15
0
0
4
17
0
4
2
4
4
4
0
6
0
2
0
0
0
2
0
0
2
26
0
15
13
2
13
6
2
2
2
6
4
2
2
2
2
4
15
2
4
4
13
0
8
0
0
6
6
0
2
5
11
2
0
2
4
4
2
4
0
0
2
2
2
2
15
2
2
2
2
2
2
0
4
4
2
16
2
0
4
2
2
14
2
2
6
2
0
0
2
2
2
2
2
2
0
2
2
0
0
2
2
4
2
4
0
0
6
4
4
4
8
2
13
6
4
0
6
2
6
0
2
0
2
0
6
2
4
4
0
0
2
13
2
4
17
2
0
0
2
2
2
4
0
2
4
0
2
13
0
13
4
2
0
2
2
2
2
6
4
2
0
0
2
0
0
2
6
4
2
2
2
0
8
2
6
4
0
