5
11
7
11
15
15
9
9
11
17
11
11
17
11
25
29
5
9
7
9
11
9
11
9
11
7
11
7
17
25
5
23
7
11
5
7
9
9
9
5
5
9
9
11
9
19
15
9
7
13
11
9
11
7
21
11
21
13
7
9
11
11
19
7
11
9
5
5
13
5
5
9
7
7
9
7
7
9
7
34
11
1
7
11
5
11
17
19
7
11
7
5
13
9
5
15
9
11
15
5
5
15
7
5
11
11
7
9
15
17
13
9
9
5
13
11
17
9
17
11
9
9
13
19
11
19
17
11
21
27
17
7
11
21
13
7
13
3
13
9
21
19
7
11
15
7
9
13
9
13
7
17
11
5
17
5
0
13
12
7
15
13
11
31
7
7
7
3
19
25
15
15
9
11
9
21
9
21
23
5
5
9
13
21
11
19
19
5
7
11
21
13
19
17
15
3
13
9
13
11
7
13
13
15
7
9
21
7
19
44
5
15
13
19
17
3
7
11
15
21
21
9
11
17
17
5
3
3
11
11
3
17
13
5
7
13
5
5
7
23
9
11
15
21
9
7
7
3
7
1
7
7
5
9
13
13
5
11
7
3
7
15
3
3
7
5
3
3
15
5
3
9
5
7
3
5
13
13
11
17
11
5
27
7
7
11
5
13
