13
7
0
9
10
16
0
0
14
9
0
0
11
9
0
0
14
10
0
0
8
6
0
6
6
7
0
0
12
0
6
0
14
0
16
0
10
1
8
0
12
0
14
0
24
0
7
0
3
0
10
0
9
0
10
0
10
0
10
0
23
0
6
0
16
6
14
0
15
5
3
0
1
12
6
0
0
12
16
0
0
16
16
0
0
16
6
0
0
6
20
0
0
12
9
0
0
13
11
0
0
7
5
0
0
10
8
0
0
11
15
0
0
17
6
0
0
7
9
0
0
0
0
0
10
12
11
0
0
3
4
0
9
0
5
0
12
1
15
0
0
0
0
0
0
0
0
0
0
0
1
14
0
0
14
12
0
1
6
8
8
23
10
11
8
9
11
6
7
16
0
17
10
0
0
15
0
0
0
0
0
0
0
0
0
0
0
0
8
0
10
8
0
10
10
7
0
9
8
11
0
13
7
0
9
8
0
7
0
1
0
8
0
11
0
8
0
7
0
6
0
7
25
14
0
0
17
13
0
0
14
19
0
11
12
10
0
0
5
10
0
0
1
10
0
0
18
22
0
0
5
12
0
0
16
23
0
0
8
19
9
9
26
16
10
0
9
14
0
0
8
12
0
0
15
12
0
0
28
9
6
15
15
7
0
0
11
20
