9
9
13
0
9
9
15
5
13
9
7
7
7
5
3
13
7
19
17
15
5
7
19
23
9
5
9
5
9
21
3
5
5
11
5
7
7
3
7
5
3
3
0
7
3
9
5
3
7
7
5
5
5
2
9
11
3
3
3
5
5
13
2
2
7
7
7
0
5
7
0
2
5
9
0
7
7
2
3
3
7
2
7
2
9
5
5
7
13
11
11
11
7
5
7
9
11
9
5
7
7
11
5
7
3
13
5
7
2
17
17
5
5
7
9
11
7
7
5
5
7
15
23
7
2
3
13
7
13
15
5
15
11
15
9
13
5
3
5
31
11
11
9
5
7
17
7
11
27
29
7
9
5
25
9
31
13
33
19
25
21
9
5
25
23
7
9
31
21
9
27
27
3
9
27
3
25
7
11
15
27
11
33
17
5
11
9
15
11
15
33
35
39
17
13
13
21
5
23
15
7
33
17
23
7
33
9
17
5
33
17
35
19
17
15
5
9
17
11
23
11
9
17
7
11
9
5
21
21
29
11
7
9
7
13
5
13
49
11
3
29
9
13
19
21
9
9
7
25
17
11
5
2
7
9
11
64
5
13
15
5
11
9
2
2
2
3
9
5
9
5
2
5
5
11
7
15
15
7
7
11
9
7
7
5
9
9
15
