4
2
6
4
4
4
4
8
2
2
2
8
6
4
2
4
4
4
2
6
6
0
2
0
3
12
6
2
2
8
4
6
8
8
6
2
2
2
6
3
0
8
2
2
5
5
4
2
0
4
8
2
2
2
4
8
2
1
6
2
12
0
2
0
0
0
0
0
0
8
2
4
4
3
10
6
2
8
2
4
2
0
2
8
2
0
4
2
2
6
4
14
4
2
2
0
2
4
8
10
10
0
10
4
8
6
4
8
10
8
4
8
4
0
6
0
0
3
2
6
6
6
3
4
8
2
5
0
8
4
8
2
2
1
3
2
2
2
2
2
2
10
4
6
0
4
4
2
8
8
4
4
8
4
8
2
12
8
8
8
0
6
6
5
10
8
2
1
0
4
4
2
4
6
4
4
0
4
2
6
6
4
2
4
12
6
4
8
4
6
2
2
2
6
6
12
12
4
2
4
2
10
2
8
2
2
0
2
10
4
4
0
2
2
6
0
4
6
0
4
4
10
10
18
4
2
8
4
2
8
2
4
2
8
14
0
0
6
6
6
3
0
8
4
2
6
8
2
0
6
6
4
6
4
4
2
12
6
6
6
0
4
6
4
0
8
0
4
0
8
2
2
10
0
10
2
8
4
2
8
2
2
4
6
4
4
2
10
