0
3
7
3
3
1
9
0
5
1
7
1
1
0
3
5
3
0
3
0
5
3
11
3
0
3
5
9
1
1
3
7
9
3
3
0
0
3
5
1
3
9
5
7
0
1
1
0
3
1
1
7
1
1
7
5
7
5
1
0
1
1
1
1
0
0
3
3
5
5
1
11
5
11
0
0
3
13
9
1
7
3
3
1
3
1
3
1
9
1
3
1
0
1
3
3
17
3
3
3
6
1
7
5
1
13
1
5
5
5
3
7
0
1
1
1
5
1
1
1
1
7
3
5
1
3
0
3
7
3
7
3
3
7
3
1
0
11
11
7
1
5
1
5
7
1
9
1
3
1
5
1
5
3
3
4
5
1
0
0
7
1
9
5
3
7
1
1
0
3
3
3
1
1
3
1
1
11
3
3
0
3
7
3
0
0
0
5
1
1
0
1
7
3
3
5
3
9
1
1
5
1
3
5
5
0
3
1
1
1
7
3
7
1
5
5
1
1
7
1
5
9
0
3
1
11
5
7
1
7
0
5
1
3
0
7
0
5
1
0
15
3
0
3
1
5
7
0
5
3
5
5
0
7
3
15
5
11
1
3
1
7
0
7
1
1
7
5
9
3
3
5
11
5
3
7
9
0
3
7
3
1
0
1
0
3
5
3
