9
19
7
3
17
13
11
2
3
15
15
7
13
7
9
23
17
13
3
60
7
33
2
9
9
2
0
9
2
3
13
29
7
17
5
0
52
17
5
17
2
3
2
25
11
7
13
7
7
3
5
15
11
41
21
25
9
7
11
17
19
9
9
5
5
7
0
11
9
15
23
9
11
13
29
7
27
11
7
41
35
5
21
3
13
11
19
5
9
9
5
3
9
21
5
15
27
2
21
0
56
5
15
21
17
7
15
9
9
19
13
54
11
25
7
3
5
15
11
9
2
13
9
29
0
15
33
7
31
9
19
9
13
62
5
17
7
19
15
19
42
3
35
5
90
35
17
9
5
11
13
21
19
11
54
11
15
19
17
5
15
13
9
15
9
35
1
7
9
21
11
29
13
19
11
5
11
7
29
7
5
21
11
37
5
9
9
9
13
25
5
7
37
11
11
68
13
7
33
9
2
13
9
11
25
13
15
25
7
17
11
13
5
13
35
13
0
25
29
53
11
9
37
11
11
17
23
13
5
15
33
3
2
5
13
13
15
25
19
15
43
33
9
35
29
2
2
9
9
2
3
9
43
21
17
13
9
2
5
9
5
13
21
11
15
5
7
11
58
2
31
15
11
13
15
9
17
11
11
2
11
5
5
54
2
11
7
11
