1
4
0
2
2
7
8
8
7
1
8
1
6
8
7
7
13
8
9
6
6
9
4
4
8
7
0
7
7
7
7
9
8
6
0
8
8
6
0
8
6
7
7
8
7
7
9
6
0
1
8
6
9
9
7
5
0
4
0
0
5
7
7
0
1
7
6
6
7
0
8
8
8
0
4
6
9
4
5
6
8
8
6
0
6
2
6
7
1
7
7
8
5
7
7
8
6
3
5
10
6
8
8
7
6
6
0
6
9
3
7
6
7
10
5
0
6
3
7
8
0
4
14
11
8
9
10
19
7
14
7
11
12
14
9
11
5
8
12
13
6
12
16
13
9
7
9
16
8
10
19
11
8
8
9
8
13
6
6
15
14
11
8
6
9
11
12
12
12
6
8
15
11
10
10
15
14
16
5
10
14
8
14
18
14
10
14
18
11
10
14
11
19
14
13
10
8
13
14
8
12
6
6
9
11
14
11
9
9
11
19
12
12
10
11
13
15
6
10
8
11
8
16
8
8
14
19
10
9
16
10
8
22
13
13
15
20
11
14
4
6
8
11
12
8
15
15
15
13
13
8
8
9
11
9
10
7
10
12
11
8
8
11
16
30
12
17
11
9
17
20
12
13
19
9
8
10
8
13
20
19
14
14
9
14
14
17
16
