4
0
0
1
3
0
0
6
1
2
3
2
0
17
2
0
5
7
3
4
17
2
0
1
2
4
4
0
2
4
7
2
9
5
2
2
2
0
2
4
2
2
2
0
1
0
7
2
9
0
5
0
0
2
2
4
2
0
0
2
2
2
2
0
0
0
0
0
4
2
0
0
2
0
6
4
2
3
19
2
0
2
0
0
4
2
4
2
2
2
0
0
4
5
2
2
0
2
2
3
7
2
0
2
4
0
2
7
0
2
2
4
2
0
4
1
2
4
0
0
2
4
4
4
4
2
4
4
6
0
4
0
4
5
17
3
5
6
1
17
2
0
0
17
13
2
1
3
5
0
2
3
2
0
4
1
0
15
0
2
6
2
0
1
11
4
2
1
2
2
6
2
2
0
5
2
0
6
2
5
3
5
13
9
2
2
0
4
3
2
0
2
2
5
1
5
2
2
2
4
0
5
2
9
17
2
2
6
0
4
2
2
2
6
9
6
2
4
3
5
2
0
0
2
3
13
2
2
13
3
11
2
0
4
2
0
4
2
4
0
2
4
0
2
1
0
4
0
4
9
4
2
4
2
4
3
4
7
2
4
0
0
4
2
3
2
1
4
2
0
0
15
4
2
0
2
2
0
2
5
2
2
0
0
4
2
5
2
