12
9
9
5
9
10
3
1
6
10
11
7
7
9
12
8
13
0
5
10
7
6
3
7
12
6
4
3
5
7
5
10
9
5
43
17
6
8
7
11
5
6
5
5
4
8
9
0
3
5
10
8
10
0
8
8
9
7
7
9
4
7
18
2
6
9
7
10
7
6
7
10
9
11
12
33
0
12
4
19
5
10
1
12
6
1
9
9
8
0
9
5
7
8
13
5
7
7
10
10
9
7
6
10
9
5
16
7
7
10
8
18
6
17
6
9
2
9
9
12
9
7
10
9
9
9
5
7
14
12
8
10
13
14
10
10
11
12
14
0
42
36
17
7
6
5
10
12
3
11
11
7
10
9
5
5
10
5
8
8
8
3
12
6
9
0
7
5
7
8
12
6
12
4
6
44
25
6
10
16
12
7
1
12
12
12
10
11
9
9
4
0
4
7
8
9
10
5
9
12
12
12
9
7
9
6
8
12
10
5
7
11
8
12
0
6
0
8
10
3
11
8
8
9
7
15
9
13
12
6
5
14
3
7
7
4
7
11
5
10
5
26
23
4
6
8
10
0
9
4
8
0
15
5
5
8
10
7
2
5
8
8
6
3
2
12
8
10
4
10
3
6
1
5
3
10
6
5
6
11
11
25
9
10
67
8
6
5
