41
52
75
48
44
21
50
25
67
52
89
43
66
45
44
42
49
22
31
52
70
90
32
54
51
73
82
57
33
31
39
59
73
58
45
37
54
34
42
60
47
28
69
32
70
49
60
54
66
38
43
37
44
54
39
41
30
60
45
39
72
31
67
50
38
53
40
93
76
36
42
54
45
42
80
47
51
33
74
40
71
67
56
60
62
46
70
43
55
41
50
24
49
28
36
51
51
81
47
40
43
24
46
84
69
58
38
46
75
47
44
50
64
36
62
34
28
72
42
43
70
36
69
48
43
58
32
73
58
38
34
70
48
59
62
32
50
30
60
60
31
50
47
54
64
46
34
45
35
52
62
47
60
29
70
76
64
75
60
23
65
75
30
62
26
36
23
18
34
50
27
28
29
50
26
42
28
34
24
38
44
27
27
42
32
47
38
45
26
38
34
48
28
46
35
54
31
37
29
40
24
33
21
41
48
24
54
46
38
43
45
39
25
17
47
30
30
27
21
39
40
31
50
60
30
33
35
51
29
44
32
44
36
22
47
51
20
34
52
30
29
33
33
46
53
62
37
51
49
43
42
36
40
30
32
44
32
40
43
51
50
39
52
24
28
32
56
38
64
56
51
18
31
30
45
24
52
37
40
54
66
20
60
21
30
36
42
42
