11
11
7
11
3
13
9
5
3
32
7
15
11
5
5
11
5
5
9
9
9
1
7
7
3
5
5
11
7
7
9
13
7
9
3
11
5
5
5
1
5
9
3
13
15
7
5
5
11
5
5
11
15
5
9
9
5
13
13
19
5
9
3
7
10
3
5
13
9
1
5
7
5
9
7
5
7
13
5
9
7
7
7
15
15
3
7
5
15
7
15
11
5
5
3
9
11
5
5
11
1
3
17
9
3
5
7
3
5
9
7
9
13
7
13
7
9
11
11
9
5
7
11
25
11
9
9
9
11
13
17
9
15
28
24
3
13
11
11
13
7
7
11
11
21
25
13
15
19
11
17
21
9
11
9
15
14
11
13
11
21
19
13
20
11
11
7
39
11
3
9
11
23
11
13
21
11
28
15
15
11
10
11
21
9
5
13
13
15
7
5
13
19
24
17
24
5
10
5
19
15
11
15
5
11
9
25
7
19
5
11
9
5
9
13
3
17
11
9
17
13
15
5
9
13
16
11
19
19
11
24
15
13
15
13
5
7
19
5
15
3
13
17
13
19
15
9
7
13
11
7
15
9
9
7
15
9
11
5
13
9
11
7
7
11
9
5
11
25
5
11
5
5
17
9
3
7
9
15
17
7
13
7
11
1
11
3
7
