2
4
0
0
6
6
8
0
6
4
2
6
2
4
0
0
14
2
8
0
10
2
0
0
8
8
10
8
6
10
6
0
6
4
6
8
6
8
0
2
4
6
2
8
4
8
0
4
6
4
0
2
4
8
6
0
2
0
8
0
6
0
4
0
2
0
4
0
8
0
2
0
6
0
6
0
6
0
10
0
6
2
4
0
2
4
8
0
0
4
6
0
0
6
8
0
6
0
6
0
6
0
8
0
10
0
10
6
8
4
4
0
4
6
10
0
0
8
6
0
0
0
0
0
6
4
2
0
6
16
0
0
6
0
12
0
10
2
2
0
0
0
0
0
0
0
0
0
0
0
2
2
4
0
4
0
4
4
0
10
0
12
10
6
0
10
6
0
10
4
0
0
0
0
0
8
0
0
0
0
0
0
0
0
0
0
0
0
0
0
2
0
0
8
21
0
0
10
10
0
0
8
8
8
0
6
2
0
0
10
12
4
8
2
4
2
4
17
10
0
4
10
6
0
6
12
2
8
0
10
4
0
10
10
0
0
8
6
10
6
15
6
0
8
6
10
0
14
8
12
0
8
6
6
0
6
4
8
0
14
2
4
6
8
4
0
4
2
2
0
8
6
2
4
10
12
0
0
12
10
0
0
10
6
0
0
8
6
