17
26
17
29
25
32
22
27
28
11
20
8
19
13
22
28
3
35
5
40
35
29
9
15
25
23
3
21
17
27
5
19
21
24
23
26
18
15
25
21
4
20
24
33
6
5
13
23
2
15
17
13
14
6
24
23
23
35
23
3
2
9
25
16
28
2
5
15
27
30
3
22
8
14
17
25
20
21
2
23
19
27
25
16
21
26
28
7
2
27
28
2
19
29
2
11
20
19
19
39
8
10
3
22
19
14
5
25
20
5
16
30
28
23
2
30
21
10
2
18
23
29
18
13
18
12
22
1
24
21
12
29
13
19
13
11
12
17
5
33
24
22
15
3
20
27
19
8
3
2
12
12
30
23
5
14
23
29
13
11
6
13
24
17
2
24
23
20
14
2
25
20
21
12
5
23
15
16
14
4
17
13
9
24
14
8
18
27
29
17
1
28
26
26
4
11
23
20
18
16
20
19
17
1
4
17
28
14
1
19
21
27
17
21
1
22
15
20
19
9
13
14
22
20
28
2
23
28
19
13
19
31
13
2
34
22
15
8
22
20
21
33
26
15
1
2
10
9
14
19
23
10
2
13
16
23
19
9
12
12
1
23
23
0
9
24
18
12
13
1
10
16
20
8
19
15
9
23
16
9
19
17
19
18
3
13
16
14
