22
6
8
6
2
4
0
13
15
0
12
2
4
2
6
2
8
0
2
0
6
6
8
2
2
0
12
4
6
2
4
4
6
6
6
8
0
4
2
6
6
8
6
0
4
2
10
6
0
4
2
6
6
10
12
10
4
2
2
2
11
13
2
2
2
4
9
8
2
0
2
6
6
2
6
2
2
2
2
14
15
2
2
2
2
4
6
13
0
2
2
0
4
2
10
4
2
2
4
17
4
0
4
0
8
11
6
6
2
2
2
6
10
6
0
0
4
2
4
6
11
4
2
2
4
12
2
2
2
2
0
2
2
2
4
6
2
4
0
6
4
4
2
0
4
0
8
2
12
4
0
2
2
4
6
2
2
0
2
2
4
17
6
2
2
2
6
4
8
0
4
4
4
5
4
0
4
8
8
2
2
0
4
2
4
0
6
2
13
2
0
0
8
6
6
4
0
6
0
6
6
0
2
6
8
4
4
0
2
2
10
2
2
0
2
4
2
8
2
4
0
6
17
4
4
2
2
2
6
0
0
21
2
0
13
6
2
2
2
2
0
2
0
2
2
2
0
0
4
0
4
0
2
2
0
4
6
6
6
0
2
2
2
0
2
0
2
0
0
4
0
16
2
2
4
4
0
4
2
2
9
0
2
6
0
2
4
4
