4
2
7
2
2
3
4
6
5
4
5
0
2
2
11
0
6
2
2
3
4
2
13
3
4
2
5
2
0
2
3
6
2
1
3
2
4
2
15
0
2
2
2
3
4
5
7
7
2
3
2
4
2
4
5
2
0
9
7
2
4
6
3
5
3
3
11
4
4
0
2
4
0
1
1
5
2
2
2
4
3
2
0
4
5
2
2
2
0
0
4
19
2
5
0
5
2
2
2
1
4
2
3
5
6
0
3
2
2
2
0
0
2
0
3
2
0
3
0
6
4
0
0
4
2
2
2
4
4
2
1
4
2
6
2
5
0
0
3
2
2
0
5
2
11
2
2
0
0
2
3
2
15
2
7
7
0
3
2
2
2
6
0
0
2
0
7
4
15
3
2
4
4
2
5
2
0
2
0
17
2
0
4
0
0
6
0
3
4
4
4
2
4
7
3
2
1
4
4
1
0
0
11
2
1
2
0
2
0
5
1
3
4
0
4
6
4
6
2
0
0
2
7
0
2
2
2
2
0
4
2
19
0
4
2
2
4
3
2
5
2
2
2
2
0
0
3
0
5
0
6
5
4
2
2
3
1
0
2
6
4
6
6
4
0
3
2
2
2
2
5
2
3
5
4
0
0
2
4
0
4
7
4
0
2
11
5
0
