37
28
18
26
32
41
10
36
64
8
18
42
22
2
40
29
54
23
34
20
0
2
42
13
54
22
22
17
21
60
27
70
32
4
42
29
58
31
38
12
37
32
65
0
58
35
43
31
36
66
26
10
40
41
48
36
46
4
60
23
51
34
33
33
33
55
4
49
36
2
19
22
7
16
6
7
47
49
22
48
57
2
23
66
45
2
41
20
24
43
59
40
42
10
45
40
3
44
48
18
18
28
7
15
64
4
23
36
79
37
47
39
39
29
58
46
39
92
27
27
48
15
22
24
23
45
50
40
33
23
46
42
4
39
43
16
15
73
3
23
2
34
61
46
17
4
34
26
32
6
27
45
33
10
28
5
31
38
51
36
40
5
31
3
15
38
40
46
72
57
58
21
14
20
8
42
7
27
47
21
54
41
43
43
9
19
26
7
46
23
8
19
21
30
22
21
32
9
34
2
34
38
0
43
44
42
55
47
27
49
13
32
35
53
29
34
41
58
9
22
28
36
45
2
20
35
51
37
30
26
44
2
28
15
4
1
32
25
39
13
1
19
38
7
19
29
3
5
28
3
36
4
26
31
18
20
5
26
35
31
1
20
21
27
18
21
35
44
4
13
14
0
48
44
2
21
18
4
14
26
4
11
43
1
3
51
18
26
