6
6
8
4
20
8
8
12
12
6
15
6
10
10
6
8
8
6
2
4
8
6
6
19
14
10
15
2
8
8
4
11
10
10
8
10
8
10
25
23
8
10
8
4
4
6
8
15
4
8
10
8
8
8
8
8
6
4
8
22
19
6
8
4
12
10
10
8
13
8
10
10
0
6
8
2
4
6
17
16
15
10
15
6
4
16
6
13
6
6
6
11
4
11
6
4
6
19
8
15
13
6
6
4
6
12
8
17
8
10
15
14
8
17
6
6
8
12
4
15
8
10
10
8
15
8
5
4
6
8
10
10
10
4
8
8
10
10
6
6
6
4
6
6
4
12
8
8
8
6
4
8
6
10
8
10
4
10
13
6
8
8
8
12
6
6
4
6
8
2
4
6
10
8
8
6
10
4
6
13
8
8
8
8
10
8
15
4
10
2
10
6
22
10
6
12
4
10
9
16
10
6
10
10
10
10
13
12
8
17
6
8
6
8
15
10
22
8
8
10
8
10
6
6
8
10
4
4
10
8
12
13
10
6
6
19
12
8
4
6
4
6
14
8
8
4
6
6
11
8
13
20
10
15
3
6
0
8
6
8
6
10
10
8
8
6
15
8
8
6
6
45
19
12
6
4
7
12
10
4
7
12
14
14
6
4
8
6
