7
25
4
40
43
38
5
57
54
38
42
3
2
3
30
68
6
7
5
4
7
5
50
4
2
5
45
4
38
37
4
38
47
8
37
51
4
2
31
51
2
41
38
49
48
41
81
2
4
17
34
48
2
4
9
44
6
7
2
5
8
39
2
5
6
5
7
6
6
5
1
33
37
2
3
57
3
32
31
6
47
64
62
4
41
8
31
50
42
35
5
40
35
45
5
2
54
9
47
3
5
4
5
2
59
3
2
5
5
7
4
44
4
4
5
5
6
2
4
33
12
3
37
15
12
31
40
48
33
43
53
4
38
5
5
5
32
9
1
41
4
5
57
6
40
1
5
8
6
3
2
40
10
7
9
4
12
0
9
38
38
44
7
4
64
7
4
57
35
60
1
37
4
66
6
30
5
51
6
34
5
5
3
7
2
45
43
4
3
2
7
8
1
2
33
32
6
38
35
10
2
2
3
5
2
8
1
3
8
3
23
5
4
14
8
65
5
2
31
4
38
9
2
39
3
37
46
36
35
2
30
2
3
6
39
38
35
36
5
4
3
56
4
3
5
51
28
7
7
4
50
4
8
49
24
5
5
24
2
5
2
32
2
2
2
5
32
57
0
6
2
47
6
7
10
4
49
6
7
27
4
4
6
1
5
2
4
5
