18
18
18
18
18
18
18
18
18
18
17
18
18
18
18
18
18
17
16
18
18
16
18
18
20
16
18
18
23
18
14
18
17
16
18
18
17
18
19
17
18
18
17
18
18
18
17
18
18
18
18
17
16
17
17
17
18
16
18
17
18
17
17
16
17
14
16
18
17
15
14
17
17
17
17
17
18
17
16
18
18
16
17
17
14
18
17
18
16
18
17
17
17
17
16
17
16
17
17
14
18
16
18
14
16
18
18
16
17
17
17
17
17
18
18
18
17
15
15
14
17
17
17
16
18
16
14
16
17
17
17
17
17
16
17
17
16
16
18
16
18
18
18
15
17
15
16
17
18
17
16
17
18
16
18
15
17
13
18
18
18
17
15
18
18
17
18
18
17
17
18
17
18
18
18
17
17
16
16
18
15
18
17
17
18
18
16
15
17
18
18
16
17
17
18
18
18
18
18
15
17
17
18
17
17
17
15
18
18
18
18
17
18
15
18
17
18
18
18
18
18
16
17
18
16
17
18
13
16
20
17
18
18
17
15
17
17
15
17
17
17
16
18
18
16
17
16
18
17
18
17
16
16
18
18
18
15
13
18
16
18
18
16
17
19
17
17
18
18
17
17
17
18
17
17
18
17
17
17
18
17
17
17
18
19
17
18
18
