26
70
15
21
20
25
23
19
13
13
36
10
20
19
11
5
27
27
12
17
46
13
27
10
8
25
20
17
24
27
8
19
12
11
14
17
24
13
19
59
28
40
40
38
20
13
20
25
19
20
24
12
51
26
20
81
54
15
21
44
18
39
18
17
20
60
21
36
49
59
27
71
52
41
41
47
38
33
60
33
34
21
33
34
33
44
46
38
52
42
31
29
27
39
41
43
44
55
45
13
48
49
30
40
56
66
47
39
49
35
65
36
31
41
26
58
31
19
74
18
42
39
43
18
76
59
76
44
41
40
38
72
60
49
11
41
59
69
65
23
43
36
33
38
72
20
49
35
58
39
58
52
36
29
44
33
62
31
67
25
26
70
37
40
64
48
75
59
34
39
49
59
31
5
87
18
16
10
56
49
54
33
43
39
30
66
58
9
29
37
48
30
34
31
28
21
46
49
33
62
24
31
31
58
17
53
60
68
53
54
45
36
36
60
38
46
21
31
38
51
38
24
31
38
44
34
31
38
48
27
33
35
43
25
43
18
53
31
47
34
30
29
35
39
42
32
54
31
29
28
18
29
26
16
24
32
13
17
39
26
18
37
33
16
12
42
20
13
28
10
18
16
54
22
11
27
26
17
28
20
44
18
21
30
34
15
42
25
