3
5
2
3
5
5
9
7
3
0
3
3
5
3
3
3
3
7
3
3
5
0
2
2
2
3
7
0
0
3
2
5
5
11
13
3
3
7
7
11
2
7
7
7
5
7
3
3
5
5
3
9
7
5
7
2
13
2
3
9
7
5
2
2
3
7
5
9
7
9
9
2
5
2
3
3
5
3
9
13
11
7
9
3
5
13
11
11
13
11
11
17
15
17
19
5
11
7
13
11
17
9
9
3
7
9
13
15
15
13
11
7
15
17
7
13
5
2
11
7
19
5
9
19
11
11
7
13
11
7
9
15
17
9
13
15
7
9
11
9
7
19
25
17
11
11
9
11
5
5
13
11
7
11
7
17
19
19
11
19
15
13
5
9
13
11
9
7
13
5
9
7
13
7
19
15
13
17
7
9
11
7
13
19
15
7
11
9
9
19
15
13
19
9
5
15
11
13
11
21
5
15
5
5
37
13
11
9
15
5
5
5
19
11
7
15
11
15
15
15
7
7
9
11
21
11
3
15
27
11
13
5
19
7
13
11
5
9
21
9
15
5
3
11
11
3
13
17
4
5
7
3
7
3
3
9
3
2
7
11
3
9
5
9
9
7
2
3
5
13
7
3
7
3
7
3
11
9
15
5
11
9
7
7
11
13
29
7
