9
10
89
15
9
2
0
9
8
2
21
10
10
4
2
2
15
17
21
0
4
0
7
4
2
4
0
4
0
2
2
0
0
0
2
0
0
2
0
0
9
4
9
4
5
6
6
17
11
30
4
0
4
11
6
2
0
0
0
15
4
8
8
6
8
8
0
11
9
11
2
2
0
7
7
5
6
0
5
9
6
5
2
0
9
16
8
0
6
5
7
2
2
0
0
2
2
3
0
2
4
2
2
2
2
2
0
4
4
2
0
2
2
0
0
0
4
2
0
0
0
2
15
11
11
12
2
2
0
0
0
2
2
2
2
0
4
2
2
0
0
0
0
0
4
0
4
9
8
0
5
13
17
0
0
0
0
2
0
0
2
2
9
7
9
2
11
6
8
7
0
4
0
9
8
5
0
10
2
6
3
0
2
11
11
9
0
0
4
0
2
2
0
3
0
2
4
2
4
2
10
9
6
7
24
7
11
2
0
2
11
24
0
2
2
0
2
0
0
0
0
0
2
2
0
2
9
4
11
0
0
11
7
24
9
17
0
0
17
6
0
7
6
2
0
0
7
9
18
11
9
6
4
2
0
8
4
4
11
2
7
2
0
2
2
4
6
7
0
19
17
17
2
0
2
0
0
20
9
6
3
7
0
5
4
4
2
2
