2
2
3
2
4
4
2
0
4
0
2
0
4
2
2
2
0
0
0
2
2
2
0
0
1
0
2
2
2
0
2
2
4
0
0
7
2
2
0
2
6
0
4
2
8
7
2
5
0
4
0
3
4
0
2
7
4
2
6
0
1
4
4
3
4
4
0
8
4
0
2
2
0
7
2
0
4
4
2
4
0
4
5
0
7
2
0
6
6
4
2
2
0
0
2
4
4
3
4
2
4
6
0
2
4
4
0
0
2
4
6
4
0
39
10
2
0
4
2
2
9
0
2
2
4
2
0
4
3
2
2
4
4
4
2
0
0
0
0
4
2
2
2
7
5
4
0
8
4
0
2
4
11
0
4
4
2
11
2
2
0
2
2
2
2
4
0
9
4
4
4
0
4
2
2
4
4
2
2
0
5
1
4
2
8
2
4
8
5
4
6
2
0
6
2
5
0
6
6
2
0
2
0
2
9
0
3
1
11
7
2
0
2
4
0
0
0
0
0
1
0
2
2
0
2
0
0
0
2
10
0
0
0
0
7
0
2
8
7
2
2
0
0
2
0
0
0
4
0
0
2
2
0
2
2
1
6
2
0
0
2
2
0
0
6
2
6
2
7
6
5
3
2
2
0
0
2
6
2
0
2
2
0
2
0
0
4
2
