4
6
2
9
15
12
17
9
0
0
0
2
4
6
9
0
7
26
27
9
37
21
4
3
0
9
5
5
16
0
13
2
3
3
6
0
4
0
5
2
15
14
9
15
14
8
3
24
0
7
3
5
14
18
15
13
2
4
0
7
0
0
2
4
5
13
9
2
10
11
4
7
13
11
11
14
7
8
5
5
33
0
0
2
4
2
5
6
5
14
15
11
5
6
4
9
5
3
0
2
7
22
15
13
11
5
0
2
0
2
4
0
0
31
16
15
12
12
2
2
2
0
5
2
4
26
33
28
13
9
13
1
17
8
2
3
18
20
2
5
2
2
2
2
4
3
4
4
11
9
9
18
30
31
5
0
9
7
7
8
5
12
14
1
15
20
0
2
0
2
2
2
9
31
23
31
20
0
19
2
2
0
4
0
2
9
9
27
38
29
2
4
4
4
3
2
7
21
0
9
7
0
2
18
33
1
2
0
0
13
14
13
18
0
2
3
0
3
4
4
2
24
13
33
19
0
3
2
0
4
0
2
9
31
28
16
20
25
0
29
4
7
6
7
0
14
11
16
10
4
2
0
0
2
4
3
7
25
15
21
14
20
2
28
11
5
9
7
4
7
11
18
20
19
4
5
4
2
2
2
18
41
18
7
29
6
9
9
