0
5
3
0
7
3
3
7
0
3
2
3
5
0
2
3
3
2
2
0
9
0
2
3
7
3
9
7
3
5
13
5
13
7
5
3
3
3
9
3
2
3
5
2
3
13
7
2
5
7
0
7
3
27
3
3
7
2
5
7
3
11
3
11
5
3
47
19
0
3
13
5
0
5
5
3
7
3
17
5
3
7
9
2
0
3
3
9
7
5
7
9
9
3
3
3
13
3
7
3
3
3
17
9
9
3
15
9
2
11
7
5
13
15
13
7
3
7
2
7
7
7
7
7
11
3
5
7
3
7
9
13
3
3
11
3
13
13
3
11
15
11
2
5
2
13
9
11
2
3
11
11
7
3
5
11
7
11
15
13
15
11
13
3
5
11
11
9
5
3
7
9
5
5
11
7
9
2
11
5
3
2
9
7
13
11
7
15
7
7
13
7
9
7
2
5
5
13
11
3
5
3
7
5
11
15
25
11
3
3
2
9
13
5
3
2
7
5
7
15
3
17
7
3
5
15
3
5
9
5
7
7
15
13
3
2
7
2
7
3
7
7
2
3
3
3
3
3
13
5
7
13
11
5
9
0
5
13
15
5
9
7
5
7
0
9
0
2
7
15
2
7
3
7
3
5
37
11
5
2
2
15
3
3
5
2
2
3
