4
0
4
4
0
2
11
2
2
51
0
5
2
0
2
2
2
8
7
2
2
2
4
0
2
0
6
8
2
0
26
0
2
49
2
2
0
0
4
2
4
6
2
2
62
2
0
2
0
2
4
36
0
2
34
6
0
4
0
4
6
5
0
2
2
2
40
2
2
6
2
0
64
2
0
53
2
0
37
6
2
2
0
4
4
7
0
29
0
6
21
2
4
0
0
53
2
2
2
2
0
23
4
0
23
0
6
2
4
2
0
0
2
19
2
2
2
0
0
4
0
2
6
6
0
0
4
0
6
2
0
0
4
2
0
0
4
2
2
4
2
0
40
2
4
2
0
0
55
2
0
0
2
6
46
4
0
4
2
6
2
2
4
0
4
0
2
4
8
4
8
0
2
2
2
0
2
2
0
2
2
4
0
0
10
2
55
0
0
0
6
0
2
0
0
33
4
10
23
2
0
28
2
7
6
0
2
0
4
2
2
2
6
0
2
2
0
0
2
0
0
0
4
0
7
45
4
2
31
0
2
2
4
0
21
0
7
6
4
4
4
2
2
6
6
0
49
5
0
4
8
2
41
2
0
3
2
38
12
0
4
4
6
6
0
41
0
0
0
0
2
2
6
2
4
0
0
0
4
83
2
2
23
6
2
69
2
4
