7
0
2
2
0
99
95
0
43
0
2
5
5
7
9
0
0
7
0
7
2
0
0
9
7
9
7
0
5
7
9
3
2
2
9
7
0
5
93
0
2
7
7
2
2
0
5
7
7
0
0
0
0
5
7
3
11
7
2
7
0
7
0
3
2
5
9
2
0
0
0
7
5
2
2
2
2
7
7
2
2
2
0
5
0
0
2
9
0
7
7
2
0
3
0
9
0
2
0
4
2
2
4
7
0
5
2
5
2
0
0
5
2
7
0
2
11
0
4
0
3
7
0
0
2
0
7
0
2
7
7
7
0
0
0
0
0
9
2
0
5
11
0
2
0
5
0
0
4
9
5
5
0
9
9
7
2
7
0
2
7
9
9
0
0
7
5
11
2
2
0
0
7
7
2
3
3
2
9
9
7
46
0
0
7
5
2
2
0
2
5
11
7
0
0
3
9
3
7
0
2
2
7
7
5
0
0
5
9
9
2
2
0
0
11
5
2
2
2
0
7
0
5
2
2
2
5
11
2
0
0
0
5
5
11
9
0
0
5
2
3
99
2
0
7
7
5
2
0
0
7
0
5
0
0
0
7
9
2
2
5
9
7
5
0
2
0
7
5
2
9
80
5
0
7
5
5
0
0
5
7
91
7
0
0
3
5
99
