7
8
8
12
6
13
6
8
0
8
2
2
2
4
2
6
6
6
4
6
2
0
2
2
6
8
2
4
8
6
9
11
6
6
0
9
9
2
4
11
10
6
6
4
8
10
2
6
2
11
52
6
8
6
4
8
2
9
8
6
12
12
12
13
6
8
8
12
10
9
7
10
12
12
16
12
10
8
10
8
6
10
10
14
15
13
10
8
12
10
7
17
14
12
6
6
15
19
16
8
10
4
6
15
6
16
21
6
22
14
20
10
8
12
9
6
14
12
31
11
20
4
6
11
15
6
13
12
8
13
15
18
12
14
14
4
15
12
12
12
12
14
19
4
15
17
15
13
19
16
14
8
16
15
6
10
15
11
8
15
17
12
21
16
12
19
19
15
12
8
15
9
10
8
15
13
16
15
12
8
4
6
4
5
6
21
17
19
12
27
6
4
20
13
16
14
23
9
10
13
14
8
17
12
10
10
23
13
17
21
15
17
19
8
10
16
10
15
6
9
10
8
8
15
12
12
6
9
9
6
13
8
12
23
14
6
4
8
11
9
81
11
6
6
6
8
6
8
21
2
14
6
10
6
6
11
10
6
7
6
6
6
6
6
0
8
5
6
7
8
4
0
6
6
4
6
2
2
0
4
0
6
8
4
13
10
6
6
