18
4
6
16
2
4
6
6
4
6
2
23
2
2
12
4
9
2
8
2
2
0
4
8
2
4
31
6
2
0
14
2
2
6
10
2
6
4
35
6
6
2
6
4
6
15
10
4
6
2
8
16
4
14
10
4
6
21
4
4
7
10
0
12
10
11
4
8
0
15
10
14
4
10
10
8
6
8
10
6
17
2
21
8
7
8
18
8
10
18
17
12
16
14
10
6
10
8
6
19
6
15
14
14
8
33
14
6
4
10
16
9
6
12
15
10
14
2
5
8
10
14
8
17
12
4
27
8
14
6
8
14
18
10
4
16
14
6
10
16
12
14
23
14
13
12
11
14
12
19
16
8
29
6
21
19
29
23
12
21
14
10
19
29
6
6
13
12
10
15
21
19
17
6
14
25
4
8
19
2
6
6
4
10
8
21
10
23
19
14
25
6
12
29
25
14
4
19
13
19
16
17
12
15
2
11
14
15
19
17
10
10
7
10
16
10
10
15
6
14
15
8
12
17
17
10
8
10
6
18
31
2
19
31
4
8
4
8
10
6
12
16
6
4
14
0
14
8
10
4
8
12
15
8
4
6
4
4
27
8
8
25
8
18
2
4
2
10
9
4
10
6
12
6
2
4
10
12
8
4
13
58
2
12
8
6
4
2
