10
17
14
14
10
12
11
13
14
11
7
12
9
13
15
11
19
13
12
9
13
16
17
13
10
15
15
8
17
9
15
12
14
10
15
15
15
11
11
14
12
17
11
16
14
14
17
12
14
11
17
13
15
3
11
17
14
16
12
15
18
17
12
13
10
12
11
18
17
16
12
11
12
14
11
15
12
12
12
9
13
20
17
12
16
11
13
13
17
17
14
13
10
16
14
25
16
12
14
18
20
19
13
17
9
15
13
13
17
14
18
16
16
15
14
20
14
13
16
16
14
12
12
12
18
13
12
5
11
13
14
21
10
15
13
10
18
11
16
7
13
19
18
11
19
8
15
18
7
12
12
15
13
8
10
18
17
14
13
14
13
13
16
15
18
19
10
14
15
15
13
14
10
17
8
13
13
10
13
11
12
9
10
10
16
14
12
10
6
10
21
11
16
14
12
16
14
10
17
12
17
18
15
17
11
21
12
14
11
18
15
15
13
19
12
20
15
21
20
14
13
9
15
14
13
16
15
16
7
15
14
17
15
13
14
12
15
13
18
17
14
12
16
14
14
15
14
16
13
12
14
13
15
16
13
13
13
14
13
12
15
11
15
16
15
12
12
13
14
11
13
16
12
16
17
15
9
14
15
14
18
15
20
19
15
10
13
11
