41
46
29
27
36
44
44
44
43
44
24
46
46
45
32
21
29
36
45
44
39
36
29
45
41
38
32
24
23
31
45
43
45
34
32
44
44
45
32
22
37
34
33
41
47
32
36
47
45
45
32
18
24
46
43
43
45
32
39
36
54
41
39
33
32
32
43
45
44
45
22
89
46
40
39
27
32
60
45
82
39
47
31
41
45
24
33
32
41
41
44
49
37
42
31
45
33
45
32
30
40
47
37
45
32
42
34
32
34
46
37
29
40
45
38
39
32
33
31
32
32
47
29
22
30
29
48
45
39
43
31
31
41
37
23
24
37
34
36
26
38
35
31
45
45
45
23
24
32
60
29
29
64
33
24
30
34
37
41
32
31
43
24
39
34
45
28
31
45
43
46
19
42
63
43
45
41
43
33
30
43
43
33
29
34
43
35
43
37
49
31
45
44
45
40
26
32
45
29
34
32
46
33
43
41
30
42
29
32
45
43
32
45
50
41
45
44
24
32
30
26
45
45
26
45
48
29
45
31
28
47
27
32
47
47
32
43
34
22
29
28
35
45
33
85
45
46
32
52
33
44
31
20
27
34
30
28
32
31
31
22
33
30
28
26
23
22
27
28
50
38
27
32
44
45
48
48
45
77
30
43
31
47
49
31
45
25
31
