37
43
33
23
88
42
44
48
45
37
28
46
46
47
44
23
33
34
45
37
41
37
38
47
41
39
43
26
78
33
49
47
47
36
83
46
61
47
41
35
30
81
57
43
47
77
29
47
45
43
39
22
24
44
39
42
43
60
26
34
34
39
39
24
37
74
45
46
42
45
24
34
46
40
29
31
43
30
46
34
41
43
31
41
45
22
44
28
39
45
44
45
37
44
43
43
61
41
41
32
36
47
35
47
78
40
30
48
62
41
37
29
31
46
40
41
60
61
31
34
83
43
29
29
31
31
46
43
39
47
31
31
44
41
23
28
30
42
36
53
34
37
29
48
45
41
29
24
56
34
45
33
30
33
24
34
37
35
45
25
31
41
46
39
39
47
33
37
39
43
33
19
31
31
42
43
43
45
41
28
39
45
31
24
28
43
32
45
37
49
29
43
50
45
38
28
41
45
33
32
43
48
31
45
44
59
31
31
73
45
43
32
43
44
43
43
37
24
34
28
68
42
45
33
45
46
39
43
33
26
43
31
41
45
45
30
35
70
22
27
29
28
41
44
32
41
45
32
33
57
44
39
22
27
29
30
35
32
35
27
26
31
31
31
22
23
24
36
28
23
29
31
46
46
47
43
45
45
32
34
32
48
47
43
61
45
81
42
