8
8
7
0
0
0
8
0
0
0
0
5
7
0
0
0
8
8
0
2
0
7
70
0
7
8
8
0
6
8
0
0
0
8
0
8
8
3
7
5
8
8
8
7
7
8
8
38
45
8
8
0
8
0
0
0
8
9
7
8
0
92
8
8
8
7
0
8
0
8
0
69
8
0
0
8
8
0
8
7
7
8
62
7
8
3
8
0
7
8
0
0
7
8
8
8
3
8
0
0
8
8
5
8
8
8
3
0
0
64
8
8
7
8
53
0
0
8
0
7
8
0
8
2
7
0
8
8
8
3
8
0
7
5
8
7
8
8
8
8
8
0
8
7
7
0
0
8
8
34
6
0
8
8
0
8
8
7
7
0
8
8
0
71
6
8
8
8
8
8
7
7
8
7
0
7
0
0
7
0
68
8
0
8
0
8
0
7
8
7
0
8
8
8
0
0
8
8
8
0
0
7
6
0
8
8
8
8
8
0
0
1
3
7
3
8
8
8
8
0
0
8
6
0
0
8
0
8
7
5
0
7
3
0
8
7
7
0
8
0
8
0
8
0
6
0
8
7
7
6
0
8
86
8
8
8
8
0
6
7
0
0
8
8
7
0
0
8
0
0
5
8
3
7
8
8
8
7
8
8
7
0
91
7
71
8
0
0
