5
9
9
5
10
7
5
13
21
18
5
34
1
3
3
38
3
3
7
5
7
5
7
3
34
3
12
5
15
5
37
5
29
7
7
11
17
3
9
5
3
5
7
5
23
5
35
5
5
55
7
5
7
29
3
5
5
5
13
5
58
9
23
11
9
32
32
9
5
19
9
7
27
45
3
10
5
5
15
35
3
7
50
13
5
13
43
1
3
52
5
3
3
20
5
3
13
1
1
1
32
5
5
1
17
28
39
37
22
9
7
7
5
5
9
9
7
25
5
5
20
5
9
5
55
7
13
5
11
55
29
7
29
3
7
7
7
9
1
0
5
1
14
3
0
9
11
1
5
3
3
3
1
0
3
9
23
5
3
14
5
3
13
3
1
11
3
3
3
3
0
36
3
5
24
5
1
7
5
1
3
11
3
15
16
5
11
9
5
3
1
7
1
3
3
0
3
5
3
9
0
1
3
9
3
22
24
5
3
5
19
11
1
1
1
5
35
3
1
9
5
3
0
7
3
3
3
3
1
1
9
9
3
3
7
40
32
7
3
5
7
3
15
13
13
5
5
7
5
7
21
7
11
22
7
5
5
3
5
32
7
9
52
7
15
3
7
7
7
7
5
14
26
9
5
5
5
20
5
9
9
17
5
29
12
9
7
49
