37
59
50
37
43
24
40
37
86
20
29
31
18
67
66
43
45
67
24
35
19
22
21
46
16
54
71
42
52
28
31
32
30
17
35
24
49
44
42
46
34
22
40
35
42
41
35
24
46
63
39
31
30
21
26
26
31
25
28
34
47
27
34
48
29
36
33
43
45
28
32
55
43
47
67
38
38
10
38
29
38
32
27
45
27
28
45
45
68
36
28
25
31
32
20
41
29
39
21
44
47
39
27
35
27
28
31
32
36
25
35
33
43
21
74
26
27
33
25
31
31
44
46
46
40
38
30
32
42
31
22
24
44
36
44
38
44
30
40
30
39
32
21
28
44
66
38
35
35
32
26
37
28
58
26
28
27
62
43
38
27
35
29
18
25
41
18
47
47
69
37
32
28
12
28
16
36
30
44
33
27
30
35
64
32
42
42
44
48
21
24
31
50
60
40
45
40
79
43
45
43
22
28
33
36
44
29
28
20
31
25
43
35
26
41
41
46
72
73
32
40
25
29
50
26
38
26
42
36
54
26
23
50
26
29
28
34
30
16
64
22
22
23
25
40
25
27
20
26
23
21
32
65
21
26
26
21
21
43
30
26
22
47
15
16
16
20
18
19
12
21
24
21
28
23
24
38
34
26
17
18
29
28
32
57
29
30
26
