3
3
0
1
1
1
0
0
1
4
0
9
5
5
1
5
1
1
0
0
0
0
3
1
3
1
1
3
3
3
5
1
0
3
1
0
1
0
6
6
1
1
1
0
1
7
1
1
1
1
1
3
10
5
1
1
1
1
3
3
1
1
3
1
3
0
3
1
3
1
1
18
5
1
3
0
1
3
1
0
1
0
3
1
3
8
0
5
1
4
0
1
3
5
7
1
0
1
0
1
11
0
4
3
1
0
3
2
8
6
1
5
1
2
1
5
1
0
3
3
3
5
3
1
6
1
1
0
1
8
53
0
0
3
8
1
1
0
0
3
4
3
57
1
1
4
1
3
0
3
3
1
1
1
0
1
3
3
3
3
0
6
3
0
1
1
0
8
0
1
3
1
1
1
0
0
3
0
5
3
1
0
5
1
3
3
3
3
3
3
0
1
0
0
1
2
9
0
1
0
1
3
4
1
4
0
1
1
1
0
3
1
8
1
1
1
3
5
0
1
1
1
3
0
1
1
5
1
0
0
3
0
0
3
0
1
0
4
1
3
3
1
6
0
3
1
1
0
7
0
6
5
0
0
1
0
0
0
0
1
3
1
2
1
1
11
11
1
3
0
3
1
0
3
1
6
0
10
3
1
1
4
3
1
1
1
61
1
