2
2
4
13
4
4
3
4
0
0
0
2
2
4
4
2
0
2
2
0
0
2
4
2
2
2
2
2
4
2
0
2
2
2
4
2
4
2
2
2
4
0
3
2
3
4
2
0
0
4
0
2
0
2
2
0
2
2
2
0
0
2
2
2
0
2
0
2
2
2
2
2
4
2
0
5
0
2
4
4
2
10
4
4
2
0
2
2
2
4
4
2
2
0
4
2
4
4
0
4
2
5
2
2
0
0
2
2
11
2
2
2
2
0
2
0
4
2
3
2
2
0
0
4
2
2
4
2
0
0
2
0
2
11
2
2
2
2
0
3
0
0
2
4
2
2
2
0
2
2
2
2
4
3
4
4
2
4
2
0
3
2
3
2
2
2
2
9
4
0
2
2
0
2
2
0
0
2
4
4
2
2
0
2
2
0
0
4
4
2
2
4
2
2
4
7
0
0
2
2
4
2
2
2
2
0
0
2
4
2
4
2
11
2
4
2
2
2
2
2
2
2
2
2
0
0
2
0
2
2
4
0
2
0
0
0
2
0
2
4
2
2
2
4
2
5
2
3
0
2
4
0
4
2
2
0
2
2
2
2
0
4
2
2
4
2
2
4
4
4
0
4
2
2
2
0
4
0
0
0
2
13
2
4
2
4
0
2
