47
33
35
53
73
37
52
2
54
54
64
62
77
2
67
64
66
53
53
65
55
69
61
56
72
61
48
65
58
34
67
67
73
61
71
60
67
83
51
79
65
46
0
55
68
58
68
67
56
70
62
67
57
67
39
50
60
55
63
59
52
52
59
76
4
44
72
63
67
2
61
42
47
44
56
54
53
46
37
47
43
59
67
60
75
65
47
60
57
0
50
57
58
62
2
48
34
39
47
59
69
43
23
81
78
55
57
52
57
26
29
65
47
54
32
61
2
46
50
45
40
54
47
73
70
53
42
55
65
65
59
45
55
60
53
78
59
47
75
51
52
54
65
64
50
54
56
31
60
35
60
61
42
58
53
37
68
65
70
40
69
40
57
47
60
45
67
36
56
61
42
62
0
63
59
49
57
62
66
63
60
0
41
58
73
58
59
37
68
0
67
94
77
52
84
63
71
49
58
61
52
4
51
63
0
35
38
35
0
40
60
72
65
46
58
43
65
2
33
81
36
40
36
58
59
76
57
63
50
72
41
47
71
43
76
56
46
56
60
69
59
54
47
67
67
49
77
54
54
69
76
50
60
56
2
54
39
31
68
79
62
71
70
65
67
58
65
65
58
45
56
65
58
59
61
64
55
80
46
59
70
54
0
71
67
73
68
65
