0
6
4
33
13
6
24
2
39
0
12
8
10
2
6
8
4
23
20
22
0
2
8
4
20
33
0
2
17
2
2
2
4
23
14
0
23
24
16
32
9
20
28
14
14
41
6
9
10
17
8
8
2
7
22
2
22
12
0
36
0
42
28
22
0
32
22
25
0
22
6
6
0
24
4
26
17
2
6
16
0
7
10
6
8
6
28
6
23
31
10
17
0
4
4
29
5
4
30
4
28
0
0
6
2
7
23
0
13
35
2
30
0
0
0
0
14
7
14
6
16
36
8
15
10
15
4
23
0
14
2
4
20
3
8
37
17
13
0
6
8
4
16
20
7
10
9
23
4
10
2
23
0
0
19
25
25
2
32
29
2
19
4
9
15
23
4
34
8
9
6
20
3
44
19
9
7
8
2
30
8
18
2
31
36
8
11
11
27
2
17
13
2
7
4
37
24
10
23
0
2
25
7
6
17
18
0
0
0
13
2
30
21
24
7
32
0
24
18
0
2
8
20
0
2
28
4
2
8
20
2
8
22
7
0
0
0
2
16
2
16
17
29
2
26
0
8
9
2
27
2
6
13
23
16
14
6
0
16
20
6
25
0
18
6
0
14
28
8
11
34
22
22
4
3
30
15
5
11
11
2
17
24
4
11
0
1
2
