12
8
8
11
8
9
9
10
12
9
8
13
7
10
6
16
6
8
9
6
8
16
8
10
10
12
8
8
10
9
6
10
7
6
6
14
5
10
10
8
7
5
9
6
9
7
9
10
6
9
10
12
8
12
7
6
9
10
6
10
10
12
8
6
6
12
9
9
6
6
10
12
10
10
9
8
9
8
12
6
8
7
10
6
9
10
10
6
8
14
12
7
6
10
8
5
7
11
8
8
14
13
7
10
6
7
11
13
0
4
0
28
19
2
2
4
2
2
26
24
0
0
2
2
27
29
3
6
0
4
2
20
2
4
0
4
4
19
2
4
0
4
4
19
27
4
19
2
4
2
23
23
0
0
2
4
28
27
0
2
0
2
2
22
22
2
2
6
2
17
17
4
0
15
20
6
6
0
2
26
12
2
0
4
2
4
20
0
4
2
0
0
20
6
0
0
2
2
24
28
0
2
0
0
6
28
22
0
4
0
2
4
20
28
4
4
4
0
0
19
2
0
2
0
12
4
28
4
8
2
2
2
29
14
4
2
0
0
2
17
31
24
4
4
2
0
28
20
6
2
0
6
2
24
4
0
2
4
0
0
13
23
0
4
0
2
1
23
3
2
2
2
30
28
30
4
2
18
2
4
0
2
10
0
6
2
26
22
