14
25
14
7
17
17
13
14
10
11
9
8
9
9
19
17
41
23
22
10
15
4
17
9
9
7
18
9
19
16
10
18
15
11
9
15
14
17
26
17
11
13
9
9
13
25
25
17
5
11
17
9
15
6
14
4
13
24
5
11
11
4
4
4
11
15
6
22
7
13
27
13
11
22
8
4
16
11
11
15
9
11
18
15
9
11
13
14
5
23
6
7
19
12
14
17
13
22
19
16
9
17
24
11
6
12
17
14
11
10
22
14
12
7
7
22
14
18
13
24
9
15
6
10
19
11
14
17
11
18
15
13
8
15
17
20
13
7
13
11
24
11
13
8
17
16
7
7
13
14
13
11
28
7
15
10
11
11
7
27
9
4
17
14
9
17
11
14
20
21
11
16
15
9
18
19
19
18
15
9
15
13
17
7
11
5
16
15
16
9
15
13
11
11
9
17
35
16
15
11
17
15
13
14
6
23
14
15
11
13
9
48
25
9
13
6
15
15
12
9
9
7
7
11
13
9
4
6
9
5
18
9
11
9
13
30
5
8
11
11
6
19
18
9
10
9
14
6
16
6
9
6
11
13
13
5
9
2
7
4
0
3
6
4
5
9
4
0
2
5
2
0
11
5
3
2
5
6
2
5
4
6
5
11
2
5
5
9
