0
4
6
4
10
8
6
8
16
10
16
14
12
3
14
5
6
8
12
43
8
8
6
14
6
8
20
2
14
8
6
31
2
4
4
4
6
12
6
4
10
12
6
6
21
6
12
12
21
10
20
5
11
2
10
10
7
4
7
7
6
17
8
4
15
14
12
10
5
10
12
14
10
8
14
6
9
8
14
12
4
10
15
9
12
13
12
13
6
16
5
6
16
16
10
10
10
9
12
2
14
10
13
4
6
10
16
10
16
4
17
12
12
12
6
14
23
10
13
6
9
14
25
29
19
8
14
17
10
17
8
8
6
12
14
10
19
8
17
9
13
18
7
9
14
11
14
13
11
13
9
10
15
12
14
16
8
12
16
19
12
19
10
19
14
14
17
6
19
12
14
17
17
17
14
12
8
12
68
12
10
12
18
11
47
19
18
11
18
13
17
12
19
12
21
16
16
12
10
14
6
10
21
10
8
6
10
12
10
6
10
10
16
12
12
8
8
8
10
10
5
4
6
4
12
4
12
10
2
4
2
19
2
4
15
17
6
3
9
9
21
14
14
5
8
11
9
4
12
6
4
20
8
6
4
12
2
4
0
2
2
6
2
2
2
7
0
4
2
2
2
7
0
2
0
2
2
2
4
0
6
0
0
2
2
0
2
4
