50
22
36
24
36
33
20
22
41
36
42
37
17
21
50
48
38
37
55
33
37
33
26
36
27
9
26
7
35
16
28
64
11
38
21
28
49
53
27
42
34
41
21
34
31
30
32
27
17
26
26
32
26
16
37
12
7
10
7
24
17
62
7
22
37
25
16
25
11
18
13
71
55
30
16
29
29
33
32
11
20
41
46
42
18
21
27
18
20
30
14
18
32
26
20
18
31
31
21
15
19
61
20
9
18
15
17
42
34
28
29
36
18
29
36
30
13
32
50
45
33
14
25
18
17
26
14
31
28
51
16
45
52
39
33
23
25
64
28
23
13
72
22
53
18
39
9
23
17
39
17
28
18
13
31
38
25
39
39
29
75
50
9
17
26
26
22
45
55
67
71
33
62
44
37
54
38
47
42
35
27
65
24
13
40
43
16
52
18
18
14
49
33
16
5
29
0
23
27
48
44
26
15
51
39
28
26
31
20
40
36
42
32
25
38
49
23
3
29
43
21
13
13
32
39
49
8
9
12
12
16
18
23
45
43
14
25
24
17
22
11
21
21
19
5
9
20
22
23
17
23
20
17
16
29
15
21
4
3
5
7
7
10
10
2
5
2
3
7
3
5
4
0
0
3
12
27
3
9
5
5
13
4
5
13
11
0
4
