13
19
25
13
25
15
9
21
19
23
27
16
13
11
9
7
5
17
21
13
9
2
25
13
11
25
17
23
15
17
15
5
20
33
21
9
23
9
11
15
21
15
9
9
29
13
17
15
9
7
50
9
7
9
5
15
16
13
11
21
13
9
15
9
15
17
9
23
13
19
9
11
9
17
11
17
25
56
19
31
13
9
21
19
23
15
19
15
15
21
17
11
19
15
27
23
23
27
11
15
9
9
36
13
17
17
19
23
25
35
21
23
5
13
13
7
17
15
19
11
13
18
20
5
27
13
17
17
23
9
13
9
21
15
23
25
5
13
21
11
19
21
21
17
19
21
19
22
21
25
21
15
27
11
25
58
15
31
21
13
23
21
33
19
11
9
9
17
25
15
13
15
21
15
23
15
21
23
19
31
17
23
21
31
31
19
29
27
17
15
26
11
22
11
21
35
30
23
21
21
13
11
13
13
15
17
15
15
1
7
9
9
15
13
17
9
13
9
13
9
9
25
7
9
7
13
25
7
11
13
13
21
15
13
3
17
11
15
13
21
13
11
13
11
13
11
25
7
17
9
3
2
5
13
5
19
9
3
7
3
3
9
3
5
5
1
5
3
1
3
0
5
3
3
2
2
1
3
9
11
0
5
1
7
7
7
7
0
