2
0
2
4
5
2
0
2
2
8
4
8
0
4
2
6
0
0
4
0
0
0
2
0
0
0
9
11
13
0
7
17
13
4
0
0
6
4
2
0
5
0
2
4
0
0
7
2
4
2
0
0
0
4
0
36
6
7
2
4
2
8
0
8
2
6
15
4
2
0
2
5
4
8
4
9
11
6
13
5
2
17
6
0
4
2
20
0
6
8
4
0
8
4
2
4
6
9
2
6
9
2
2
2
0
6
2
6
4
18
6
2
4
2
6
0
2
8
11
17
9
9
4
9
0
4
8
6
13
4
23
0
28
9
13
16
0
2
6
7
8
17
6
4
4
17
4
11
21
4
9
4
0
2
6
13
0
0
0
0
2
2
2
4
2
2
15
7
9
4
0
13
2
15
2
2
11
11
0
2
2
13
4
24
2
8
0
2
6
4
4
2
2
4
4
2
0
2
13
5
4
8
6
15
2
2
0
47
9
5
4
8
8
2
2
17
6
15
9
8
13
0
4
0
6
7
0
24
4
2
0
15
2
2
8
4
4
2
2
11
26
9
2
0
2
11
5
6
0
2
8
7
2
8
4
13
4
2
9
18
9
15
4
2
11
8
0
4
2
6
0
2
2
12
6
11
9
19
0
6
6
2
0
0
5
2
0
4
