8
4
4
8
4
2
4
6
4
8
8
4
6
2
6
6
4
8
4
2
6
6
4
4
6
4
2
6
6
8
6
2
2
4
4
2
4
6
4
2
6
4
2
8
4
2
4
2
4
6
4
4
4
4
8
2
4
4
4
4
4
6
6
2
4
2
2
4
2
6
8
4
6
8
4
6
6
4
4
2
6
6
6
6
6
8
4
4
4
6
2
8
6
4
4
8
4
4
2
4
4
6
6
6
6
6
6
4
2
4
8
0
12
0
12
0
11
0
19
0
2
2
6
0
12
2
10
2
10
0
10
0
8
0
19
4
15
0
12
10
0
4
8
10
4
15
0
0
0
2
10
2
12
0
10
12
10
8
6
0
10
0
12
0
10
4
8
8
0
14
0
2
2
9
2
12
2
10
4
12
2
2
10
4
12
0
12
0
14
0
4
2
12
14
14
2
2
0
12
0
12
0
8
10
0
12
0
2
10
10
0
10
2
0
0
0
2
15
6
6
2
0
10
2
8
0
10
0
10
0
10
0
0
2
6
4
0
2
12
0
12
4
10
0
12
2
12
0
10
0
10
4
17
0
13
4
0
2
10
2
8
2
12
0
2
4
12
0
10
4
4
14
6
16
4
14
6
8
13
0
4
8
6
4
0
2
0
10
