2
2
0
0
4
0
0
2
0
0
12
2
2
2
2
0
0
0
4
12
0
0
0
0
0
0
0
2
0
2
2
2
0
0
2
2
2
0
0
10
9
6
6
6
0
4
0
6
2
4
6
6
2
4
6
4
6
2
4
2
6
6
2
4
4
6
4
4
0
4
4
2
2
6
4
2
4
8
4
2
2
2
4
4
4
6
6
6
4
2
4
4
6
4
4
4
2
2
2
2
6
4
2
4
8
4
8
4
0
0
2
2
0
2
2
13
2
0
13
2
0
17
2
2
8
6
2
0
11
0
0
23
0
4
11
2
13
2
2
11
0
0
13
2
15
11
0
6
11
2
15
14
2
11
12
2
0
11
0
0
2
2
14
0
0
7
2
15
0
4
2
0
0
0
8
0
0
13
0
11
2
19
13
0
9
17
0
7
0
2
9
2
15
0
0
13
7
2
8
2
0
13
2
0
11
0
2
15
0
2
0
4
13
4
2
4
0
21
11
2
9
0
0
15
9
0
0
10
0
11
0
0
15
0
25
11
0
7
2
12
11
0
11
2
0
0
15
11
0
0
15
2
0
10
2
2
2
0
2
4
0
0
2
11
0
2
9
8
12
17
4
5
4
8
2
15
2
0
13
4
0
4
17
2
2
2
0
0
