13
13
19
11
13
17
11
11
13
13
11
9
15
23
11
15
13
7
15
11
11
11
15
13
15
13
13
11
17
15
13
13
13
11
11
11
11
11
13
9
9
11
11
11
13
11
19
13
11
11
17
7
13
11
9
13
11
11
11
17
13
11
11
11
17
11
13
9
5
21
5
7
11
9
17
11
9
19
9
9
13
11
11
13
13
13
15
11
9
9
21
11
13
11
11
11
19
9
11
13
13
13
13
5
11
11
11
11
11
3
2
11
5
17
25
9
17
9
13
7
5
5
11
13
5
2
13
15
5
11
5
7
15
9
3
21
5
15
2
11
17
13
2
13
11
3
9
3
3
11
11
2
23
11
3
3
13
13
9
5
13
9
3
15
13
9
5
2
9
3
7
3
3
13
13
3
13
17
15
3
5
11
13
5
9
3
13
11
5
13
2
7
9
5
5
7
11
13
13
15
15
3
9
7
15
13
5
0
5
9
7
19
15
11
15
5
5
2
11
17
7
3
13
3
2
3
5
13
9
5
15
11
15
13
11
3
13
11
3
3
3
13
9
5
3
7
11
9
11
3
9
19
11
13
15
11
19
7
9
13
15
13
5
2
15
17
9
13
5
17
19
13
15
7
15
5
7
5
19
9
7
11
15
13
0
13
13
7
