13
6
11
10
11
13
8
10
4
4
6
6
8
9
10
15
11
9
4
11
9
4
6
6
8
6
8
4
11
6
6
4
6
4
4
4
6
8
4
6
8
6
6
6
6
7
6
4
8
2
6
6
4
4
7
2
4
4
8
2
8
6
6
4
13
11
6
8
6
6
4
6
9
2
4
6
13
8
9
8
4
6
10
19
4
4
6
8
8
6
6
4
6
19
4
10
2
7
4
21
4
8
8
2
11
13
8
2
11
6
8
9
11
6
2
13
15
11
6
6
6
6
9
6
2
11
11
4
8
6
8
4
10
6
6
15
13
11
6
8
19
11
8
11
11
4
13
4
6
17
4
8
13
8
6
4
13
8
15
13
6
8
6
9
6
6
8
8
19
6
7
6
6
6
9
6
9
8
4
6
4
13
6
7
7
10
9
6
8
8
4
4
15
11
15
24
15
13
19
11
9
11
8
6
10
8
11
15
6
11
15
4
13
6
7
9
13
7
6
13
11
4
13
9
2
6
7
4
2
9
4
4
6
8
8
6
8
4
6
4
6
4
6
6
4
6
15
0
4
7
4
4
9
0
4
4
4
4
2
4
13
0
0
10
2
6
2
2
4
2
0
4
4
4
0
2
4
2
2
0
0
0
4
2
4
2
0
2
