4
7
5
7
7
14
8
5
11
5
5
7
6
5
9
6
5
5
5
24
5
11
13
9
14
6
9
12
9
14
9
8
13
11
7
9
6
13
8
8
31
24
14
13
16
7
11
19
18
11
46
1
4
3
3
4
20
3
2
2
4
0
4
2
6
4
4
4
12
6
8
5
4
5
4
0
6
2
6
4
2
2
0
2
4
2
5
6
0
4
2
2
6
13
4
6
0
6
7
2
2
5
2
4
2
2
2
6
2
4
2
2
2
2
2
8
4
2
2
2
2
4
0
4
4
0
0
2
8
3
3
6
2
4
2
0
11
2
2
0
4
2
2
4
4
6
1
4
6
1
2
5
0
2
4
4
3
2
4
4
4
4
30
0
5
5
2
2
4
2
2
2
2
6
1
4
4
2
1
4
4
4
2
2
2
2
3
4
2
4
7
3
2
4
2
4
2
0
2
2
2
8
4
2
4
4
2
5
3
2
4
6
3
2
6
5
4
4
2
4
2
0
11
8
5
4
2
1
6
2
2
2
5
4
4
4
4
0
0
2
3
4
2
2
4
6
2
7
1
2
4
1
2
0
2
3
2
0
6
4
2
4
2
2
2
4
0
4
2
4
2
4
1
2
6
4
4
3
4
2
4
4
5
2
2
2
4
2
