7
10
6
2
7
7
4
5
7
4
8
4
9
5
4
5
8
4
4
0
6
5
8
3
4
9
2
4
10
4
6
5
4
5
6
5
5
7
7
7
6
3
3
6
4
5
5
5
7
8
7
5
4
3
4
5
4
5
5
5
5
5
4
5
3
5
8
4
3
7
4
5
5
5
2
4
5
9
5
5
8
4
6
2
3
8
8
8
7
5
9
9
9
7
9
8
9
8
8
9
7
6
8
5
7
5
4
5
9
5
5
7
4
4
5
2
8
5
5
2
8
8
5
4
7
8
10
5
7
5
5
8
10
5
7
4
8
5
6
5
5
5
5
5
5
5
5
7
6
7
8
9
6
6
6
9
7
9
8
7
7
3
5
7
4
5
4
4
8
5
9
7
7
5
9
5
5
8
9
8
5
7
5
8
5
8
7
0
5
5
8
8
4
2
5
4
5
6
2
7
8
8
9
4
5
7
4
6
7
9
5
7
8
7
5
8
6
8
7
6
5
9
5
7
9
6
10
8
8
5
3
5
8
5
6
7
7
3
5
5
7
5
9
7
7
7
8
7
11
4
5
5
4
6
5
8
5
8
8
9
6
6
9
7
8
5
8
5
7
7
9
7
7
8
9
2
5
8
9
8
9
8
3
5
7
5
7
6
