5
74
5
2
39
5
4
3
6
0
4
6
0
3
6
7
73
0
0
0
6
6
6
3
4
7
2
5
96
0
5
2
2
4
3
2
2
0
5
22
3
3
0
55
4
6
4
9
9
16
90
2
2
0
7
14
11
7
6
2
6
12
2
4
2
4
24
6
2
3
2
6
9
4
2
4
7
6
2
5
12
2
7
2
5
6
5
9
10
6
9
4
5
2
5
5
5
9
7
11
11
10
6
4
9
4
6
7
9
2
9
8
4
4
10
4
5
6
10
4
23
8
6
2
7
7
12
4
2
77
3
23
64
3
4
8
5
10
31
7
5
7
5
4
4
3
5
3
5
41
3
39
7
7
3
7
5
7
4
38
6
7
29
6
5
7
15
9
16
8
6
4
9
12
8
4
7
3
11
13
6
57
8
7
7
10
26
4
6
5
7
12
4
5
11
6
4
20
6
9
9
15
23
6
9
13
58
4
4
5
5
9
5
7
14
6
7
5
7
12
49
3
9
2
36
9
1
5
10
6
2
4
39
6
7
1
3
4
7
16
20
7
74
17
3
52
2
4
3
4
5
10
4
4
4
4
4
2
41
2
81
41
6
3
8
6
82
6
4
67
43
2
9
20
2
8
3
4
4
82
4
7
36
5
5
8
4
9
