19
18
19
19
19
18
19
19
17
19
17
18
18
18
18
18
18
18
18
18
19
19
19
11
19
18
17
18
19
13
19
18
19
19
17
18
17
19
19
18
18
19
18
18
18
17
19
19
10
19
17
18
19
18
19
19
14
18
19
19
18
16
18
19
19
19
19
19
19
19
19
18
18
19
18
17
18
17
19
18
19
19
18
18
19
19
19
18
19
18
20
19
18
18
18
18
18
18
19
18
20
19
18
19
18
16
19
19
19
18
17
18
20
16
18
19
19
17
18
20
20
18
20
18
17
16
19
19
17
19
19
18
18
20
19
17
17
19
19
18
18
17
17
18
18
18
20
17
20
19
19
16
18
19
19
18
14
18
18
16
19
15
17
15
19
20
17
19
19
19
18
20
19
19
18
18
19
13
16
15
17
18
19
16
17
17
18
17
18
16
20
19
15
19
18
18
17
19
18
18
17
18
20
18
17
20
19
17
18
19
19
18
18
19
18
19
18
18
18
11
19
18
18
18
19
18
17
20
20
19
18
20
18
16
19
17
20
19
19
18
17
18
18
18
19
17
17
19
17
18
18
19
18
18
19
19
17
18
18
19
17
19
17
18
18
17
20
18
19
19
19
19
19
19
18
17
19
19
18
18
19
19
18
19
18
18
18
19
