8
8
12
6
4
10
4
8
14
4
18
10
10
10
8
8
10
6
8
10
8
6
4
4
14
6
6
10
10
6
8
0
12
6
2
10
10
6
4
6
8
14
10
8
6
12
12
12
6
10
10
6
8
6
6
4
12
6
6
8
10
6
2
12
8
8
6
6
2
14
8
8
12
4
6
12
12
4
10
10
10
8
8
10
6
8
12
4
8
6
8
10
12
8
6
6
10
14
10
2
12
8
10
4
2
8
12
6
14
8
10
16
2
14
18
4
8
6
4
10
12
10
8
16
10
14
12
8
12
10
8
12
6
6
10
12
20
6
8
14
14
10
10
10
10
12
12
18
8
4
2
10
6
10
4
12
4
12
22
14
12
16
6
6
12
16
14
12
6
8
8
20
12
4
6
8
14
2
12
10
8
16
8
4
6
14
10
14
10
6
8
10
6
14
8
10
6
18
22
6
8
14
8
10
10
8
4
6
10
6
8
6
10
10
8
8
10
6
14
6
12
6
6
8
8
4
8
4
2
8
12
37
8
8
12
8
12
10
4
6
8
6
6
6
8
6
8
6
6
12
2
4
4
6
10
4
0
2
2
4
4
8
4
4
2
0
4
2
2
2
6
4
2
6
0
2
6
0
4
2
4
6
4
2
0
2
0
2
