6
0
2
4
0
0
12
0
2
0
0
0
6
9
10
2
0
2
6
2
14
2
2
4
2
0
0
9
4
8
0
6
2
8
0
0
0
2
0
0
4
2
2
4
0
4
2
0
4
8
2
2
2
0
10
0
6
0
2
0
8
0
0
2
2
2
8
0
4
0
10
0
8
4
8
2
6
0
8
0
2
0
4
2
8
0
0
0
4
0
6
0
2
2
0
2
4
6
2
2
2
2
4
0
2
4
2
0
9
4
0
0
2
6
0
2
2
2
4
2
2
8
2
0
4
8
2
0
0
6
18
8
2
0
0
8
2
0
0
0
97
8
0
6
0
2
8
2
4
0
2
0
0
6
4
2
0
8
0
0
6
0
4
2
2
4
0
9
6
2
6
2
6
0
4
4
4
8
10
0
4
0
4
2
4
0
10
6
0
2
4
0
8
4
0
6
2
4
0
0
0
16
0
0
8
6
2
6
0
2
2
10
0
2
0
0
0
0
0
8
0
0
6
0
4
6
6
8
2
2
0
0
2
0
2
2
2
10
0
2
2
2
4
0
4
6
0
2
4
0
0
0
0
8
9
8
4
14
0
2
2
2
0
2
0
0
2
8
2
0
0
0
0
4
2
2
0
10
97
7
2
0
6
4
6
2
4
6
