2
0
2
4
4
2
4
0
2
0
4
2
2
2
2
2
2
0
2
3
4
0
4
4
0
4
2
0
4
2
2
4
4
2
0
2
2
0
2
2
2
0
0
2
2
0
2
2
2
2
2
2
2
0
2
4
0
2
0
2
4
0
2
0
2
12
2
2
2
0
4
2
0
2
0
4
2
4
2
2
2
0
17
2
4
0
3
4
0
2
15
2
6
0
2
4
2
2
2
13
2
2
2
2
4
2
2
2
2
3
0
2
4
2
4
2
2
0
6
4
2
2
2
2
2
2
2
4
2
2
2
2
4
2
0
3
0
4
5
0
0
4
2
0
4
2
2
0
2
15
2
4
2
0
2
4
2
0
2
0
2
15
2
2
11
0
2
4
2
4
2
2
2
0
2
0
4
0
2
4
0
0
2
13
4
0
0
0
0
4
2
0
2
4
2
2
4
2
2
2
2
2
0
5
2
2
4
2
4
2
2
2
2
3
3
2
2
2
2
2
0
2
2
0
0
0
13
2
6
4
4
2
2
0
2
4
2
2
2
4
4
2
2
2
0
13
4
2
2
2
11
0
2
4
2
2
17
4
2
0
4
0
4
4
2
2
0
2
4
2
2
0
2
2
2
2
0
2
0
0
2
4
2
0
2
0
2
2
