8
4
13
4
6
7
4
11
4
6
4
2
2
6
2
2
6
2
8
4
4
4
6
0
2
2
2
4
2
4
4
2
6
6
6
14
8
4
2
7
8
8
4
6
2
6
13
4
7
13
6
2
2
4
6
4
10
11
4
2
8
4
2
4
2
6
6
4
6
4
6
4
14
17
2
14
4
9
4
0
6
4
4
4
6
2
4
5
21
2
4
4
4
4
2
4
6
2
9
6
2
8
2
4
4
5
8
17
7
12
7
6
4
4
5
5
8
10
12
4
2
8
2
5
6
8
6
21
6
6
8
10
2
6
5
16
7
2
7
4
4
5
8
4
14
4
4
9
8
2
9
10
8
4
6
2
2
10
15
8
17
6
0
4
2
2
6
4
6
14
9
2
6
13
6
19
4
4
11
4
6
6
11
11
10
9
4
9
10
9
3
12
4
4
4
2
4
4
12
21
18
21
16
4
2
6
6
3
11
7
10
2
7
10
4
2
4
4
8
4
5
4
10
2
2
3
2
4
6
3
2
2
2
4
2
4
13
2
4
4
4
5
0
2
2
2
2
4
2
4
3
2
2
5
4
4
2
4
13
4
13
11
4
2
15
0
2
4
6
2
0
2
2
2
0
0
2
4
6
2
2
4
4
10
2
2
5
2
