6
23
16
17
8
12
25
27
22
14
4
41
16
17
37
14
14
6
8
15
10
14
49
27
8
19
21
14
10
10
12
22
29
10
6
10
6
33
14
16
27
12
6
12
21
14
27
19
12
10
16
8
8
18
16
14
14
8
4
6
4
19
8
10
8
15
10
14
24
14
12
16
20
10
11
16
23
8
23
16
10
10
12
17
12
14
12
8
8
12
8
20
12
6
10
15
6
29
12
6
8
9
10
8
20
27
27
29
22
12
4
21
11
8
27
18
16
27
14
14
13
10
8
12
14
15
12
17
16
16
22
20
10
8
10
25
22
20
12
14
10
8
17
22
6
17
15
25
10
4
16
39
16
8
5
20
6
18
8
14
20
14
22
10
19
12
18
6
8
25
10
14
10
20
22
16
23
27
19
10
17
31
16
6
17
8
14
12
23
17
10
18
14
12
10
15
10
18
6
17
20
15
21
10
10
14
12
13
14
8
21
8
22
6
29
35
20
16
16
11
8
8
10
16
7
25
6
6
25
10
6
10
8
10
8
14
10
14
14
10
6
12
15
12
16
12
4
8
8
8
14
19
8
6
7
12
6
0
4
2
9
4
2
0
2
2
0
2
4
8
0
10
6
4
4
0
8
6
10
4
2
6
4
0
8
4
2
8
