5
5
0
1
72
39
0
48
13
59
23
0
1
1
13
3
3
66
3
3
3
1
5
3
3
3
36
18
41
38
0
1
1
5
1
5
19
3
7
62
31
3
5
1
3
3
1
3
1
7
18
5
19
14
67
7
3
7
5
3
25
1
3
32
3
65
1
8
3
45
1
46
1
3
1
1
56
3
3
3
3
1
65
32
5
5
28
23
5
5
0
5
7
3
9
4
5
8
3
5
5
7
3
9
3
3
5
19
1
1
27
5
3
7
3
1
5
5
3
9
5
5
5
21
3
7
28
1
3
11
3
3
11
5
1
5
19
5
7
5
45
3
26
1
1
34
3
26
7
5
66
42
3
61
3
49
7
36
3
5
3
5
1
5
52
1
5
65
1
17
1
5
28
1
6
1
7
29
7
0
38
28
37
1
15
23
3
6
1
7
3
10
1
3
56
3
3
16
25
1
5
65
20
67
5
1
7
58
3
3
5
3
3
5
5
36
19
5
37
3
3
12
1
35
5
45
1
76
3
3
7
1
47
39
3
3
1
1
1
3
42
44
22
27
5
3
0
7
5
32
1
5
5
0
5
7
3
5
5
3
3
3
1
7
38
8
5
1
0
0
0
0
0
0
0
0
0
0
0
0
0
0
0
0
0
0
0
0
