0
0
2
2
2
2
0
2
0
1
2
2
0
0
1
2
0
0
1
0
2
2
0
0
2
2
0
1
2
0
2
0
0
0
2
0
2
2
2
2
0
0
2
0
0
0
2
0
2
2
2
2
2
0
1
4
9
2
1
0
2
2
2
2
2
2
2
0
0
0
2
4
2
2
0
2
2
2
2
0
2
2
1
2
2
0
0
4
0
0
2
1
0
2
0
0
0
0
0
2
2
2
2
0
0
2
1
2
2
0
2
1
0
1
2
2
2
0
0
0
2
2
0
2
2
6
0
2
2
0
5
0
2
0
2
1
0
2
1
0
1
7
0
2
1
1
0
1
0
2
2
2
2
2
2
0
2
2
2
0
2
2
0
1
2
2
0
2
0
2
2
0
1
0
1
0
2
0
0
2
0
0
0
2
2
7
2
2
0
2
2
0
2
2
0
2
3
0
2
2
2
2
0
2
7
0
2
2
2
2
2
4
0
0
7
0
0
2
2
1
0
1
2
0
2
0
0
1
1
0
2
0
0
9
0
2
1
0
0
0
1
0
1
1
0
2
0
2
1
0
2
1
1
2
0
1
2
2
2
2
2
0
2
0
2
1
2
2
2
0
2
1
0
0
8
0
0
2
2
2
1
2
2
0
1
2
1
2
