1
2
2
0
0
0
0
2
3
0
1
1
2
0
0
2
0
4
0
0
2
4
0
7
3
5
4
0
1
2
3
0
3
0
2
0
1
0
3
2
3
1
1
0
0
0
1
2
1
3
3
1
0
3
1
0
6
1
7
3
2
2
1
2
0
0
1
3
2
2
4
0
2
3
0
0
0
0
3
0
0
2
2
0
0
0
15
2
4
1
3
2
3
0
0
2
3
0
3
0
2
0
0
5
5
2
0
2
0
8
0
0
0
5
0
2
1
1
0
4
0
1
3
3
2
0
1
2
2
2
2
2
0
1
0
0
1
0
0
2
0
0
4
2
0
1
0
1
0
0
0
1
2
6
0
3
1
1
0
1
0
3
5
3
2
4
3
0
0
2
1
1
2
2
4
1
0
1
0
6
1
3
0
0
0
0
1
2
3
0
2
0
0
1
2
4
1
0
0
1
0
0
0
1
2
6
4
0
0
2
0
2
0
0
2
3
1
1
0
0
0
0
1
0
0
3
1
0
4
3
0
0
2
2
0
1
4
4
0
1
1
3
0
0
3
0
0
1
3
4
1
1
1
1
0
3
6
1
1
3
0
1
1
5
0
1
5
1
3
0
0
3
3
2
0
0
0
3
0
2
0
2
0
4
2
1
4
0
