6
10
6
8
6
4
8
6
6
4
14
8
2
6
6
4
8
10
4
6
6
6
7
4
6
8
6
8
4
8
4
8
6
2
4
5
6
2
10
4
6
6
2
4
6
4
4
6
0
8
4
6
0
0
6
4
4
4
2
4
0
4
6
2
2
4
4
6
6
4
4
2
0
2
4
6
0
2
4
2
2
8
0
2
2
0
2
4
8
2
2
0
4
42
2
4
6
12
53
8
6
8
10
6
4
7
8
8
6
4
2
4
4
4
6
4
4
4
2
8
8
2
4
2
6
4
14
4
8
4
2
8
6
4
4
6
4
10
6
4
4
4
2
4
4
8
4
2
6
10
4
8
4
6
6
4
8
4
4
8
8
8
10
8
10
4
6
4
2
6
4
8
4
0
2
8
4
6
8
6
8
9
6
6
4
6
6
4
2
2
2
2
6
2
4
2
10
2
6
6
6
2
14
4
6
4
6
4
6
10
8
6
2
12
6
8
6
0
2
2
6
6
4
6
4
6
8
4
6
5
8
2
8
4
4
2
8
6
6
4
6
4
4
6
2
6
6
8
4
4
4
4
6
2
4
6
4
0
8
4
6
4
8
4
8
0
6
2
0
4
6
2
4
6
10
4
6
2
6
6
6
2
8
10
4
0
10
2
