33
36
41
16
51
59
25
54
36
59
29
42
48
29
31
38
30
45
34
44
32
15
53
36
46
25
53
35
56
38
28
12
30
56
38
61
58
42
37
70
32
70
36
34
44
38
49
36
40
30
48
27
30
64
35
33
34
17
18
52
28
24
19
29
34
57
54
36
36
22
38
52
48
35
45
31
34
73
33
25
17
54
22
45
42
31
35
40
45
33
26
42
33
48
35
74
20
54
45
0
51
21
25
38
20
42
43
68
24
40
41
46
41
24
21
53
47
52
20
27
59
54
43
29
35
46
40
25
36
45
31
17
36
28
40
37
40
44
36
48
30
37
43
25
63
36
34
43
32
35
29
46
36
50
60
33
27
27
31
30
43
35
27
50
42
28
9
41
45
40
44
33
43
30
33
37
22
48
58
40
33
55
27
27
55
27
48
22
73
47
21
60
27
33
42
47
39
53
39
40
44
34
77
70
37
39
30
36
32
16
35
51
33
54
22
34
57
40
31
36
36
19
14
35
28
22
28
10
19
18
23
28
27
26
33
36
35
28
27
51
22
39
24
57
27
24
39
23
29
18
11
22
17
8
17
23
35
14
6
11
12
24
14
5
11
17
8
5
7
5
14
7
21
3
3
13
8
3
10
12
21
9
15
12
30
10
7
18
