0
0
2
0
2
0
6
0
0
4
8
0
11
4
0
6
0
4
0
0
0
0
0
2
2
2
4
3
4
2
6
13
0
0
4
4
0
8
2
2
13
4
6
0
11
0
2
0
0
2
6
6
7
9
2
4
0
2
8
8
2
11
4
4
0
4
0
6
2
4
11
0
4
4
2
0
7
2
4
0
4
6
8
5
4
11
4
9
11
13
0
11
0
2
2
6
6
0
2
6
2
2
4
6
6
19
2
0
6
2
4
2
7
2
4
6
7
2
2
13
6
0
0
71
2
0
2
0
5
6
4
4
6
15
0
0
2
17
0
0
0
0
2
8
8
4
2
6
2
13
2
0
8
0
8
2
3
7
0
7
0
2
4
8
2
0
6
4
6
6
21
4
2
4
0
11
4
0
2
5
6
4
6
2
9
4
2
11
2
8
7
0
3
11
2
4
4
6
0
8
4
2
0
2
10
0
0
2
0
0
2
2
2
2
0
2
0
2
0
2
4
0
0
7
0
2
0
7
2
8
4
2
0
2
3
0
5
4
0
2
0
6
11
9
0
4
2
7
0
0
4
2
0
0
0
0
2
4
4
0
8
0
4
4
0
9
9
8
2
4
0
2
6
0
4
4
2
0
2
2
0
2
2
4
2
2
7
4
