19
6
8
29
15
14
14
10
12
8
14
10
8
10
4
14
8
10
8
10
6
8
17
4
12
14
14
14
31
4
6
12
10
10
8
21
15
31
19
8
8
6
11
10
17
17
21
14
15
6
83
4
6
2
2
2
2
2
4
8
2
8
4
12
6
6
8
0
2
0
4
4
2
2
2
2
2
6
4
0
6
10
6
4
4
8
0
6
2
4
4
10
2
4
2
2
4
4
6
6
2
2
2
4
4
4
2
6
4
8
4
6
14
6
4
14
4
2
6
4
8
4
0
0
10
2
2
6
6
4
4
2
6
4
8
10
7
4
14
4
6
6
12
4
4
2
8
10
6
6
8
4
8
8
2
8
8
10
12
7
10
4
13
10
2
2
4
14
4
6
6
6
6
12
15
6
6
12
4
4
8
8
8
7
8
6
10
12
6
12
8
17
13
6
17
17
12
14
17
23
10
6
6
10
4
14
10
8
27
17
10
13
10
6
8
8
4
8
4
12
11
8
8
8
8
4
6
4
2
4
12
6
6
10
6
14
12
18
6
12
8
9
8
8
4
17
6
10
13
8
12
4
4
8
6
4
10
2
2
4
3
6
6
15
8
2
4
15
12
8
14
4
6
6
2
4
2
10
6
2
6
16
16
6
2
4
4
14
