0
9
3
4
3
3
6
4
3
1
3
1
6
4
3
3
7
3
3
23
4
1
3
5
6
3
1
1
4
1
5
1
4
3
1
5
1
4
1
3
3
3
3
5
3
1
1
6
0
0
3
1
3
1
3
0
1
1
1
3
3
0
3
0
1
3
1
1
3
0
3
12
5
3
3
3
5
1
4
3
7
3
4
3
3
1
5
1
28
1
3
1
5
1
3
3
3
5
5
3
3
3
1
1
1
5
3
3
1
1
3
3
5
7
1
6
3
1
1
3
1
5
7
7
1
5
1
1
3
3
1
3
1
5
5
3
3
3
1
7
3
3
3
1
3
3
3
5
3
9
5
1
3
1
3
3
3
1
5
5
5
5
3
4
3
3
5
8
4
3
3
12
5
5
3
4
5
5
3
6
7
5
5
8
8
1
3
5
3
3
14
1
8
3
6
3
3
5
6
7
1
3
3
5
1
4
5
3
1
3
12
6
5
3
3
1
1
3
5
1
3
1
1
3
3
3
7
3
5
3
3
3
3
5
5
3
5
1
3
3
1
1
1
1
7
1
3
1
5
1
3
5
6
12
1
1
1
1
1
0
1
0
0
0
0
0
0
0
0
1
0
0
0
0
3
1
0
0
1
0
1
0
25
1
1
0
1
0
