11
8
4
8
4
8
9
9
8
12
8
6
10
6
10
8
13
12
4
8
10
0
14
14
10
4
8
8
12
4
4
21
13
2
13
8
4
13
12
6
11
10
9
10
8
8
13
4
6
4
13
8
13
2
12
4
2
6
7
8
4
10
0
2
6
9
13
12
4
8
6
10
8
9
17
6
13
10
4
10
11
11
14
6
5
12
6
10
4
4
7
10
8
13
2
8
6
12
4
10
6
7
6
6
10
6
17
11
8
10
13
10
14
11
8
15
17
6
12
19
6
17
3
8
11
10
8
10
6
9
15
10
8
6
8
21
8
8
4
13
10
11
12
11
8
10
16
8
4
9
4
7
19
10
11
10
14
8
4
16
6
10
8
2
11
11
11
38
13
19
8
10
6
19
7
17
6
11
21
9
9
17
10
10
18
8
9
7
10
9
8
6
16
8
21
8
17
25
8
10
4
13
14
9
6
17
4
8
7
11
4
16
6
8
9
6
8
6
6
4
9
7
9
4
2
4
5
2
8
6
12
8
4
6
9
8
10
10
7
17
6
8
11
6
6
6
17
4
13
11
6
2
8
2
6
6
6
2
8
2
4
7
0
8
2
2
2
4
8
4
4
2
0
4
2
15
2
2
0
0
2
6
4
4
4
10
6
8
