5
0
0
0
7
5
2
5
5
0
3
3
0
0
0
0
5
7
0
0
0
3
3
4
0
0
5
0
3
0
0
3
7
0
5
5
96
5
0
0
7
0
0
0
0
0
5
7
2
7
0
0
3
0
0
0
0
0
9
1
0
0
2
0
7
5
0
0
0
0
7
0
2
0
4
5
7
0
5
0
2
0
7
0
0
0
0
0
7
0
5
0
2
0
2
2
0
1
2
0
3
0
2
94
5
4
3
1
2
0
4
0
7
0
72
2
2
0
0
0
0
0
2
2
5
0
2
0
0
2
7
0
3
0
0
2
7
2
0
0
2
5
9
0
0
0
0
3
9
2
0
4
2
29
2
0
5
2
0
5
0
2
5
0
0
7
5
0
2
2
0
7
0
2
2
1
0
3
9
0
3
0
0
5
0
2
2
9
2
5
0
0
7
0
1
5
0
2
5
0
5
5
0
0
2
2
3
5
5
0
5
0
1
5
0
1
0
2
0
1
0
3
2
0
0
0
0
0
0
3
2
1
5
0
0
1
3
2
35
3
2
0
2
7
0
0
1
0
1
1
4
2
2
3
0
2
2
3
0
3
1
2
3
3
0
1
2
2
2
0
2
0
1
4
1
0
0
0
4
1
1
0
0
0
1
1
0
2
