8
14
6
12
12
8
12
21
16
23
10
10
12
12
10
17
4
6
16
12
12
8
6
12
10
16
10
17
14
12
8
6
6
4
6
8
13
10
16
8
14
6
8
12
19
9
10
6
0
10
12
4
4
8
10
8
10
17
4
2
2
8
15
10
27
10
6
2
16
12
28
14
12
21
10
8
17
4
4
17
10
6
8
10
12
14
12
19
12
15
10
23
19
12
16
21
6
14
14
8
35
19
17
19
8
6
12
17
8
8
21
25
12
16
14
14
10
12
12
17
4
8
12
14
8
12
10
6
14
10
10
6
12
17
14
16
14
4
60
23
15
17
19
12
17
15
10
4
8
14
10
4
6
16
10
11
15
17
8
19
20
8
10
13
25
8
19
21
14
19
16
14
12
31
17
12
16
8
8
25
14
21
17
8
10
47
16
13
31
4
4
17
10
21
4
17
25
19
12
14
12
19
19
19
10
8
19
13
10
6
10
8
15
14
8
13
9
14
19
10
17
6
6
10
6
6
17
6
6
6
8
15
12
10
8
17
14
10
10
12
12
8
12
12
10
14
8
8
10
10
6
6
8
10
17
6
8
4
2
8
2
8
6
0
4
2
2
4
0
6
0
6
6
2
8
2
4
0
2
2
2
8
8
12
4
4
4
2
