1
3
5
0
0
14
19
1
0
1
0
0
0
3
0
11
0
0
9
8
32
0
0
2
5
0
0
3
5
7
12
0
0
0
0
0
1
3
2
11
0
10
12
15
14
0
2
1
5
4
3
0
8
14
5
0
0
0
7
0
6
12
13
0
0
0
0
0
1
0
0
10
15
11
0
0
0
0
0
0
9
0
0
15
12
8
12
0
0
0
0
0
0
11
4
1
13
8
11
16
3
0
0
0
0
3
0
3
3
3
0
8
12
13
12
0
0
0
1
6
2
4
1
0
0
8
11
25
0
0
0
0
4
1
0
0
10
11
14
20
0
0
0
0
0
1
3
0
0
7
14
7
5
8
0
0
12
1
5
1
0
1
0
13
19
15
0
0
0
10
0
0
1
0
0
2
0
0
2
0
1
0
0
27
51
0
0
0
0
1
1
2
0
0
0
11
9
14
7
0
0
0
0
0
0
0
0
0
0
1
0
0
0
14
0
0
13
16
13
16
13
0
0
0
0
1
4
0
5
0
11
7
11
15
0
1
0
0
7
0
0
0
13
9
1
0
0
0
0
0
1
0
2
5
0
7
3
12
16
0
0
1
0
1
0
0
2
1
2
0
0
8
15
14
0
0
0
0
1
1
1
3
0
0
0
28
16
11
