49
6
4
52
4
4
10
6
6
7
53
4
4
8
4
6
9
8
7
4
50
16
11
13
18
8
83
9
79
6
11
6
8
4
9
9
6
11
26
4
10
8
7
33
7
78
6
7
6
4
4
9
6
6
6
50
7
9
7
17
8
7
7
4
11
73
5
2
57
4
4
16
58
9
8
7
9
15
6
58
7
4
7
56
8
10
49
9
46
7
7
9
10
17
5
61
5
4
10
58
10
6
5
45
6
7
56
8
2
59
4
7
11
50
5
7
8
5
6
5
6
10
10
65
5
8
6
64
21
20
23
9
4
4
5
9
19
8
8
4
12
70
11
4
42
4
4
20
7
4
4
20
6
17
6
4
6
46
5
7
7
5
18
68
10
9
10
4
10
8
7
6
7
4
5
11
10
6
4
7
5
9
9
4
6
5
73
16
9
11
4
6
25
24
22
5
10
31
9
2
12
7
2
5
8
6
4
13
53
22
6
66
20
5
7
6
11
5
23
73
17
7
6
19
15
4
25
8
7
4
6
13
29
4
6
45
7
14
48
11
8
7
7
17
7
57
4
20
43
4
15
2
13
9
6
6
10
2
4
5
2
14
39
5
5
6
8
6
8
4
2
7
40
8
6
6
3
19
9
7
20
5
8
9
6
7
2
16
