17
36
38
21
48
38
23
55
24
30
0
28
44
16
28
26
11
26
34
24
28
27
20
15
31
23
19
37
7
15
24
9
34
18
18
38
36
26
11
24
26
23
34
42
13
36
25
7
17
13
24
23
5
11
20
5
11
14
7
21
0
9
5
9
19
13
34
66
59
38
9
23
22
15
38
9
17
16
32
35
15
13
35
30
32
13
26
5
17
18
21
31
62
49
28
30
30
38
20
19
24
40
26
17
10
30
17
34
17
0
28
33
24
29
26
26
48
58
34
19
32
28
29
17
35
60
35
48
37
30
45
18
17
26
21
36
33
19
40
52
38
42
34
32
52
30
39
26
22
63
53
24
75
39
37
10
17
47
20
36
39
32
28
10
19
39
38
40
38
37
45
29
28
55
47
62
35
24
37
53
20
25
35
38
33
13
18
34
30
20
56
36
35
36
43
15
54
33
0
30
36
42
35
14
36
36
28
29
18
27
23
30
37
24
40
22
45
28
28
19
17
20
15
5
15
9
25
15
16
19
36
19
15
27
28
15
38
25
16
27
36
18
23
13
28
17
41
16
18
9
15
27
62
0
27
22
7
15
9
3
1
7
5
3
3
7
0
3
10
6
7
5
7
5
27
5
5
5
1
2
9
3
5
14
5
5
1
3
