25
21
22
20
16
31
19
33
26
34
22
28
26
25
21
20
34
23
24
34
21
14
8
23
23
8
18
16
13
11
11
25
33
2
20
49
19
13
20
26
22
34
30
15
20
17
30
28
13
9
28
23
17
21
18
20
9
10
10
36
13
23
31
10
4
14
16
8
38
21
13
35
29
21
21
11
22
27
12
20
18
33
18
30
21
18
15
27
29
26
15
18
16
11
29
19
39
21
29
16
15
10
11
21
31
28
23
31
20
12
26
11
25
19
29
34
24
24
9
13
19
16
26
23
19
13
16
16
30
31
23
15
27
17
37
18
16
19
19
29
17
31
19
29
26
18
7
23
21
11
21
25
23
24
14
17
28
27
31
28
21
18
12
26
21
24
33
20
13
30
28
25
12
32
16
22
30
19
24
23
17
23
21
19
28
22
16
13
24
19
29
19
25
23
32
20
20
32
30
16
27
24
19
21
19
24
13
19
29
18
29
16
15
11
23
28
23
15
23
22
24
25
19
22
26
21
13
11
22
25
18
13
14
23
19
21
17
20
15
17
16
20
9
18
11
15
23
20
10
13
26
7
20
10
10
12
11
7
7
8
2
7
8
5
2
6
3
3
10
3
5
2
3
3
2
7
6
5
9
5
4
2
3
7
3
2
8
9
