0
26
1
1
0
1
1
4
1
1
1
0
0
5
3
3
1
1
3
3
3
1
1
1
1
1
17
0
3
1
1
0
3
6
1
5
1
3
1
5
0
8
3
3
28
0
1
0
4
0
0
6
0
0
1
1
3
1
7
1
1
1
0
34
0
1
30
1
6
0
3
6
1
1
0
0
0
0
0
1
0
3
4
1
0
7
0
1
0
7
1
0
1
0
1
3
0
0
2
0
10
4
3
1
17
0
1
1
2
1
1
1
0
1
27
0
25
3
1
1
1
1
0
0
5
0
3
0
0
3
3
0
5
1
14
1
1
0
1
1
5
0
3
3
1
1
3
1
6
1
0
3
0
3
0
3
1
6
3
3
0
0
3
1
1
0
0
2
4
1
3
1
28
0
1
17
1
0
0
1
1
3
0
1
3
3
1
1
17
1
1
3
1
3
23
0
3
21
3
0
26
0
2
20
0
0
3
1
3
2
8
0
1
0
1
0
0
0
1
3
1
1
0
0
1
4
17
3
1
0
4
4
0
1
1
0
3
1
1
1
1
20
1
2
0
0
3
4
6
19
1
1
17
1
1
15
4
0
0
3
0
1
1
3
1
0
1
1
3
6
1
19
0
0
3
0
0
17
3
0
3
1
3
1
1
0
1
1
