12
16
2
37
25
25
0
0
30
0
37
37
25
0
0
30
53
34
23
2
49
0
0
22
1
0
9
22
26
28
24
21
0
9
0
0
12
0
17
24
0
6
11
0
4
39
11
23
0
6
0
57
30
7
0
2
0
70
0
0
0
0
23
6
0
21
0
7
40
2
0
21
2
15
6
34
0
18
0
0
0
46
0
27
2
0
25
0
22
0
20
0
9
0
23
0
12
0
7
13
4
23
1
0
31
0
19
0
24
8
0
2
2
2
29
2
19
0
0
0
20
0
0
0
24
29
27
0
28
4
27
0
26
28
20
2
0
0
23
5
7
0
33
0
0
0
75
29
9
21
0
78
4
18
0
14
8
5
7
0
3
0
0
7
11
5
2
0
0
2
13
0
0
3
2
0
0
37
31
1
4
22
0
6
24
0
34
0
2
8
32
0
34
0
64
27
0
0
0
18
0
23
2
0
50
11
10
0
2
21
9
18
9
0
0
0
2
0
30
0
2
0
22
65
0
0
0
26
0
0
9
16
0
0
15
0
1
15
0
0
7
37
6
0
0
1
58
0
27
18
0
0
24
2
0
0
0
0
2
0
6
1
0
8
8
0
3
0
5
11
14
0
0
19
0
0
0
7
0
16
4
0
29
0
2
32
4
18
