16
14
16
13
10
13
17
13
19
5
11
13
7
12
10
11
12
10
15
10
7
9
7
7
4
11
9
3
7
3
13
15
5
8
10
15
14
11
11
8
15
26
13
12
12
10
6
12
10
9
43
5
4
2
2
5
2
2
2
0
6
5
5
6
5
8
2
2
3
0
2
2
4
2
1
4
2
0
0
4
0
0
4
2
2
0
0
2
5
2
1
0
2
0
4
0
4
0
0
5
4
3
2
6
7
6
4
0
2
2
2
7
2
2
4
7
11
2
4
3
4
2
4
4
2
5
2
0
2
2
4
2
6
6
4
5
13
9
4
7
6
9
0
17
5
3
3
7
4
2
5
6
7
2
2
2
6
0
7
7
4
7
0
0
4
3
3
0
5
11
4
7
11
3
5
11
11
5
5
8
12
7
5
4
7
5
3
2
7
4
3
2
2
5
2
5
3
9
5
9
2
10
6
2
4
10
3
0
9
2
7
7
1
5
43
7
2
3
2
3
4
5
3
12
7
1
8
7
3
5
3
2
5
3
9
3
9
4
8
0
0
7
3
2
2
3
4
2
2
8
3
0
2
2
0
5
5
2
4
4
4
5
9
0
4
3
2
3
2
2
2
2
9
3
0
2
2
8
3
2
5
0
5
3
6
2
0
4
