0
2
2
0
4
2
2
2
4
0
2
2
2
6
0
2
2
4
4
2
2
2
4
0
2
2
0
0
6
6
0
2
4
8
4
2
2
4
4
6
0
2
2
2
4
2
4
0
3
0
0
0
4
0
4
2
2
2
2
4
2
6
2
2
0
4
2
2
2
2
2
5
4
2
0
0
2
4
0
2
2
0
2
2
2
2
2
0
4
4
2
0
4
2
0
2
4
8
2
4
8
2
2
2
4
5
6
2
0
5
2
4
0
2
0
4
0
6
4
6
0
4
2
2
2
4
6
8
0
2
2
6
4
6
2
6
2
2
2
0
2
4
4
2
6
2
0
4
6
2
2
9
4
6
8
4
0
6
2
2
17
2
4
2
4
0
2
8
4
0
6
0
2
4
0
2
2
2
18
4
4
2
4
2
0
0
4
4
0
0
5
2
2
2
2
0
4
8
2
14
2
9
0
2
2
2
2
3
2
5
4
6
6
2
2
0
2
4
0
0
2
0
2
0
2
2
0
0
2
4
4
4
0
0
0
2
0
4
0
2
2
4
0
6
4
2
2
0
0
9
2
2
4
4
2
2
2
4
2
2
0
4
0
2
2
2
0
4
2
2
8
0
2
2
2
4
2
0
0
2
4
2
6
4
0
0
0
2
