38
40
28
15
33
43
29
49
37
32
32
41
53
41
33
37
54
22
46
48
40
20
22
28
36
24
53
41
42
19
27
25
11
68
36
19
38
39
46
43
37
24
35
27
43
28
34
38
20
21
20
59
19
22
26
30
20
33
12
23
33
29
34
29
7
33
48
67
60
27
35
21
19
30
30
38
25
37
36
47
35
15
35
30
33
36
36
22
40
39
27
30
19
36
34
56
25
30
28
25
30
38
38
52
16
46
26
35
15
29
39
37
16
40
29
51
34
51
30
19
27
40
50
27
29
21
48
27
28
21
31
35
35
50
31
30
44
31
35
39
40
23
27
32
13
24
41
29
53
27
40
29
53
28
48
31
42
44
21
31
33
28
39
50
36
33
45
24
44
37
36
36
31
39
35
66
35
52
29
53
37
23
34
59
38
40
61
36
29
27
49
34
30
38
30
36
29
20
39
35
52
41
51
38
40
44
35
35
31
28
20
19
29
37
42
27
30
22
24
23
15
20
17
19
8
18
37
20
16
18
21
16
17
14
23
22
20
16
18
25
16
15
15
9
16
16
26
14
23
17
21
22
9
10
28
11
22
17
6
7
4
12
31
2
5
17
24
14
7
12
5
7
10
20
5
12
17
8
5
6
7
36
9
4
12
8
3
10
