0
10
6
6
2
0
2
6
2
10
2
0
0
10
0
2
4
6
0
8
6
0
2
2
2
14
0
8
6
6
4
16
8
0
0
0
6
2
0
0
4
0
4
8
6
2
2
6
4
8
0
2
8
2
8
6
8
0
0
4
10
6
2
0
0
0
94
0
2
0
0
2
6
2
2
2
0
0
4
4
2
4
0
0
6
0
4
0
4
4
4
2
0
8
4
6
2
4
0
6
0
4
8
6
2
10
6
6
4
4
0
4
6
10
6
0
2
4
2
8
2
2
0
2
2
2
2
6
10
2
14
6
0
2
2
6
4
4
0
0
0
2
4
0
0
2
4
6
2
4
4
2
2
0
2
0
6
4
2
2
4
2
0
0
2
0
8
0
0
8
10
2
4
4
2
2
2
12
8
8
4
6
0
8
0
8
4
4
0
5
4
10
4
0
47
6
8
4
4
0
2
6
10
0
6
2
6
6
8
0
6
0
2
4
2
0
0
0
0
6
85
4
2
88
4
6
12
2
8
2
6
2
6
2
6
0
4
2
0
4
8
0
8
8
0
2
0
0
4
6
2
2
2
0
2
0
2
8
4
6
2
94
4
2
0
2
6
4
0
2
0
4
4
4
0
2
2
4
10
4
2
6
2
49
4
8
10
8
