6
2
8
4
10
4
12
18
17
6
10
12
12
4
10
12
4
12
8
10
14
7
8
4
6
6
2
2
8
14
8
2
2
2
6
4
18
2
4
10
8
4
12
12
16
6
6
14
8
4
10
8
2
10
15
6
6
2
2
14
8
8
14
14
4
4
4
4
4
6
6
12
14
10
4
6
10
8
17
8
20
4
6
8
4
6
6
12
2
6
4
10
8
6
10
10
8
6
18
8
4
10
12
10
10
4
10
2
10
6
8
18
12
4
8
8
4
6
6
10
10
4
4
4
4
12
16
8
8
12
10
18
6
12
4
15
10
6
10
12
6
16
8
4
2
12
14
4
10
4
17
12
8
8
12
18
14
16
12
14
2
6
4
6
10
8
4
6
14
14
6
16
16
6
8
16
12
10
6
4
14
19
15
6
6
22
12
8
8
16
8
6
4
4
14
16
20
10
8
12
10
10
18
8
6
4
4
4
8
6
12
8
10
6
14
15
10
6
14
8
4
4
6
14
12
17
6
6
8
2
8
6
6
4
2
6
8
4
6
6
2
17
8
4
8
2
2
2
6
4
4
4
6
6
6
6
4
4
2
4
0
0
2
0
2
0
4
2
0
4
0
4
2
0
2
4
2
0
0
2
2
2
10
0
0
2
4
0
