20
20
18
41
3
0
9
7
16
27
3
1
9
30
3
5
3
13
38
0
1
5
15
1
15
3
24
3
16
23
27
0
0
1
0
38
6
1
17
16
0
22
0
24
0
28
1
1
31
1
28
1
0
17
1
29
33
1
26
0
31
0
19
1
40
12
1
0
0
3
1
0
17
25
4
32
1
0
32
28
31
25
0
57
1
14
28
10
1
21
14
31
0
0
3
1
61
1
0
16
3
45
25
52
5
28
24
3
7
35
38
57
48
26
3
42
24
30
1
35
10
25
27
38
1
25
18
3
3
0
34
23
48
46
23
30
50
28
28
3
3
3
27
9
0
27
1
1
5
47
51
5
3
1
0
16
18
0
53
51
3
0
59
16
41
33
42
41
32
21
5
0
0
1
31
26
1
3
10
0
46
0
20
41
40
3
1
0
0
9
64
1
1
20
15
18
21
13
0
1
1
1
24
37
0
13
1
58
17
0
1
25
70
20
5
42
0
3
0
3
15
1
1
1
39
0
1
1
18
0
0
0
1
0
7
0
0
0
79
0
0
0
14
70
5
0
59
0
25
0
42
7
0
1
0
1
0
0
1
1
1
53
0
3
3
43
1
33
47
1
3
35
3
0
45
0
1
0
1
3
19
5
1
43
15
0
1
0
