5
1
5
2
1
3
1
4
5
1
0
3
3
4
7
4
1
3
5
5
2
3
1
5
3
1
1
1
4
3
3
1
1
6
3
5
3
6
7
0
1
1
5
3
1
5
3
5
4
3
35
0
3
0
0
0
5
1
0
0
1
1
1
1
0
0
0
1
1
0
0
3
0
1
1
1
1
0
1
0
0
0
0
5
1
0
1
1
0
0
1
0
0
1
0
0
0
0
0
3
1
0
1
0
1
5
1
5
0
5
6
0
0
1
1
0
1
1
1
3
1
1
3
0
3
1
1
3
1
1
0
0
1
0
3
3
0
0
3
0
2
3
1
1
0
1
3
3
1
3
0
1
1
0
0
0
1
1
3
1
3
5
1
3
0
9
1
1
3
1
1
5
0
1
3
1
1
0
0
1
3
3
0
9
1
0
0
1
3
1
0
1
0
1
3
0
0
1
0
5
1
1
1
3
1
4
0
1
1
1
5
1
2
1
3
3
0
1
3
5
1
3
1
3
0
5
5
1
1
1
1
1
1
3
1
1
3
1
1
1
1
0
0
1
5
1
1
1
3
1
3
0
4
1
1
0
0
1
1
1
0
1
0
0
3
3
3
3
0
0
1
0
1
1
0
0
1
3
1
1
1
3
0
1
1
1
0
0
