4
2
2
0
3
0
3
4
1
1
6
2
12
3
2
0
0
1
0
0
0
2
4
0
6
4
1
0
0
2
1
2
0
4
1
1
3
0
5
1
1
3
1
0
0
2
0
7
3
3
3
0
0
1
0
2
6
1
3
1
5
1
1
1
4
0
0
1
1
0
1
0
0
2
4
6
2
3
5
6
2
0
1
1
3
1
6
0
3
1
2
1
1
4
1
1
2
1
2
0
0
0
1
5
0
0
3
1
3
2
3
1
4
1
2
3
1
0
3
4
2
1
0
0
1
1
1
0
2
2
0
0
1
2
0
1
0
1
0
0
5
1
1
2
1
5
1
0
1
0
1
1
1
1
0
1
4
2
1
0
4
3
4
4
1
3
3
1
1
3
5
1
2
1
1
0
0
2
5
1
1
3
5
3
0
0
4
2
3
0
0
3
0
3
2
0
0
10
1
0
0
1
2
1
0
3
0
4
2
4
1
1
3
3
1
0
1
3
1
0
0
0
0
2
1
2
0
1
6
0
1
2
1
1
1
0
3
0
4
1
3
1
0
3
0
3
0
9
4
4
4
3
0
2
0
0
1
0
0
1
4
0
1
1
4
3
2
3
0
1
10
1
7
3
1
1
1
0
2
0
1
2
1
0
0
3
0
2
