4
6
4
2
0
6
7
0
2
4
0
2
2
4
6
2
0
2
4
4
2
2
0
2
2
2
2
2
4
2
2
2
4
4
6
10
2
2
2
69
6
2
2
4
2
2
4
12
57
6
4
4
2
4
2
2
64
0
2
6
6
6
0
0
2
40
2
8
54
0
4
66
4
2
4
4
2
6
2
4
0
2
8
6
2
4
0
4
32
6
4
4
2
0
39
2
6
4
0
2
2
4
2
4
2
2
6
4
2
2
4
2
6
31
4
2
2
2
0
2
2
2
0
5
2
2
2
0
0
2
4
4
8
6
0
4
4
6
2
6
4
2
36
2
4
4
2
6
4
4
0
4
0
6
4
6
4
6
6
2
8
4
4
2
38
4
4
6
2
0
4
9
4
4
0
2
7
2
2
8
4
2
6
6
4
4
2
0
10
33
4
4
4
4
6
4
6
2
2
4
33
4
8
34
12
4
4
2
2
2
2
12
2
4
4
6
0
56
4
4
7
2
4
30
8
2
2
2
2
2
4
0
6
4
31
2
2
2
2
24
0
4
2
2
2
0
2
0
4
7
4
2
9
6
4
2
6
6
4
6
2
36
4
2
4
0
2
32
10
0
2
2
58
0
6
6
4
2
5
36
2
2
21
6
3
2
11
2
