4
4
6
0
4
6
2
6
2
39
4
2
0
4
0
4
4
0
2
0
2
2
4
94
0
2
6
4
4
0
6
2
6
6
6
2
2
0
2
4
6
3
0
7
4
6
2
2
78
4
8
4
8
0
2
2
8
2
2
0
38
6
4
6
6
0
6
2
4
6
2
2
2
4
0
2
2
0
2
10
6
2
0
0
4
0
2
4
0
0
2
2
8
4
0
6
4
83
2
6
8
0
8
4
6
0
4
4
4
2
0
2
0
4
8
0
6
4
2
5
4
2
2
0
2
6
2
2
2
0
99
6
8
4
0
6
0
4
2
6
0
4
8
4
2
2
0
2
4
2
2
2
6
8
4
2
4
6
2
6
8
0
0
2
2
6
4
0
2
6
8
6
4
2
4
4
4
8
4
4
0
4
65
4
8
6
8
2
2
4
2
6
4
2
4
4
2
0
0
2
4
2
8
4
4
8
4
4
0
4
10
6
6
4
2
4
2
6
4
2
7
4
6
2
2
0
2
6
14
8
2
10
51
8
8
6
9
2
4
4
6
8
6
10
4
6
6
4
2
4
0
8
54
0
6
6
6
8
4
4
2
2
10
6
6
8
4
2
6
4
0
4
8
8
6
4
2
4
2
4
2
6
5
4
4
8
11
4
