11
6
2
2
0
2
0
0
2
2
0
2
4
0
2
7
2
2
4
33
4
2
4
2
0
0
20
2
2
0
2
4
0
2
3
4
6
2
2
4
4
21
6
8
2
6
46
2
0
6
0
13
2
4
6
4
2
6
8
4
4
4
4
4
4
5
4
2
2
4
2
2
19
4
6
6
2
0
2
0
5
4
0
2
11
2
6
6
4
9
6
4
5
0
9
4
4
17
6
2
6
4
5
4
4
0
6
4
0
2
83
2
2
6
4
6
4
0
8
87
4
8
0
9
2
2
33
22
4
2
3
2
2
4
14
5
2
2
11
4
6
2
4
23
4
2
2
4
8
4
2
5
4
4
2
7
8
4
2
2
2
2
2
4
21
9
2
2
9
58
4
4
23
2
2
8
4
2
2
3
5
2
2
2
0
11
8
5
15
15
4
11
4
2
2
4
2
6
5
4
2
2
3
85
4
4
3
11
0
5
88
2
4
2
6
22
2
2
4
2
31
0
2
4
0
4
4
4
2
2
0
11
2
2
6
3
2
2
3
2
2
7
5
6
2
6
4
6
2
2
7
4
2
4
3
0
2
4
2
0
4
2
11
0
0
0
7
2
4
0
69
9
11
2
9
13
14
7
2
0
2
0
2
5
5
85
4
6
