11
8
13
2
5
8
16
8
9
10
13
4
4
8
10
6
4
2
8
3
4
4
8
6
4
6
4
4
4
2
4
8
2
11
6
4
4
6
8
8
4
2
8
4
6
6
2
4
8
4
54
2
6
2
2
0
2
6
0
4
2
4
0
8
2
4
6
3
2
0
0
2
4
0
2
2
2
4
2
0
2
2
0
6
2
0
10
6
6
6
2
0
2
0
2
0
0
0
4
4
0
2
2
4
4
4
0
6
6
2
2
2
2
2
0
4
4
2
2
0
2
2
2
6
0
4
4
2
2
2
6
0
4
0
2
6
2
2
0
2
4
0
4
4
2
2
4
4
4
4
0
2
2
74
2
4
0
2
4
2
2
2
0
4
4
2
0
4
0
2
10
2
2
2
6
4
2
6
2
4
4
2
0
4
2
4
2
0
0
2
2
2
4
2
4
4
6
2
4
2
6
6
2
6
2
2
2
0
2
4
0
2
0
2
2
2
2
2
0
0
6
2
2
4
2
2
2
2
4
8
0
2
0
0
2
2
2
2
4
6
2
0
0
2
4
2
4
2
0
0
2
2
0
2
4
0
0
2
4
2
2
2
2
2
0
0
0
0
2
2
4
0
2
2
2
0
0
2
2
4
2
2
2
2
4
2
0
4
