1
0
5
0
2
2
0
0
2
0
3
1
0
3
2
3
0
29
3
2
2
2
0
2
3
2
2
4
4
0
2
3
2
2
2
2
0
0
2
0
2
2
1
2
2
2
0
2
3
2
2
2
0
29
2
2
0
2
2
0
0
0
0
2
4
1
0
2
2
1
3
0
3
7
3
1
4
3
2
2
3
14
0
2
2
2
0
2
0
0
0
3
0
0
2
3
2
2
0
3
4
1
2
0
12
27
3
0
0
0
2
0
0
2
2
0
0
20
15
16
0
2
0
0
2
0
3
2
3
0
0
2
0
0
0
2
1
2
2
0
0
2
0
4
0
0
0
0
2
2
3
0
0
0
2
2
10
2
0
0
2
0
0
0
2
0
2
0
1
0
2
0
0
2
2
2
2
2
2
7
0
0
0
2
2
3
0
10
2
2
0
0
2
4
7
0
3
2
0
0
4
0
2
2
0
2
0
2
2
0
2
2
3
2
0
3
0
0
4
2
3
2
0
0
0
1
0
0
2
0
3
2
0
2
0
2
2
0
0
2
0
16
2
10
2
0
4
5
16
2
0
2
3
0
2
0
0
2
3
2
3
0
2
0
0
0
0
2
2
0
0
2
0
0
3
1
0
0
2
1
2
0
2
0
2
0
2
1
