11
6
14
15
28
9
11
13
17
12
71
26
19
15
16
6
15
9
11
11
21
9
37
12
54
40
17
49
6
4
11
20
15
2
20
17
37
18
4
7
20
6
19
17
7
7
17
5
2
9
13
7
4
7
14
9
9
11
9
11
13
9
0
6
11
9
15
5
4
17
6
7
7
5
9
7
9
9
11
9
10
9
9
7
4
11
6
7
9
5
7
7
11
7
0
4
4
17
4
7
5
7
4
6
7
2
0
6
6
6
2
11
13
6
7
7
11
17
13
6
7
9
11
11
4
59
7
17
15
6
9
13
9
15
7
7
7
7
18
2
12
20
7
14
9
11
9
7
7
7
5
15
13
22
7
2
14
13
9
7
11
13
17
9
15
13
9
6
7
7
4
6
9
13
4
15
7
9
7
4
6
11
5
9
12
9
13
9
11
9
57
17
6
15
2
11
11
9
11
6
18
4
11
6
6
11
9
11
17
26
9
7
14
0
20
11
2
20
11
11
4
6
7
13
7
15
15
5
25
11
7
19
6
15
9
9
4
5
34
7
7
13
9
6
10
13
9
4
11
2
0
2
22
4
2
9
9
2
2
4
11
10
2
7
2
0
0
2
2
0
2
0
2
2
5
7
2
2
4
0
4
0
2
4
5
6
6
4
