0
4
13
8
11
0
11
6
2
4
0
15
11
4
9
2
5
5
2
13
4
0
0
2
0
0
4
7
4
4
2
4
5
0
0
0
0
4
4
2
2
2
2
4
8
6
2
4
6
2
2
0
2
2
0
2
4
3
4
0
2
2
4
10
2
2
4
6
2
4
0
2
2
2
4
2
0
2
4
4
6
2
4
2
2
0
2
2
4
0
2
2
2
2
2
0
2
4
2
0
8
4
2
10
2
40
15
0
2
0
0
0
4
6
2
6
6
2
0
6
7
7
2
43
6
8
0
2
0
0
6
6
0
2
0
8
0
0
0
4
0
10
7
4
6
7
0
4
2
0
0
11
0
0
21
4
0
17
6
0
0
9
7
2
5
0
2
0
9
11
4
4
0
0
2
0
4
6
2
2
7
0
0
13
4
8
6
2
2
6
2
6
0
0
7
0
4
9
4
0
30
0
0
2
0
2
5
3
0
8
2
4
4
0
6
0
6
0
0
6
0
0
4
2
0
2
3
2
0
0
0
9
0
5
5
8
0
2
16
2
2
2
0
11
7
0
2
7
2
2
2
4
0
3
2
3
2
0
5
7
4
0
0
4
5
0
2
0
0
5
0
4
2
0
7
0
0
2
0
7
3
5
3
2
0
2
2
0
