8
0
7
12
10
8
10
10
0
9
6
9
10
1
10
34
8
12
9
11
6
9
0
10
0
8
0
10
7
48
0
10
8
8
12
8
8
1
10
8
9
2
9
8
9
20
9
10
24
39
8
9
9
10
10
30
8
5
13
9
8
14
7
24
15
8
6
9
7
2
8
7
9
8
15
0
0
9
8
8
12
32
10
9
8
9
19
5
10
9
9
10
9
0
10
10
0
10
10
10
10
7
12
12
7
8
16
10
10
10
13
0
12
10
7
6
0
0
0
10
0
17
9
8
8
9
9
10
11
7
9
9
10
8
7
34
0
10
15
0
7
5
14
0
8
24
0
53
0
17
0
9
0
3
17
7
24
7
10
5
10
8
8
10
8
8
8
12
8
13
12
10
15
10
0
10
5
2
10
7
7
0
9
10
9
15
8
9
11
9
58
10
9
10
12
22
0
7
0
0
9
9
0
5
10
12
10
15
7
10
9
8
8
19
10
9
10
7
7
9
0
2
1
17
9
12
9
6
10
0
10
9
7
7
0
37
10
0
0
9
0
8
10
5
9
8
12
9
19
9
6
0
31
0
9
2
8
0
5
10
3
2
3
11
8
3
5
2
2
0
9
5
0
5
3
2
5
0
2
1
3
6
5
6
0
7
2
0
