10
13
4
4
4
6
11
4
6
8
4
4
9
4
3
7
4
10
6
8
5
2
6
13
6
2
22
11
4
6
6
5
2
4
4
2
13
13
9
9
8
4
9
6
6
7
2
16
11
12
14
4
6
9
9
7
7
6
12
9
9
11
11
8
6
10
14
12
25
11
15
9
7
7
6
11
6
18
6
10
6
5
11
5
6
10
8
7
4
6
7
11
9
4
11
13
10
15
16
11
6
6
9
14
6
11
6
13
33
7
15
14
11
7
7
15
5
14
11
3
17
7
8
6
6
6
15
6
23
8
9
2
6
9
11
10
14
8
9
11
13
15
4
9
7
8
8
9
6
15
8
13
9
7
2
13
9
11
14
9
11
7
13
19
8
13
9
11
19
11
6
7
5
6
7
15
10
9
7
9
13
9
4
6
8
19
10
12
13
11
5
5
13
6
9
4
6
4
14
6
13
15
24
9
3
8
13
9
10
8
5
13
7
9
8
7
5
4
13
11
6
5
10
13
9
9
6
9
4
9
6
4
10
6
7
6
8
8
10
9
15
6
9
8
6
7
6
11
10
11
7
9
26
12
29
10
5
12
14
9
4
21
13
13
2
9
17
10
2
23
9
8
2
7
9
4
14
2
4
5
6
6
33
8
6
11
7
8
