4
4
6
5
9
5
32
6
5
4
10
47
4
4
48
2
2
3
2
6
3
42
6
5
7
4
4
6
6
4
8
4
39
4
5
37
3
6
6
5
6
2
9
30
7
4
12
5
6
4
35
2
3
5
47
15
5
7
3
2
2
6
4
6
6
4
2
4
3
4
31
4
2
7
7
5
40
5
4
9
6
5
7
4
6
5
4
2
7
31
6
4
4
4
4
3
5
4
3
4
9
2
7
4
50
9
3
3
2
4
4
4
9
9
39
5
4
9
7
3
6
3
4
9
10
26
2
4
4
5
5
5
4
5
2
21
6
6
4
4
7
38
3
2
29
3
9
4
7
5
9
42
9
48
47
11
3
9
7
2
34
54
5
5
9
8
4
7
2
3
44
7
4
2
7
4
6
4
4
4
46
38
3
5
2
2
10
4
4
40
4
5
2
2
4
62
3
2
59
6
2
9
9
3
2
4
2
2
4
2
7
1
4
41
4
3
4
6
1
8
19
4
5
33
4
15
2
2
10
24
24
2
17
24
0
4
2
21
22
1
4
21
28
2
2
35
2
2
30
4
23
4
6
28
5
3
24
2
4
5
4
23
8
9
6
7
8
29
4
0
4
2
3
4
6
32
4
7
5
4
2
2
30
2
2
9
9
5
