2
6
2
2
64
92
0
2
2
2
0
6
0
0
2
0
0
92
0
4
0
4
92
2
0
0
0
0
50
0
0
2
4
2
87
95
0
2
2
4
10
0
0
0
2
90
88
4
2
6
2
4
4
0
0
0
2
2
6
2
0
0
0
6
2
2
2
2
83
2
82
0
0
0
22
0
90
0
2
2
0
0
92
2
2
2
6
0
0
0
2
2
0
95
0
6
4
0
95
35
93
2
84
4
2
4
86
54
2
2
2
0
2
0
0
0
0
83
0
0
2
2
88
88
2
0
0
0
2
0
0
0
0
0
2
0
2
2
0
0
94
0
0
0
0
2
2
10
0
2
0
2
0
2
2
76
4
0
4
9
73
2
2
2
2
79
13
2
0
0
2
0
2
2
4
0
6
93
82
0
0
10
54
2
0
0
14
2
0
0
2
0
0
2
2
0
87
0
4
2
4
4
64
2
0
0
4
82
0
0
2
2
6
0
2
0
0
6
0
0
2
0
2
0
0
6
2
53
6
6
0
91
0
0
4
4
4
0
0
48
4
6
4
4
2
0
0
2
0
6
0
6
6
4
4
85
2
0
2
0
2
2
0
4
4
2
2
6
2
50
37
0
2
8
0
2
2
4
78
0
91
4
2
2
91
4
0
0
