2
9
2
2
2
2
0
6
2
4
6
2
2
4
13
15
2
0
4
6
2
2
2
4
0
2
2
2
0
4
4
2
4
5
2
8
4
0
2
4
3
2
2
2
2
3
4
2
9
3
4
2
15
10
2
2
6
9
2
4
4
2
2
2
0
2
4
2
2
0
5
8
2
2
4
4
2
2
4
6
2
6
2
4
4
4
4
2
2
2
6
2
13
17
2
8
8
4
6
2
4
2
2
2
3
14
2
8
13
4
4
2
2
4
2
2
4
4
3
6
4
4
6
2
5
4
5
2
12
4
2
2
8
4
8
6
10
6
5
4
4
2
2
5
13
3
4
6
0
2
2
2
7
2
2
7
4
2
2
3
4
13
4
6
2
6
13
15
4
11
15
5
2
2
15
7
6
6
6
6
4
11
2
4
2
2
2
2
2
2
9
2
2
2
4
2
6
4
4
2
6
2
0
2
2
4
8
2
3
2
3
0
6
0
0
5
5
2
2
9
2
2
2
3
13
2
4
2
4
2
2
2
2
2
6
6
6
11
2
2
2
2
4
2
4
2
2
4
6
2
2
2
14
4
2
2
0
0
8
2
4
6
2
2
2
4
2
4
4
2
0
0
2
0
2
4
2
0
2
2
2
2
2
2
4
2
2
6
