10
17
37
4
17
14
10
8
6
17
8
44
12
6
10
10
6
19
12
6
6
21
17
10
25
11
15
23
23
11
12
8
17
13
9
28
25
8
12
13
39
32
6
8
26
8
10
17
33
6
2
2
2
0
2
2
2
4
2
4
6
2
2
0
2
4
2
2
2
4
0
4
0
4
0
4
2
2
0
8
5
4
0
4
2
0
6
2
2
2
2
0
2
2
0
4
2
0
4
2
0
2
2
2
4
4
2
2
6
0
8
4
2
2
2
4
4
2
4
2
10
0
0
4
4
2
10
4
0
2
4
2
2
2
6
6
6
6
4
2
2
2
2
2
4
2
2
4
2
2
2
8
2
6
4
4
2
4
6
2
6
8
2
2
4
2
6
0
2
6
6
4
2
8
2
2
4
4
4
0
8
8
4
4
10
4
2
4
2
4
2
6
6
4
0
4
10
2
2
4
0
6
4
8
6
2
2
4
10
2
2
0
4
6
4
4
4
2
4
2
4
4
4
2
4
2
2
2
2
2
2
2
4
0
2
4
6
4
4
8
2
2
4
0
8
2
2
0
2
4
2
0
6
0
2
2
2
2
2
2
2
2
2
2
0
2
2
4
2
4
2
0
6
8
2
6
0
2
0
2
2
0
2
6
0
4
2
2
