3
3
7
3
5
17
3
0
3
11
3
7
5
5
36
7
11
7
7
7
5
2
5
7
1
5
13
3
11
7
3
3
0
2
7
9
15
5
5
5
9
5
9
7
2
5
3
3
5
0
11
3
9
7
9
3
0
3
5
3
15
7
0
2
5
3
2
5
5
9
5
3
3
7
15
9
9
5
3
15
5
9
2
5
3
9
9
2
7
7
7
3
11
9
7
2
3
2
9
2
3
7
29
3
9
7
15
13
17
11
11
13
19
27
31
21
7
9
21
15
21
25
13
29
17
11
9
15
25
13
21
17
17
17
25
29
15
15
23
17
17
15
19
27
29
10
11
11
25
25
40
29
23
11
19
23
19
11
39
15
17
15
19
21
25
17
9
19
25
19
19
15
21
23
23
15
15
21
31
17
27
28
13
23
17
17
15
9
19
13
17
5
29
22
23
25
23
13
11
19
17
11
17
20
19
17
23
19
27
11
23
9
11
13
30
17
13
9
13
11
15
25
19
23
3
15
21
13
23
7
13
9
9
3
2
5
3
11
7
5
9
3
7
3
2
7
5
13
13
5
2
7
5
5
5
5
3
7
3
7
3
5
7
11
5
5
11
1
3
5
2
2
2
3
7
5
9
5
9
9
5
11
7
3
3
7
2
3
