8
9
16
7
7
3
7
1
7
5
5
7
3
7
12
11
6
1
5
9
9
9
14
5
9
9
5
11
7
7
10
9
5
12
5
10
7
13
14
10
7
12
6
5
3
14
7
5
5
7
8
6
9
7
9
5
15
5
11
11
5
7
7
5
9
5
10
8
9
7
9
9
7
5
3
12
8
14
3
7
6
7
5
5
3
5
14
10
7
9
11
9
5
10
16
5
8
11
3
10
3
7
11
10
7
1
7
11
3
5
10
1
16
6
5
5
5
8
6
9
5
5
5
9
5
7
7
12
10
10
8
12
11
5
14
3
5
10
12
7
6
5
5
11
7
5
1
5
5
8
3
7
9
5
8
6
7
3
10
11
10
3
11
14
5
6
3
7
9
3
5
9
9
7
11
7
1
5
12
9
5
6
5
6
9
3
8
3
10
9
8
13
4
5
9
14
3
7
3
12
3
1
7
9
5
1
10
7
9
7
3
5
5
1
6
9
5
15
3
9
6
8
10
11
5
5
7
7
15
11
7
18
7
14
9
6
9
7
7
7
7
7
7
9
7
14
5
7
5
13
7
7
5
7
10
5
9
7
6
5
11
7
10
6
9
11
12
10
7
7
7
9
9
13
10
10
7
10
11
9
5
7
3
6
7
1
5
7
