42
4
23
20
6
1
25
28
1
27
15
2
30
54
30
33
43
29
15
27
7
25
29
51
31
9
18
38
27
4
13
7
35
10
4
4
23
61
5
37
29
29
27
10
29
44
21
4
8
32
39
30
2
2
15
24
4
24
4
14
40
17
35
2
22
32
22
7
22
39
2
2
19
6
38
29
11
10
29
1
34
44
2
42
21
20
40
0
12
27
4
48
44
25
26
43
53
14
37
25
3
10
34
11
34
49
22
5
38
41
17
37
1
2
29
39
42
20
38
36
33
43
34
39
23
32
28
1
30
57
45
36
40
48
41
34
23
21
2
26
29
42
10
6
7
27
56
34
5
16
19
19
24
25
44
35
58
47
17
4
24
2
29
33
32
36
37
30
23
19
35
5
11
25
5
42
45
44
5
55
23
19
30
2
19
32
7
29
32
31
30
44
40
11
2
38
24
22
34
4
49
16
60
37
32
49
47
6
17
29
27
2
43
7
47
17
4
37
13
2
20
31
4
41
4
22
33
5
16
33
45
2
2
15
33
54
4
36
42
34
10
24
12
22
37
13
2
47
10
50
55
72
43
35
57
30
4
34
33
4
38
33
25
40
31
37
21
32
20
11
9
22
25
21
5
41
8
34
41
2
1
25
26
45
46
28
17
17
