69
43
46
38
80
44
58
40
70
30
41
46
43
52
59
57
32
42
39
56
53
26
37
42
34
47
45
48
37
52
19
26
52
28
33
49
56
45
29
42
30
27
43
36
17
24
30
38
49
48
19
20
21
23
52
29
36
31
39
44
42
28
43
41
32
30
33
34
32
37
17
30
34
49
23
46
59
58
49
59
34
33
30
33
44
35
26
50
56
22
45
46
54
37
55
65
23
50
38
36
60
49
41
44
21
57
30
45
29
48
24
24
44
45
21
54
42
34
24
45
42
44
20
46
44
32
31
55
35
32
44
27
39
43
26
40
31
25
23
28
22
23
21
31
30
30
30
46
31
25
11
31
22
30
20
45
26
21
42
45
49
57
61
44
30
45
39
69
38
33
42
36
47
42
55
50
29
27
33
18
38
49
56
38
34
33
32
31
47
30
25
47
33
24
26
38
24
32
25
17
59
42
17
36
41
32
34
41
37
40
60
22
33
21
32
35
37
29
60
34
36
48
59
77
44
48
27
52
55
30
32
61
29
42
43
51
51
35
77
44
37
66
22
21
76
77
34
44
26
37
33
53
53
56
30
68
49
49
55
30
67
29
38
61
51
63
48
54
40
43
32
52
25
31
31
54
64
47
56
51
49
48
29
25
38
34
15
82
