4
4
4
13
1
8
24
11
5
6
23
4
11
15
4
3
1
6
6
1
20
9
6
24
3
11
11
5
9
4
5
23
12
13
17
3
6
3
3
27
18
8
3
3
5
9
13
7
11
16
13
1
10
30
8
4
1
10
8
6
10
5
3
11
5
4
4
7
10
3
19
4
17
6
41
5
3
5
6
8
44
19
7
20
11
23
13
15
8
16
6
13
41
22
5
22
3
1
5
6
94
3
6
16
27
8
7
23
0
4
5
3
6
1
33
10
5
24
9
11
28
4
18
15
4
3
25
3
14
3
6
11
14
6
0
45
12
16
11
3
1
3
5
1
4
13
19
5
3
2
1
1
21
19
19
6
3
4
3
1
8
19
7
61
4
8
20
2
3
1
5
1
5
0
31
25
5
3
1
10
21
7
4
5
3
3
1
0
9
5
0
1
1
9
6
28
2
1
2
1
35
1
4
63
2
0
42
2
4
1
0
0
48
23
1
3
24
18
0
10
19
2
6
0
3
36
5
1
6
15
7
4
1
3
3
2
4
4
4
26
4
3
22
2
15
1
1
1
0
1
17
3
1
9
5
7
4
0
3
3
3
29
1
3
30
1
5
1
0
1
18
7
4
5
5
3
0
7
2
7
5
3
3
2
12
36
0
6
