19
12
13
13
23
27
12
18
23
9
9
18
19
16
17
17
22
10
14
6
15
21
12
8
19
19
17
7
25
6
12
19
16
28
21
20
18
83
10
13
20
10
16
16
24
24
17
17
16
14
27
23
16
15
25
13
26
25
21
20
26
13
17
19
13
19
16
29
17
19
14
25
21
23
21
14
26
15
24
25
17
27
20
15
15
19
23
29
31
21
29
25
19
22
40
24
17
19
21
15
35
32
19
24
21
21
28
26
17
19
24
25
20
16
21
39
21
24
33
28
16
17
20
31
56
32
32
22
32
31
38
32
18
33
35
21
25
19
25
34
21
15
20
25
19
23
31
34
24
17
22
24
34
19
13
31
44
37
31
38
42
31
36
23
32
21
21
40
12
14
25
14
25
9
23
28
23
25
25
20
21
19
15
25
11
31
27
11
17
14
17
28
12
12
23
13
18
17
21
21
7
17
19
17
23
17
29
16
22
26
21
15
7
7
13
26
9
16
15
21
19
19
19
15
23
19
14
15
15
14
9
11
13
15
16
13
18
17
15
17
18
13
13
11
23
12
13
12
17
15
25
10
25
13
15
16
18
15
23
18
19
15
11
28
12
15
11
15
9
15
10
13
19
21
11
10
31
26
19
15
14
21
19
13
15
24
13
15
