0
75
93
0
0
0
76
0
0
54
39
7
9
0
77
93
79
0
0
93
2
0
43
95
0
0
0
0
89
0
72
0
0
75
0
88
0
0
0
74
72
11
70
78
0
17
2
53
15
0
0
0
9
75
72
0
45
72
0
91
0
0
0
91
21
0
68
93
0
0
0
0
0
88
94
93
94
0
82
0
86
95
89
0
0
91
80
15
0
0
0
73
0
0
0
13
0
0
0
7
95
0
0
0
90
80
0
0
93
90
80
0
17
32
0
0
0
93
91
23
0
0
95
27
0
74
76
95
94
25
74
21
0
94
91
88
38
0
0
0
68
0
43
0
0
64
0
0
23
72
0
76
72
0
0
78
3
82
75
0
0
0
0
72
0
76
0
92
95
0
29
91
56
70
76
75
0
33
0
0
64
78
31
84
0
70
14
0
0
0
0
0
27
0
0
76
0
0
0
0
76
0
68
0
0
90
71
79
29
64
91
91
0
2
0
0
0
93
0
0
0
0
95
0
0
31
70
95
23
69
78
38
0
51
74
0
66
85
90
71
0
0
9
0
0
70
0
93
0
0
0
0
75
0
13
0
92
31
0
90
84
58
91
0
91
86
75
93
89
72
0
0
70
93
73
89
3
33
71
24
0
74
0
0
0
0
38
19
