3
1
0
3
0
0
1
0
0
0
0
1
1
3
1
0
15
0
9
1
1
1
0
3
3
1
3
0
5
0
0
1
5
0
1
0
0
0
3
0
1
3
7
1
5
0
13
0
3
1
1
13
11
0
0
0
3
1
0
5
0
1
1
1
0
0
1
11
1
3
1
3
1
3
1
5
9
0
1
3
3
0
0
1
0
1
1
0
1
5
5
3
3
1
3
3
9
3
0
9
3
1
9
0
1
7
13
0
1
5
3
1
3
0
1
1
7
1
1
1
0
6
1
1
3
5
0
9
3
3
1
0
3
0
0
1
3
0
0
0
1
0
0
1
0
0
1
0
0
3
1
0
0
0
1
1
0
0
0
0
0
0
0
0
1
0
0
0
1
0
1
1
0
1
7
1
3
0
3
0
3
13
0
0
0
0
5
1
3
9
1
1
3
1
1
0
1
1
0
0
1
1
9
23
0
1
0
0
1
3
0
7
5
3
1
1
0
1
1
1
0
5
0
1
0
0
1
1
3
0
0
0
0
0
0
9
0
0
0
0
1
0
0
0
0
1
1
1
1
0
1
3
5
1
0
0
5
3
3
5
0
5
0
1
1
0
7
1
3
3
0
21
1
3
1
0
1
3
0
7
1
7
15
9
3
0
1
5
