6
7
15
12
15
10
9
13
13
6
11
15
17
13
13
17
17
17
10
13
19
9
4
13
15
11
15
15
11
13
6
15
13
7
17
8
13
13
13
15
11
13
13
13
9
11
17
11
15
11
15
13
7
13
9
13
15
11
17
13
13
13
13
9
9
7
4
9
11
11
17
17
11
9
4
9
17
11
7
15
13
9
17
19
15
15
11
13
11
13
9
13
13
8
11
13
15
15
11
13
7
13
6
17
15
6
15
11
15
17
6
11
19
13
13
13
11
6
13
13
13
17
9
11
13
17
9
15
15
7
13
17
13
17
11
15
15
17
8
17
11
7
13
10
15
17
13
17
12
15
8
17
11
7
8
15
9
11
6
6
8
8
8
15
13
13
15
15
15
11
13
8
13
13
11
15
13
9
19
11
13
13
13
10
15
17
9
15
15
9
15
15
7
11
17
17
15
19
11
13
17
13
15
17
11
9
17
15
15
7
9
8
9
9
13
10
6
13
13
11
9
17
9
15
17
9
13
19
15
15
11
15
13
13
6
17
15
11
15
15
3
11
11
13
11
7
6
13
13
13
13
17
11
15
15
7
17
15
11
15
13
10
19
15
15
13
13
13
13
13
10
13
15
4
15
11
13
17
13
12
15
15
9
15
13
9
17
12
