32
22
18
28
11
11
7
15
41
6
12
5
13
9
9
17
27
7
19
8
11
22
14
11
6
32
31
22
11
3
4
24
21
15
13
15
13
4
32
24
33
11
12
7
12
23
12
18
33
5
7
7
23
7
11
6
22
21
8
9
22
16
16
16
11
11
13
23
13
27
19
24
12
14
12
26
21
20
23
21
14
28
19
18
8
29
3
22
21
20
6
11
14
33
22
23
13
19
29
16
15
23
21
10
7
10
24
20
12
25
17
23
26
28
31
30
36
6
16
31
10
27
16
9
11
5
18
24
21
10
3
34
34
32
28
17
23
24
33
9
24
21
10
21
25
16
28
13
11
24
22
25
33
18
34
8
13
22
5
26
28
28
24
23
31
18
13
11
10
15
9
4
27
9
24
25
20
22
9
22
24
26
20
20
23
27
27
22
21
27
29
27
21
27
14
30
10
26
22
28
25
29
24
8
9
22
19
26
17
39
27
28
10
28
24
17
17
27
28
31
20
8
16
27
26
23
31
33
29
10
32
36
24
25
29
20
9
31
25
29
16
28
15
6
17
22
25
27
20
19
7
9
6
17
29
28
15
17
24
6
16
19
21
10
22
17
27
24
26
46
16
7
14
12
13
14
16
5
22
19
11
3
21
25
30
25
38
35
