7
13
5
1
0
3
0
5
0
5
1
0
1
1
1
7
7
1
0
91
0
17
1
5
97
5
1
0
0
0
0
5
3
5
1
0
1
16
5
0
0
0
0
1
0
46
0
5
1
5
0
0
0
0
0
0
0
5
0
0
5
17
0
0
0
5
1
7
0
0
92
0
0
3
0
5
1
79
0
0
9
1
3
5
1
3
5
0
0
5
7
0
0
0
9
1
5
0
0
3
0
1
9
1
1
1
0
0
3
0
7
1
1
7
1
93
3
1
3
13
1
1
3
5
1
89
8
1
0
9
1
5
5
1
3
1
13
5
0
0
7
3
5
1
1
7
0
1
11
8
4
1
0
1
5
3
13
5
0
9
3
1
1
1
1
1
64
0
0
1
7
1
1
7
1
1
7
1
1
7
5
5
5
5
0
17
0
1
1
7
1
1
7
7
0
1
3
0
7
5
1
0
3
3
5
3
1
0
3
1
1
3
1
1
1
0
5
7
5
48
5
1
0
8
5
7
5
0
1
3
0
0
7
1
9
3
1
1
0
9
3
0
1
11
1
5
1
5
3
3
0
3
7
0
1
8
5
1
1
0
7
1
5
1
1
1
95
5
5
78
0
1
1
1
3
1
0
1
0
1
1
1
0
1
0
15
7
5
