27
18
24
24
17
19
25
20
21
24
20
30
10
19
20
20
29
6
20
8
19
25
22
24
9
19
26
19
19
7
24
19
20
19
11
27
20
23
19
10
20
24
26
21
10
21
19
21
17
18
17
24
8
24
11
23
16
8
20
21
20
21
19
23
13
22
18
23
7
17
23
27
26
5
26
23
24
21
9
22
24
21
24
7
22
24
21
19
20
22
20
8
24
19
21
20
7
15
19
26
17
24
18
15
11
19
10
11
25
27
22
24
19
17
21
6
18
16
21
16
18
17
17
22
24
26
14
18
10
20
23
10
10
30
21
19
19
20
22
18
22
13
12
24
27
8
21
14
10
10
23
5
11
18
9
20
19
25
13
19
23
14
10
14
9
21
22
24
24
18
8
21
20
8
22
22
8
17
26
21
13
21
22
8
11
34
20
17
9
13
23
8
16
21
14
23
17
18
9
23
25
18
23
8
11
23
17
20
8
21
18
23
19
8
18
20
20
18
17
17
26
16
23
6
23
17
21
21
8
18
14
16
23
9
22
26
18
29
25
16
22
29
19
15
17
6
19
25
11
18
18
10
18
20
20
23
21
6
19
29
20
19
15
26
19
24
24
17
19
7
19
17
20
21
24
12
7
22
10
21
24
22
20
8
20
19
16
19
