3
3
3
0
1
0
5
0
1
1
0
20
26
0
5
0
20
24
3
1
1
1
5
7
3
3
0
1
1
3
3
9
3
5
26
23
22
25
27
0
3
1
3
1
5
3
5
1
1
0
0
3
1
3
3
1
19
23
21
21
30
32
5
9
1
1
3
5
5
7
3
0
1
3
0
1
1
1
1
26
1
27
28
40
0
0
3
0
1
1
3
3
5
3
0
3
0
26
21
28
1
3
11
1
1
3
3
1
1
1
7
11
1
1
5
36
0
33
34
20
3
1
1
3
3
3
1
0
3
1
1
5
1
25
22
34
22
28
0
3
7
3
1
5
1
3
3
7
3
3
6
3
1
5
3
22
24
26
25
31
0
1
5
0
5
1
1
1
3
1
3
1
30
7
24
32
24
1
3
7
3
1
0
0
0
1
3
3
3
5
0
0
1
9
25
23
5
0
5
3
3
1
1
5
5
3
1
1
5
1
5
27
29
24
28
28
0
5
5
3
3
5
3
3
5
5
3
0
26
24
32
26
18
26
5
5
3
1
3
3
9
1
3
1
1
9
3
3
1
1
25
27
26
26
3
23
3
3
1
1
3
1
5
1
1
1
5
0
7
3
1
3
5
0
16
26
25
23
3
3
1
1
1
1
1
1
5
0
