11
8
11
25
15
23
11
8
17
15
13
10
13
15
6
6
9
13
10
13
10
17
15
6
12
15
23
12
15
12
8
17
6
13
6
17
6
10
8
15
10
6
12
10
6
11
2
6
19
15
13
10
21
8
6
6
10
17
10
11
12
21
11
13
11
15
10
8
13
6
21
10
12
19
8
8
11
15
8
10
8
8
6
61
13
17
6
8
8
15
10
4
10
6
19
8
8
9
17
8
13
13
6
17
23
15
8
13
10
11
15
8
21
23
15
15
17
11
10
19
15
10
23
10
33
10
13
13
10
10
15
8
13
15
11
17
17
10
17
9
17
21
10
21
23
13
27
11
15
13
23
17
19
11
21
10
23
21
15
8
15
25
15
19
15
21
23
19
13
17
11
15
42
15
6
17
6
11
15
13
17
48
17
21
29
13
17
65
15
25
11
31
17
17
11
25
10
13
31
23
19
8
25
8
36
25
8
19
13
17
13
23
21
15
13
15
10
57
11
10
23
10
21
27
15
21
17
8
12
27
19
27
17
17
13
13
4
13
25
19
13
30
25
15
17
8
23
19
12
15
17
15
13
8
21
13
8
10
12
10
10
15
10
19
12
17
13
6
9
12
10
10
27
6
19
19
10
11
10
13
10
4
17
10
4
13
6
12
