19
46
8
19
19
8
58
10
23
35
10
11
6
6
31
12
6
8
8
8
4
40
8
12
6
6
8
10
4
8
6
8
8
13
6
15
6
10
8
15
12
6
10
10
10
8
15
10
10
12
2
6
12
4
6
10
4
6
10
12
12
10
10
8
10
10
17
10
13
6
8
15
27
8
17
21
21
15
17
10
13
8
13
21
27
8
19
12
10
17
6
19
15
10
17
15
17
15
15
35
10
21
21
15
13
15
17
15
13
17
23
23
25
13
13
21
10
19
13
17
10
21
21
21
17
25
12
12
13
13
31
35
12
8
19
27
19
10
21
25
17
29
29
29
31
17
17
29
15
25
17
17
17
21
21
31
27
17
33
56
35
27
25
13
21
13
21
42
10
10
17
13
10
33
23
10
10
12
35
21
36
44
12
13
8
46
52
23
33
10
27
8
12
36
13
31
25
19
27
21
6
15
15
15
25
33
38
33
19
17
40
17
63
10
37
12
31
94
56
12
19
13
12
15
27
12
10
92
11
23
15
13
33
25
17
25
6
12
10
8
28
8
35
4
12
4
10
12
12
6
8
8
8
8
12
12
8
10
13
4
6
12
8
12
8
8
8
8
6
6
6
6
8
6
8
8
8
6
6
8
4
8
6
10
8
10
10
8
