2
2
2
0
6
10
4
2
0
0
4
4
4
0
2
6
2
0
2
4
6
2
6
2
2
6
10
2
0
8
6
6
2
6
0
4
4
2
4
2
4
4
0
2
2
4
2
2
0
6
4
6
2
0
4
8
2
6
0
2
2
8
6
2
2
2
4
6
4
4
0
6
6
6
2
2
0
8
6
0
0
2
0
8
2
2
2
4
4
2
2
6
4
8
6
4
2
2
6
6
0
0
2
4
2
4
4
2
4
4
4
0
2
0
0
2
2
0
2
0
4
8
2
2
0
4
10
0
6
0
6
6
2
0
4
6
4
0
0
0
2
4
2
2
2
8
12
2
4
2
4
4
4
2
0
0
2
6
4
0
2
0
4
2
2
2
0
6
6
2
0
4
2
2
0
2
4
4
2
2
0
4
2
4
2
2
4
6
2
2
4
2
2
6
6
2
2
2
6
4
4
4
2
4
2
2
2
4
0
6
4
6
4
0
0
0
4
0
4
4
6
4
2
2
2
10
2
6
2
2
4
4
4
2
0
2
6
4
0
2
4
2
4
6
2
2
6
2
2
2
4
6
6
8
2
2
12
2
0
2
0
2
0
2
2
0
2
4
4
2
0
2
2
4
6
2
0
2
4
4
4
2
0
4
6
2
2
8
