48
36
36
32
48
47
44
41
44
46
33
32
32
31
44
43
30
47
45
45
45
85
47
37
59
26
32
25
35
44
32
45
44
31
28
44
34
40
46
33
42
48
45
45
45
33
20
37
34
29
30
30
30
39
32
43
44
39
19
41
45
35
43
32
24
35
41
44
50
31
34
41
34
29
48
30
44
31
48
43
42
36
41
47
44
35
41
33
41
37
45
45
46
43
44
40
30
31
46
23
30
37
33
46
56
39
47
45
44
50
38
25
26
43
43
45
38
43
33
33
40
31
44
31
33
32
33
34
43
48
37
34
30
33
46
33
31
41
40
48
29
43
20
33
30
35
32
28
35
47
26
44
41
41
24
43
39
37
43
40
24
44
32
75
33
31
24
33
43
33
29
31
31
32
45
47
25
34
33
38
26
29
30
45
32
33
53
45
45
39
32
31
45
31
27
31
33
46
45
31
43
34
33
37
34
33
37
31
32
43
32
46
37
47
31
42
43
30
42
31
29
44
31
25
46
32
33
38
48
33
45
32
32
37
41
45
45
43
35
31
28
36
28
30
41
42
44
37
33
45
48
45
31
29
45
34
31
45
46
39
39
45
45
46
46
27
49
33
35
30
47
38
47
46
47
39
41
28
30
35
24
48
47
36
34
39
25
28
