13
7
9
7
7
11
7
5
7
9
11
3
7
9
11
7
7
11
11
1
7
11
9
7
5
5
7
9
7
9
5
7
7
9
9
7
7
9
5
9
7
11
5
5
5
7
5
9
7
9
5
9
7
5
9
7
5
1
5
11
5
5
7
7
9
3
7
7
7
7
7
13
11
9
9
11
9
7
7
13
9
9
3
9
5
9
11
9
3
11
7
11
11
11
11
1
7
7
13
1
9
9
7
7
11
7
7
9
5
7
11
13
11
7
7
9
3
9
5
5
5
9
11
11
7
9
5
15
11
7
9
3
3
7
11
5
7
7
9
9
7
1
3
9
11
9
11
5
11
9
5
1
1
9
9
7
13
7
7
7
13
9
9
9
5
5
5
5
9
11
11
11
7
12
5
5
13
9
7
9
9
7
11
7
9
9
9
9
9
9
7
9
9
13
7
3
7
5
7
9
5
11
9
7
9
9
9
5
9
9
7
3
9
7
7
9
11
9
7
7
11
7
9
11
9
7
3
9
7
5
11
5
7
11
5
9
11
7
7
5
13
9
7
7
3
11
9
9
5
3
9
7
12
9
3
11
9
7
7
3
5
9
7
13
7
7
7
9
9
5
7
9
9
9
7
3
9
7
9
5
13
11
9
5
3
5
3
5
