1
9
7
7
1
1
5
9
1
1
0
0
1
7
1
1
3
5
5
1
11
9
3
3
3
7
9
1
0
0
0
7
11
11
0
1
1
0
9
1
1
0
3
1
0
0
1
3
1
7
7
0
0
0
1
9
3
0
3
5
9
7
0
3
3
9
0
3
3
1
0
0
1
1
1
11
11
11
9
3
7
7
1
0
45
0
0
0
0
7
9
5
1
0
1
0
5
44
0
1
7
1
7
3
0
38
1
11
28
0
5
5
0
13
1
0
0
1
0
7
0
1
1
7
25
1
9
1
0
1
1
5
3
41
0
1
1
5
0
1
7
0
15
0
0
5
0
0
7
1
1
1
0
1
9
0
1
5
1
0
11
1
15
1
92
0
5
5
3
21
11
9
3
9
1
1
1
7
0
7
7
5
7
9
0
5
1
41
1
11
11
3
94
7
7
1
0
3
9
9
34
1
3
0
9
41
1
0
3
0
1
1
1
5
5
1
11
5
0
1
7
0
1
0
5
3
1
5
1
1
0
1
7
0
38
1
1
33
0
9
5
1
46
3
1
5
7
7
7
9
3
1
7
7
1
9
1
1
1
1
13
1
11
13
3
9
1
7
0
9
11
1
1
44
9
7
1
1
5
0
3
15
1
7
1
1
0
11
