3
5
5
0
16
0
1
5
3
1
5
20
1
0
3
3
3
30
9
3
1
1
1
3
1
5
3
3
1
31
3
3
1
3
20
3
3
3
5
3
7
1
5
3
5
5
0
7
5
1
1
1
1
16
0
3
1
9
3
0
1
0
1
1
27
23
65
1
1
1
3
1
3
3
1
3
1
3
1
0
5
5
3
1
1
1
3
1
1
3
3
1
5
5
3
3
3
3
1
1
22
3
3
3
1
3
1
1
1
9
3
9
5
0
9
3
3
3
0
3
3
3
0
3
5
1
3
3
1
7
26
3
5
1
3
5
5
1
3
1
3
3
78
1
1
16
3
1
44
7
3
1
21
1
3
3
3
5
5
0
1
1
0
0
1
34
7
1
1
1
7
3
5
5
1
1
0
1
3
1
1
1
5
1
1
30
1
3
0
3
1
0
1
1
3
0
1
1
0
3
1
0
1
0
0
5
1
0
1
1
1
5
0
0
3
1
1
22
1
1
3
0
1
1
1
3
3
1
1
1
7
0
5
5
3
1
1
1
18
1
3
5
1
1
9
1
1
3
1
1
0
5
1
3
1
1
1
0
1
1
3
11
1
0
1
1
1
1
0
5
0
0
5
0
22
1
1
53
0
3
5
1
5
65
0
0
3
1
