36
7
5
22
12
10
9
7
10
6
5
7
21
5
8
19
6
7
29
5
5
24
28
4
5
25
16
5
8
23
4
7
34
20
22
7
7
25
4
8
29
24
5
30
33
7
4
27
27
5
7
25
9
4
27
5
7
24
23
23
8
27
27
28
8
22
15
18
9
6
25
9
4
8
16
8
6
12
24
25
5
6
27
23
8
7
27
4
7
28
7
6
28
23
27
6
6
11
28
27
6
25
4
5
6
8
5
7
8
17
7
3
21
17
7
6
5
5
3
6
20
16
21
23
5
5
9
28
30
4
8
24
19
27
5
8
27
9
16
5
4
19
20
4
18
35
4
12
33
5
7
8
27
17
6
9
7
23
29
5
26
26
7
6
33
19
10
5
26
6
4
11
8
10
13
22
2
2
21
24
6
5
7
5
5
30
32
5
7
20
5
7
23
22
5
33
36
8
8
10
23
31
6
8
34
6
34
8
7
12
6
7
6
5
4
23
9
7
26
8
5
7
27
28
4
16
20
4
6
23
7
8
23
5
5
12
5
3
20
25
5
4
28
25
6
5
10
24
5
23
21
5
7
28
5
27
28
4
14
33
5
36
6
7
10
9
6
28
27
8
5
8
31
7
37
7
15
30
7
34
7
5
31
4
7
35
7
5
