18
17
16
15
18
18
18
17
17
17
16
18
16
19
18
17
17
18
17
18
18
18
16
18
18
17
16
16
15
18
18
18
17
15
18
18
18
18
18
15
17
18
18
17
18
16
18
16
16
17
17
13
17
17
15
18
16
16
17
18
15
16
18
12
18
17
17
18
17
16
17
18
18
18
18
10
17
16
17
18
17
16
18
11
15
18
17
16
18
17
16
18
18
17
17
18
17
18
18
14
16
18
15
17
16
18
14
17
18
16
16
17
17
17
18
18
17
18
18
15
17
18
14
13
17
18
17
18
18
16
18
18
18
18
18
15
18
18
18
17
16
18
17
17
18
16
17
16
16
18
17
17
15
18
17
18
18
16
15
16
18
18
18
16
17
17
18
17
18
14
14
15
18
16
18
17
17
15
18
15
16
14
13
13
18
17
16
16
18
17
16
17
17
15
18
15
17
18
17
16
18
18
18
16
19
17
18
18
18
17
18
18
16
16
17
18
17
16
18
16
17
18
16
18
18
16
18
18
14
18
18
17
17
18
14
17
15
18
18
17
17
11
18
18
18
17
17
17
18
17
18
17
16
17
18
16
18
17
18
18
18
18
17
16
18
18
16
17
17
17
18
18
18
18
16
17
17
18
18
17
17
15
18
17
18
18
17
16
