0
4
10
4
2
0
0
8
4
0
0
2
6
0
0
4
2
4
4
0
0
2
2
79
4
6
0
0
6
99
4
0
0
4
0
6
2
6
0
0
0
4
0
2
0
2
0
8
0
4
0
0
8
6
0
0
0
0
6
0
6
0
0
4
7
6
0
6
0
0
8
4
0
0
0
0
6
6
2
0
6
8
2
0
0
2
0
0
6
0
0
0
0
8
4
0
0
2
6
0
2
0
0
2
6
2
6
0
8
8
8
0
4
0
2
2
8
4
0
2
4
8
4
2
4
6
2
0
2
4
2
0
0
4
0
2
10
2
4
2
2
0
2
0
4
0
0
0
4
0
6
0
6
2
2
83
6
10
81
0
2
8
0
0
4
10
0
4
2
6
0
0
4
6
2
0
0
6
4
8
4
0
4
4
0
6
45
0
2
8
8
4
4
4
6
2
6
2
0
0
6
4
6
0
0
4
0
0
7
6
0
0
99
4
2
6
0
4
6
6
6
0
0
0
2
8
6
8
0
2
0
2
4
6
2
2
2
0
8
0
4
0
0
2
2
4
0
0
4
2
0
6
0
10
2
4
4
2
2
0
10
6
0
2
2
2
2
0
4
2
0
8
0
0
6
0
0
0
10
2
0
0
4
2
0
2
2
0
