1
4
10
9
0
0
6
9
9
0
5
1
2
0
2
9
9
7
12
3
0
8
0
8
0
3
0
0
0
4
7
7
7
4
9
0
0
5
0
11
12
15
0
12
13
0
7
0
6
0
7
9
11
5
15
9
10
9
0
0
0
6
0
1
0
0
11
12
13
0
25
5
9
9
9
17
21
0
26
19
6
10
13
0
8
0
0
9
13
0
13
1
17
11
11
0
0
7
1
11
12
0
15
6
14
0
6
7
3
0
11
6
13
9
11
11
10
12
5
2
6
0
7
0
11
51
19
9
17
10
3
7
5
4
5
10
0
8
17
16
7
5
7
6
1
6
15
0
7
20
21
20
12
15
0
6
1
7
0
10
1
0
13
16
11
0
10
7
1
0
18
6
12
0
14
12
15
2
5
5
6
0
10
13
27
0
2
11
0
8
17
5
8
0
11
13
10
22
27
12
1
11
10
9
0
7
0
0
7
23
14
10
11
17
14
6
6
8
0
41
8
54
18
42
10
20
8
0
7
8
10
18
9
18
18
12
10
20
6
8
0
7
14
0
10
0
3
0
6
13
12
0
0
32
16
9
8
24
10
21
19
9
12
6
7
15
9
0
19
0
17
22
34
18
9
8
1
0
18
19
0
33
34
24
5
8
14
7
