0
0
7
5
2
0
5
2
9
8
13
0
6
7
9
5
0
0
8
7
8
79
0
4
4
6
4
4
8
2
4
0
10
4
5
2
4
5
6
6
10
9
0
13
4
4
8
8
9
6
8
2
6
2
2
2
11
8
6
2
2
8
10
2
4
2
2
6
8
4
0
4
2
2
15
2
2
5
2
9
6
7
2
0
8
4
2
8
6
6
4
6
4
0
0
8
6
2
8
0
4
5
9
0
0
0
0
6
6
45
4
6
8
6
8
2
6
7
7
7
6
7
8
6
10
17
2
2
2
7
7
4
4
8
6
2
2
6
2
7
8
6
5
7
8
6
7
7
2
0
2
8
4
2
6
6
9
7
5
0
9
4
15
7
12
10
2
4
2
8
2
4
2
4
2
4
8
6
5
0
6
6
11
6
9
2
5
2
2
9
2
6
0
0
10
7
4
6
0
2
7
6
10
7
8
2
8
7
8
7
8
6
4
4
8
6
8
8
2
5
5
9
8
0
4
2
0
9
9
4
6
4
8
11
0
7
4
8
6
6
8
0
0
9
6
6
2
0
10
9
5
6
6
4
6
12
7
7
0
4
4
4
4
32
0
6
2
12
6
6
0
8
7
0
7
4
8
10
6
6
2
6
4
4
0
5
6
2
