15
8
6
12
6
19
12
6
15
14
15
10
27
10
4
11
8
17
4
12
4
14
29
19
8
15
6
12
10
16
19
19
13
13
23
4
4
8
10
16
16
14
6
23
11
10
8
10
21
13
6
10
8
10
19
12
15
8
12
12
4
10
21
19
4
12
14
29
13
18
27
25
13
6
4
16
27
8
29
12
11
13
4
6
17
12
18
14
8
15
12
11
17
17
10
16
12
8
10
10
21
16
33
8
15
19
12
6
6
8
18
19
14
14
21
19
6
27
12
8
14
29
23
15
19
27
22
15
6
6
15
37
25
23
23
2
20
8
12
6
17
23
13
21
23
16
23
29
21
10
22
43
15
21
29
29
60
4
6
8
4
43
12
6
6
10
6
12
6
2
12
8
10
6
4
11
4
4
8
6
10
8
10
6
14
14
8
4
6
4
2
10
10
10
6
6
10
4
12
12
10
10
2
12
6
8
4
12
8
10
6
2
10
10
6
14
6
6
6
10
8
8
9
8
6
8
12
12
6
8
8
12
14
8
21
15
6
10
17
19
23
13
15
10
15
12
14
19
11
13
23
11
8
21
33
18
18
16
6
13
10
16
19
19
23
12
10
8
10
14
12
11
19
12
8
10
23
21
14
27
10
15
4
13
10
12
6
16
