6
4
5
4
0
2
31
4
2
0
4
6
85
4
4
0
0
6
6
4
4
0
0
6
0
6
8
4
2
4
4
4
4
4
4
0
6
2
2
4
4
2
10
0
2
6
0
2
0
4
6
4
2
2
5
0
4
4
2
0
4
0
6
6
0
4
4
2
4
4
4
0
0
0
0
0
2
4
0
0
4
2
2
6
2
8
7
2
2
10
6
0
2
6
2
95
2
2
6
0
6
3
4
4
2
0
0
6
6
0
2
0
0
0
6
2
4
4
33
4
0
6
2
6
4
4
3
8
2
4
6
4
0
4
4
2
6
4
2
4
8
8
6
8
6
4
2
5
2
0
2
2
2
6
0
4
0
3
4
0
0
2
57
6
0
4
2
2
0
3
0
4
2
12
4
5
0
2
0
6
4
0
0
3
8
6
8
4
2
8
4
4
4
6
0
0
4
4
4
4
4
0
6
2
4
0
0
0
4
6
2
2
0
4
2
0
6
2
2
2
2
3
8
8
4
2
2
6
9
2
0
2
6
8
86
4
4
6
0
5
4
4
0
8
2
0
4
5
0
0
5
2
4
4
2
4
10
0
0
4
6
2
4
2
6
2
8
71
6
4
4
2
10
4
6
6
6
4
4
7
2
8
4
0
4
0
6
5
