5
0
3
0
0
1
1
0
0
7
0
0
3
1
1
3
3
0
3
1
1
0
0
1
1
0
5
1
0
3
3
1
0
1
5
1
1
0
0
0
0
0
1
0
1
5
0
1
3
1
3
0
0
1
1
0
0
0
0
1
3
3
0
0
0
1
5
0
1
0
0
11
1
0
0
1
0
5
57
0
1
1
0
1
0
1
0
0
0
1
3
1
0
0
1
0
1
0
0
0
1
0
1
3
0
1
5
0
1
0
3
3
0
0
3
0
5
1
9
0
0
1
3
3
3
0
1
1
0
1
3
1
0
0
1
1
3
5
0
0
7
7
3
0
0
1
3
0
3
5
3
1
1
0
3
1
0
1
0
0
3
0
1
0
1
0
1
1
0
1
1
7
1
3
0
1
5
1
3
3
3
1
7
21
0
1
0
1
1
3
5
5
5
3
1
3
1
3
1
3
0
3
0
0
1
0
1
3
1
1
1
1
0
5
1
0
3
3
1
7
0
0
0
1
1
7
0
1
3
1
5
0
3
0
0
1
1
0
0
0
0
0
1
0
0
0
0
3
5
3
1
3
0
5
0
3
1
0
0
0
3
0
5
1
0
3
0
1
0
3
0
1
0
1
1
1
3
0
0
0
1
5
1
0
1
0
0
3
