2
4
6
0
0
6
33
29
34
29
31
93
6
0
49
10
2
2
4
11
32
0
38
51
8
6
60
6
4
70
6
19
60
31
6
66
52
0
0
0
4
2
4
17
19
29
17
6
17
5
2
72
7
4
34
31
16
49
2
42
52
8
4
4
0
4
12
16
38
11
37
67
2
95
4
4
4
34
54
30
36
32
23
2
77
2
10
57
6
2
8
21
29
48
32
4
43
2
2
6
6
4
23
55
39
15
33
27
65
8
8
10
42
2
46
27
0
15
34
38
4
63
6
4
2
2
26
27
18
36
26
28
4
4
0
4
32
4
46
22
32
40
39
27
10
39
2
4
49
0
31
46
39
9
23
39
4
2
85
0
2
23
48
34
47
28
19
29
49
2
56
6
2
4
26
36
32
4
27
20
71
0
4
6
6
4
2
34
32
37
15
6
4
69
4
2
41
2
16
43
44
16
20
0
0
2
61
2
2
36
31
17
26
15
22
0
2
2
0
6
8
0
55
76
26
32
33
2
0
2
4
2
6
50
31
25
22
29
27
5
2
6
53
49
37
4
63
40
4
35
39
2
2
83
2
8
92
4
2
71
4
4
31
6
2
63
4
2
6
2
2
28
2
2
55
2
6
2
2
11
2
61
2
30
26
0
2
67
