63
58
66
58
6
8
28
4
56
4
71
58
51
55
52
59
71
34
95
33
50
6
49
0
53
83
55
6
57
2
83
32
28
36
55
56
59
56
60
59
30
2
56
51
71
6
38
32
51
0
59
63
8
94
62
49
4
6
75
6
52
52
63
86
56
54
84
57
6
51
8
2
91
89
56
6
76
60
6
55
80
71
54
82
62
57
89
60
8
36
49
42
77
83
59
63
80
57
10
8
8
49
55
0
4
4
59
55
58
51
58
83
57
89
40
67
10
52
51
67
83
81
88
0
60
12
53
59
6
6
47
6
44
83
50
55
43
8
60
4
57
66
69
54
60
83
79
10
30
6
2
6
63
74
60
54
53
87
6
87
50
55
59
48
0
4
51
53
6
64
90
10
48
50
46
6
52
41
56
2
62
8
44
80
48
48
6
2
53
64
56
53
6
54
83
4
49
65
6
4
77
51
8
6
41
60
4
61
8
31
6
33
69
6
8
48
88
53
51
57
4
58
19
75
86
4
78
57
58
39
55
56
6
53
6
6
28
74
58
28
42
6
69
58
57
4
2
57
53
10
40
53
79
14
55
6
8
6
4
59
77
4
57
70
64
45
57
57
32
17
77
76
25
73
6
51
85
56
55
49
61
59
28
54
66
4
54
58
