0
1
7
7
1
3
1
1
6
5
0
0
0
3
1
5
3
3
10
0
1
5
1
3
3
1
8
6
5
3
1
3
1
6
1
0
9
3
16
0
7
5
3
1
5
1
0
3
0
7
5
1
0
8
3
0
4
1
3
3
7
12
5
1
1
5
3
5
3
6
9
3
3
3
1
0
1
5
5
5
3
3
13
5
3
5
5
3
0
5
7
6
6
5
1
3
0
24
0
0
1
5
8
1
6
3
3
5
5
8
7
10
0
3
3
1
8
0
1
5
1
3
3
10
10
3
5
3
10
3
5
3
10
3
10
1
3
3
6
7
6
12
6
1
7
3
3
1
3
6
1
3
3
1
7
13
5
9
3
1
3
3
3
8
10
1
7
8
15
1
3
1
5
7
1
1
0
10
8
8
9
7
7
5
10
5
3
3
6
9
10
1
10
6
0
0
12
0
3
0
3
1
3
3
5
1
3
3
7
3
1
3
1
3
8
0
8
3
15
10
8
5
1
3
1
5
5
9
10
0
1
0
5
3
0
0
0
6
1
3
5
1
1
6
7
1
5
3
4
8
3
0
0
3
5
3
1
0
3
8
5
3
3
8
3
6
5
7
7
10
1
1
10
6
6
1
1
1
3
3
0
28
0
5
5
3
1
5
