5
6
7
36
1
3
5
5
6
7
45
1
7
3
3
1
7
8
7
7
7
40
3
1
47
3
3
28
3
5
3
33
11
6
3
7
3
3
7
1
3
56
3
6
48
7
3
60
3
3
3
3
3
4
61
3
5
7
1
41
1
5
43
5
6
3
46
5
5
3
3
5
8
12
5
3
5
6
5
7
3
38
5
8
3
1
5
6
47
3
5
42
4
6
5
5
7
8
5
6
1
43
3
10
16
37
33
7
8
12
7
6
3
3
11
3
6
5
3
1
4
4
1
5
4
1
3
16
9
34
3
3
5
5
1
3
1
5
3
7
3
3
1
6
3
1
5
5
56
37
3
5
5
3
5
5
1
5
8
6
8
10
3
3
47
3
35
5
3
7
5
5
5
10
5
1
6
3
1
3
3
10
5
34
3
5
3
3
7
6
5
3
3
17
1
5
8
1
7
3
1
3
8
70
5
5
6
1
5
3
38
3
5
60
5
3
5
1
3
6
1
1
1
7
17
7
3
7
0
9
6
1
3
4
3
3
0
3
3
3
3
3
26
9
43
1
5
1
14
6
6
5
1
5
5
5
1
5
38
1
1
5
3
3
3
3
3
0
68
0
1
1
1
3
3
3
7
9
3
1
7
5
1
3
7
11
5
3
