15
6
10
10
17
15
10
8
8
8
11
8
8
12
4
12
13
14
8
0
13
2
8
8
6
6
6
13
17
8
14
10
8
8
8
15
15
10
4
10
8
10
6
8
15
14
8
8
8
6
8
2
6
12
8
15
2
15
13
12
6
12
15
6
15
10
8
6
14
10
6
17
10
12
21
6
19
13
6
15
10
10
12
10
12
13
19
8
14
19
8
12
10
15
12
10
0
10
6
12
12
15
6
10
15
17
10
4
21
4
13
19
12
15
31
15
15
13
12
17
15
12
17
12
19
17
13
19
17
13
12
21
21
23
25
19
17
14
27
21
12
29
6
15
19
12
8
17
13
25
21
19
19
21
14
19
8
10
8
15
25
12
17
10
19
6
62
12
10
15
12
10
29
19
15
27
15
15
23
17
23
21
12
10
8
15
21
14
15
14
21
10
17
15
17
4
27
23
10
35
29
17
15
12
8
10
4
15
33
25
12
6
15
10
10
12
4
6
6
8
12
17
12
12
12
21
21
10
6
8
10
6
17
14
17
14
8
23
13
14
6
19
8
15
6
10
15
33
6
21
12
10
15
8
14
10
15
12
52
6
6
6
50
10
0
8
4
6
10
12
14
8
8
6
31
10
13
13
13
8
4
10
10
12
10
13
15
8
