1
8
4
6
25
11
7
5
7
5
4
2
12
7
6
5
14
3
4
4
13
16
4
5
4
5
3
11
5
8
5
5
5
3
3
1
15
8
6
3
3
13
3
6
18
3
6
6
6
6
7
3
5
3
5
3
1
6
26
6
7
27
22
21
21
29
18
19
26
3
9
11
4
19
21
18
23
27
19
19
12
16
16
2
25
24
19
23
20
20
13
17
25
14
16
24
13
4
18
8
15
15
12
6
21
21
15
14
5
15
11
24
13
4
15
15
24
27
31
31
24
23
27
27
20
21
21
25
20
24
20
27
29
33
26
14
22
20
21
18
22
22
16
30
31
39
24
21
24
10
11
26
9
16
12
37
35
12
13
13
15
8
10
9
16
7
7
14
12
22
35
12
9
15
9
15
14
12
8
18
10
12
11
7
3
5
7
6
8
10
3
17
25
11
8
9
14
15
12
18
8
8
9
7
23
21
6
7
10
20
5
4
12
7
10
24
26
8
8
8
8
7
12
19
4
1
7
14
11
4
7
13
9
5
6
6
7
17
21
8
4
22
9
21
13
8
15
8
7
10
7
34
14
42
9
10
14
14
10
19
14
8
22
11
5
40
5
7
7
37
55
13
55
31
21
30
54
22
46
27
25
23
18
29
44
38
30
19
