8
0
7
8
8
10
19
0
18
26
5
0
10
11
28
19
3
0
9
26
0
9
8
8
2
10
7
67
21
11
10
8
11
22
9
6
2
69
6
8
9
23
10
8
27
3
25
10
10
43
10
11
6
10
16
15
8
32
9
10
31
0
80
43
15
14
35
8
11
0
19
30
15
36
7
8
64
14
8
3
13
18
8
40
13
9
9
0
2
8
34
9
20
8
8
10
0
6
12
8
93
43
24
2
33
9
27
74
0
22
0
43
0
35
0
8
54
9
0
3
0
0
41
34
8
47
13
8
9
13
22
10
16
0
0
8
40
0
6
8
11
0
46
26
0
0
55
10
0
8
10
27
8
2
32
23
42
0
2
11
41
0
0
42
8
7
8
0
33
15
0
11
31
0
22
23
7
45
37
11
10
27
0
0
17
23
2
8
0
6
26
0
9
8
8
7
6
19
6
13
10
10
3
9
11
0
2
9
0
0
20
7
0
0
0
19
5
8
0
7
8
8
42
32
0
10
36
2
5
17
1
8
3
8
8
2
11
38
36
9
7
0
8
32
0
12
8
31
17
9
25
3
13
6
6
9
13
10
9
7
33
5
22
13
11
40
8
0
8
8
7
39
9
3
0
45
23
20
0
9
0
19
8
2
32
11
18
8
