8
8
0
77
8
0
7
8
7
7
8
7
0
8
8
8
8
8
3
0
8
0
8
8
24
8
28
8
8
8
8
0
8
8
11
0
8
0
8
8
8
6
39
8
0
0
8
8
8
8
8
8
0
5
27
23
0
23
69
8
8
8
7
8
7
6
5
8
8
45
19
8
0
29
7
8
8
0
8
22
38
5
8
8
0
8
0
8
0
8
19
8
5
63
8
8
8
5
8
35
7
8
8
8
27
8
7
8
8
8
8
8
0
0
6
0
6
8
8
0
8
8
8
32
8
8
8
0
0
19
8
0
8
8
7
63
6
8
0
8
8
8
8
23
0
7
0
7
0
0
26
8
8
24
8
8
8
8
0
8
2
8
8
52
0
7
3
0
7
0
8
8
15
0
19
0
25
0
2
22
8
23
85
8
8
7
41
34
6
8
25
0
8
0
0
0
8
0
8
8
8
45
40
36
0
0
66
70
8
6
16
7
0
5
8
8
8
0
0
8
0
8
8
0
0
6
21
0
39
8
7
0
83
8
42
8
8
8
8
14
0
8
49
34
0
8
8
0
8
8
21
8
0
8
8
0
8
8
8
22
8
8
78
8
15
8
0
0
8
8
4
8
8
32
8
2
8
8
8
8
47
0
8
0
8
8
7
8
