2
0
24
35
1
7
2
0
3
3
2
0
0
0
1
20
11
18
0
4
3
0
0
2
0
2
2
2
3
0
24
35
0
0
0
0
0
1
2
1
0
27
0
0
3
0
0
0
0
0
2
2
1
22
30
0
0
0
2
0
1
2
0
2
0
0
2
0
1
1
2
0
1
1
0
0
22
19
0
0
7
0
0
2
0
0
2
2
33
33
0
2
0
0
0
1
0
2
4
0
39
0
0
0
0
0
0
1
0
0
2
0
13
26
0
0
1
2
2
2
0
2
0
28
9
0
0
1
0
0
2
2
0
2
25
31
0
0
2
0
2
0
0
2
0
0
0
26
33
0
0
0
0
1
1
3
0
0
23
23
0
0
6
2
2
2
0
3
0
6
0
24
0
0
0
2
2
0
0
2
3
2
1
25
24
0
0
0
0
0
0
2
1
2
0
28
23
0
0
2
0
2
0
2
0
0
30
0
0
0
0
2
3
0
0
0
0
0
0
31
58
0
0
0
0
0
1
2
6
2
23
42
0
0
2
2
2
2
0
0
1
2
0
20
35
28
4
0
2
0
2
1
3
0
33
31
0
23
2
1
2
2
3
0
33
25
1
5
0
2
2
0
6
0
30
0
1
1
7
2
0
41
0
0
1
3
3
0
