8
0
7
8
6
8
7
0
6
8
8
12
24
8
8
8
0
0
6
0
6
7
8
8
0
0
0
0
8
44
8
2
0
25
8
0
8
0
3
8
0
6
7
8
8
8
8
3
8
8
8
5
0
0
2
8
6
23
8
8
8
8
7
0
7
6
7
0
8
2
0
8
8
7
7
0
0
65
73
7
8
0
0
8
8
6
7
0
48
2
8
8
8
6
0
3
5
0
8
5
7
8
8
8
0
8
1
0
87
8
8
0
7
8
0
0
0
0
8
31
8
74
8
8
8
0
8
0
8
0
25
72
8
0
7
8
0
0
6
8
8
8
0
7
0
42
0
7
8
8
8
2
8
8
8
0
0
8
0
0
8
0
0
0
8
31
8
0
0
0
8
3
8
8
8
0
7
6
8
8
8
8
8
6
0
7
41
2
0
0
23
2
8
8
8
8
8
8
8
8
42
0
8
3
8
8
8
2
6
8
8
7
5
8
0
8
8
8
7
8
81
0
0
0
8
0
8
8
8
8
7
8
0
3
0
8
8
8
2
8
7
8
8
8
0
8
0
8
8
16
0
8
8
0
8
8
8
8
8
7
0
0
0
0
1
0
8
8
8
2
7
5
8
8
8
0
0
8
8
0
3
8
8
8
0
8
7
0
