42
20
19
34
25
43
30
19
33
34
32
33
24
15
44
31
29
36
38
17
19
17
46
38
27
32
23
46
59
70
45
33
23
39
56
15
37
37
23
41
26
31
17
25
48
16
13
42
21
30
49
84
65
34
34
19
38
61
53
49
31
22
55
39
71
46
22
17
57
48
43
48
13
17
69
40
32
35
23
21
41
40
63
42
30
25
37
23
30
51
30
27
27
15
49
60
59
58
23
52
58
59
38
40
33
38
58
46
51
29
64
42
52
25
67
42
68
48
67
44
63
38
34
29
44
46
40
50
29
52
37
27
32
19
68
34
24
56
36
33
36
73
58
53
58
55
62
35
46
18
43
62
52
48
38
39
54
29
39
60
86
63
40
43
40
28
40
39
82
25
55
45
59
46
12
40
29
39
91
35
54
81
44
58
50
83
69
75
23
71
45
32
65
69
73
39
48
33
85
73
52
30
39
42
58
31
41
53
29
55
56
41
50
53
43
64
28
46
47
37
51
46
62
46
60
37
40
44
46
40
52
63
26
49
68
55
61
16
19
30
42
44
58
46
44
37
31
17
31
27
39
79
70
70
55
58
38
50
56
62
46
29
35
44
10
84
70
21
42
71
61
88
19
57
42
15
74
8
52
23
13
67
15
14
19
31
13
26
