19
14
17
12
17
16
8
7
19
15
14
19
18
15
9
22
13
19
12
7
8
11
11
14
15
13
15
14
35
9
14
27
16
5
11
11
21
15
5
13
9
9
15
13
9
11
19
11
16
17
13
14
18
5
11
9
7
11
11
11
7
16
11
17
9
7
36
16
6
9
17
7
21
7
11
9
19
21
13
15
16
7
13
17
17
16
30
20
19
9
9
14
13
27
23
24
11
16
20
7
20
16
9
21
8
13
15
16
18
15
21
16
71
11
25
15
20
18
21
20
25
20
17
27
16
25
7
13
16
14
23
13
18
14
25
19
15
13
11
13
27
21
36
29
27
16
13
13
24
27
17
25
19
27
11
25
17
7
11
0
16
20
15
21
19
15
11
28
27
18
38
13
98
23
13
13
13
18
9
27
19
17
15
16
18
15
20
13
22
16
9
17
17
11
15
5
15
27
9
9
24
22
23
16
24
19
26
21
14
21
17
23
17
7
13
26
19
17
21
15
22
15
14
13
15
18
29
22
16
25
15
19
14
17
18
13
22
17
11
8
11
20
17
9
11
8
11
9
15
15
12
11
13
9
20
21
7
20
9
15
13
11
20
23
14
18
21
13
9
11
13
14
7
13
21
9
16
29
9
17
24
15
17
18
17
18
12
15
