5
5
2
0
4
10
3
4
10
5
4
4
5
4
2
2
5
3
4
7
7
7
3
2
8
2
2
2
2
2
3
3
0
1
2
4
0
2
0
7
5
8
4
6
6
5
10
13
11
10
8
2
2
2
3
4
5
2
2
2
2
0
3
2
4
6
10
6
6
16
7
5
2
5
24
2
6
7
4
2
2
9
2
5
4
4
1
0
4
6
8
12
7
14
2
4
0
2
4
14
0
0
2
2
3
11
6
5
5
0
6
2
7
5
5
5
11
6
4
5
4
5
4
5
4
5
6
5
4
16
4
2
6
6
4
2
9
7
9
7
7
8
4
4
7
6
5
6
6
7
4
6
7
7
7
12
4
15
4
2
9
5
4
2
2
10
4
6
0
2
4
2
5
4
2
4
2
4
6
6
4
6
2
11
8
1
4
4
4
5
4
2
4
6
5
4
2
4
3
4
4
6
7
12
2
6
5
3
7
4
8
5
2
7
2
8
2
2
2
2
4
2
0
0
4
6
4
12
6
4
6
4
6
7
1
12
7
5
3
5
2
2
2
2
2
2
2
2
4
2
11
3
5
4
2
2
4
5
5
3
2
2
2
4
2
0
2
0
0
0
0
2
4
2
4
6
4
2
5
3
0
5
2
2
4
0
0
2
