8
8
22
0
8
8
7
3
7
7
8
7
8
0
31
0
8
8
0
0
8
29
36
46
19
0
7
8
14
7
8
0
8
8
8
0
8
8
8
62
8
6
7
8
32
8
20
63
0
30
8
0
79
8
0
8
8
8
8
33
8
0
0
45
15
6
7
37
8
31
8
8
42
0
7
88
8
0
8
4
32
8
8
8
0
8
4
8
8
8
5
8
8
8
8
46
8
8
8
0
7
8
8
8
7
8
7
8
6
8
8
5
7
8
8
44
0
67
0
8
8
8
8
0
0
8
8
92
8
8
3
3
0
34
0
0
0
8
47
8
8
8
6
0
8
7
8
7
5
41
0
44
37
8
0
8
0
8
8
8
8
81
0
8
8
7
8
0
7
83
8
29
3
0
8
8
0
0
0
2
8
6
8
8
0
0
8
8
0
8
8
8
8
8
8
44
75
0
8
24
8
8
8
8
8
8
8
8
8
8
16
7
42
8
0
0
31
8
7
0
8
81
8
0
74
8
8
8
8
8
7
8
2
8
2
8
8
8
33
8
7
0
8
23
8
0
8
8
62
6
7
8
0
11
8
0
8
8
8
7
8
8
8
8
7
8
48
0
8
8
0
8
0
0
8
35
24
57
8
5
8
72
0
0
22
0
4
0
