47
7
11
38
53
8
2
55
38
3
11
32
27
9
45
21
28
27
45
50
34
58
45
32
4
5
38
23
13
18
32
37
2
37
53
15
29
39
45
22
21
13
28
20
7
58
26
5
6
9
30
30
8
28
24
50
7
6
48
32
9
6
37
4
6
9
42
43
6
5
36
36
8
39
38
4
2
19
57
27
4
33
51
2
6
0
7
2
5
33
32
6
6
35
34
2
7
39
47
2
28
54
45
31
37
41
32
17
6
23
35
10
27
61
20
27
31
79
37
11
4
29
54
21
25
44
18
6
58
27
22
6
6
25
18
34
51
31
33
28
24
33
39
5
15
34
53
28
35
45
26
27
5
6
16
17
6
29
40
7
29
30
55
25
31
42
8
7
5
34
25
6
27
33
52
17
7
69
47
7
6
35
25
37
15
46
31
37
17
35
23
50
7
7
51
9
25
21
6
32
5
32
45
27
7
7
38
31
36
23
44
4
6
4
21
37
2
33
80
27
26
39
4
5
2
2
31
9
7
34
33
29
14
38
57
4
7
26
30
6
39
47
33
2
54
26
3
29
51
27
32
25
38
2
7
46
34
27
22
33
41
4
8
5
10
9
40
8
7
46
27
10
30
44
21
6
8
7
2
9
57
42
6
2
36
12
12
29
