25
19
14
13
8
12
10
16
19
14
10
8
10
4
8
12
6
4
10
10
8
14
8
6
8
12
12
10
16
8
8
14
10
6
18
10
6
12
6
12
10
20
8
49
25
18
12
14
22
12
22
10
18
17
10
12
8
14
6
8
19
8
17
55
9
16
8
10
14
18
12
14
6
21
23
12
10
10
14
12
23
12
12
20
6
6
8
4
10
12
14
14
8
16
21
8
4
8
4
8
14
6
14
6
16
12
20
19
6
10
6
10
4
8
14
2
6
17
6
6
12
14
8
10
18
19
14
6
14
8
4
25
10
14
12
12
16
10
16
10
6
12
16
4
14
8
14
12
27
20
10
16
23
27
14
22
12
12
16
22
27
16
18
10
23
23
14
14
8
12
23
10
22
20
16
25
16
29
22
12
8
12
18
20
16
12
20
21
37
19
8
12
6
23
18
14
29
12
18
33
8
18
12
6
16
10
12
16
19
17
21
12
27
21
14
31
37
8
12
18
27
10
25
2
23
19
10
12
13
27
10
33
22
20
6
8
41
18
16
12
8
10
29
16
10
4
14
8
27
16
21
12
12
14
6
15
25
14
10
16
14
10
8
25
4
39
6
16
8
6
12
14
6
20
6
8
8
22
10
8
18
12
8
8
10
14
8
10
