6
5
2
6
6
4
6
9
18
6
6
3
4
7
2
14
2
2
4
2
2
2
4
2
7
6
4
7
4
6
4
13
15
3
4
6
8
8
6
6
8
0
0
4
18
4
6
7
2
3
4
4
2
10
4
7
4
2
4
4
11
0
6
14
4
17
6
8
6
7
13
4
0
6
8
4
2
0
6
2
11
7
5
6
6
7
2
7
2
15
4
4
4
4
15
4
6
7
7
6
4
6
4
19
7
10
5
6
5
6
4
9
9
8
8
5
0
6
2
5
7
2
21
3
4
6
2
5
4
4
4
11
5
4
4
5
6
7
3
4
4
2
7
8
4
14
2
8
14
8
4
11
13
6
4
7
7
5
6
4
2
2
2
0
6
15
6
2
9
7
7
0
12
4
6
6
4
6
4
5
8
3
18
4
4
2
6
17
4
6
2
6
2
15
5
7
6
6
6
3
2
2
6
4
4
8
11
4
6
3
10
8
4
4
14
0
4
7
4
6
0
4
0
5
11
7
4
11
7
5
6
4
4
4
5
4
4
8
4
4
2
6
4
5
4
15
0
6
8
4
6
4
5
2
8
6
7
2
4
5
6
18
0
6
13
5
5
4
2
2
15
2
2
4
8
13
10
12
15
14
7
11
8
4
10
4
15
15
