16
7
21
9
9
11
10
11
19
15
14
13
8
16
13
11
13
16
10
13
18
12
8
16
8
11
9
11
10
13
12
8
13
13
14
11
14
13
15
13
10
10
20
14
18
10
13
13
14
12
9
15
19
14
12
13
10
16
14
13
13
14
16
12
11
7
9
12
18
14
15
11
12
12
13
16
14
13
18
14
13
15
10
7
7
11
15
13
10
25
14
11
14
11
13
14
9
13
6
12
15
9
8
14
12
13
10
13
10
16
10
13
10
11
13
12
14
15
9
6
12
12
16
10
10
17
16
11
13
10
18
10
10
11
14
8
11
5
6
8
18
12
10
12
13
11
13
12
10
9
11
13
11
14
12
10
15
11
12
7
11
7
12
16
22
9
11
6
14
7
12
12
12
26
14
9
10
8
7
18
11
12
17
14
18
17
11
13
12
10
14
15
11
15
6
19
10
11
17
10
14
11
7
10
11
8
16
9
14
6
19
18
6
10
15
14
16
17
9
7
19
17
5
15
13
6
5
6
11
8
11
10
10
8
11
14
11
16
11
11
13
11
15
10
15
9
7
12
10
8
18
12
9
13
8
11
14
9
7
8
8
15
9
13
12
7
18
10
11
17
7
16
8
16
14
6
11
13
8
15
19
12
16
10
16
5
14
18
