0
12
2
0
2
2
0
2
2
0
2
5
2
4
0
7
5
0
2
2
1
0
4
2
0
0
0
2
0
0
1
2
4
2
9
5
9
0
2
3
0
0
0
0
5
0
22
3
0
0
0
4
15
0
4
4
0
2
0
0
2
6
4
0
4
0
0
4
2
0
8
0
4
0
0
0
2
0
0
0
2
0
2
2
0
2
0
0
2
2
0
7
2
0
2
5
5
2
2
0
3
2
0
2
2
0
3
4
3
2
2
3
4
1
2
2
3
4
2
2
3
2
2
0
2
2
2
3
2
2
0
3
4
8
0
0
2
8
0
10
2
0
2
5
4
2
3
2
0
0
5
2
1
0
8
0
5
2
2
0
0
4
2
0
3
2
0
0
2
3
2
0
0
1
0
5
0
0
1
2
0
8
0
0
0
1
0
0
4
2
0
0
0
2
2
0
2
7
0
2
0
2
0
0
7
0
4
5
0
2
0
7
3
3
2
0
2
0
0
4
7
6
0
3
2
2
4
0
2
2
0
0
2
4
0
4
2
4
0
0
2
0
1
0
3
6
0
1
4
4
0
2
4
0
4
0
0
2
2
2
2
2
4
0
4
0
5
2
3
2
0
2
4
2
2
3
2
2
3
13
1
2
2
3
7
2
2
2
