39
48
16
3
47
3
6
4
7
1
5
1
3
3
8
0
1
3
3
1
7
3
5
20
3
5
3
53
3
3
3
4
1
13
1
4
8
56
3
3
49
5
3
62
1
4
3
3
3
3
3
1
5
1
12
1
33
5
4
5
3
3
4
5
9
9
3
5
3
34
3
5
1
4
3
10
1
3
1
1
3
5
1
4
3
1
5
1
1
9
5
5
3
10
17
3
1
5
3
1
31
3
3
11
4
3
4
5
3
3
5
40
5
34
5
3
5
3
3
13
3
33
5
4
1
1
3
1
33
1
38
1
1
3
7
1
3
3
3
37
5
5
5
5
3
5
3
5
48
1
3
56
1
3
5
8
34
5
3
5
5
13
1
1
5
5
1
1
6
3
5
1
5
4
1
3
1
3
3
5
3
1
1
5
3
3
45
1
5
1
3
3
3
1
14
5
29
3
5
7
4
7
5
5
5
3
23
5
3
3
3
3
1
45
5
3
5
4
3
3
3
3
0
3
1
1
3
5
3
3
3
1
3
1
3
3
7
3
1
3
1
3
1
1
1
20
55
5
1
53
1
5
44
3
5
5
64
1
1
49
5
3
5
3
3
25
9
3
40
3
3
3
0
3
3
1
1
1
1
58
1
8
3
34
7
5
47
1
