0
13
69
64
58
70
60
75
60
81
62
70
60
71
77
62
29
79
69
77
68
83
56
52
87
76
55
57
70
64
39
41
99
43
60
62
77
60
58
41
73
70
75
6
68
52
62
69
79
62
68
66
5
12
64
29
77
62
73
68
71
0
60
64
89
79
35
64
76
58
24
81
35
67
68
54
79
54
66
91
0
60
50
66
89
64
44
62
62
66
66
50
83
68
66
51
39
90
58
58
76
66
17
64
53
81
63
72
84
68
0
65
60
10
25
58
67
58
4
81
39
0
60
0
46
71
40
62
59
90
68
77
46
71
69
0
65
58
66
57
79
58
81
64
66
0
60
58
72
62
58
85
47
75
85
75
60
62
58
87
62
0
2
64
72
69
68
56
10
66
95
63
73
66
77
66
35
67
62
8
70
72
83
62
49
83
52
66
64
0
0
68
0
62
68
66
62
74
68
66
61
58
79
62
72
89
70
45
73
66
95
62
64
9
73
68
76
0
73
64
58
0
66
66
0
74
73
50
83
62
64
68
68
85
70
77
67
31
68
72
75
73
77
64
66
78
66
81
62
65
68
77
81
77
43
48
78
71
85
68
66
68
83
79
64
29
81
58
71
64
54
63
64
79
79
75
75
72
74
72
64
96
3
64
52
83
60
70
