1
3
3
1
1
4
0
3
1
1
0
1
3
3
1
3
1
0
3
0
0
1
1
1
28
3
0
1
3
1
5
1
1
25
0
1
1
1
1
1
3
5
1
0
3
3
26
0
1
0
0
1
0
1
30
0
1
3
3
0
3
1
3
0
0
3
1
33
0
1
1
0
1
1
0
23
1
3
3
1
0
5
0
1
0
0
3
1
3
1
5
1
0
0
1
0
1
1
1
3
0
0
1
6
1
0
26
1
1
24
3
0
25
0
1
1
3
1
3
0
23
0
0
1
1
3
1
1
0
0
1
1
1
3
5
1
3
6
10
3
6
3
1
23
0
1
3
3
6
5
1
0
4
1
0
0
1
3
0
26
0
0
0
0
0
0
3
1
1
1
3
10
1
5
3
0
1
3
0
0
26
0
3
5
1
1
0
0
3
1
17
3
1
20
1
1
5
3
1
3
0
0
1
1
30
5
1
1
5
0
19
3
0
0
1
1
1
0
1
0
1
26
0
0
3
1
1
1
21
1
0
0
1
0
0
3
3
1
0
1
0
0
1
0
12
3
3
1
1
1
0
3
1
8
1
1
3
1
27
0
0
3
3
0
0
1
3
1
1
3
3
1
1
1
3
0
0
3
1
1
1
1
10
5
3
1
3
3
