17
15
17
13
19
21
17
23
15
29
23
19
17
19
17
19
16
19
15
10
17
21
17
19
13
15
21
14
21
19
12
21
21
17
21
21
19
15
10
13
12
19
13
13
21
17
15
17
13
13
13
15
21
29
23
29
25
12
21
23
13
19
25
19
17
15
13
17
13
17
9
12
21
17
25
15
21
19
21
15
21
19
19
19
8
13
15
19
17
17
27
31
17
23
21
12
34
17
17
27
17
19
15
10
15
39
19
12
23
19
17
13
19
15
21
38
15
21
29
21
17
27
29
19
27
19
23
15
19
35
24
17
25
13
17
12
15
21
42
15
31
21
31
23
14
21
19
29
21
15
27
19
27
23
25
23
21
25
20
17
15
13
17
23
19
19
27
15
21
17
19
13
19
17
15
23
19
15
15
21
17
19
19
23
17
17
27
19
15
14
17
21
15
15
12
15
13
14
19
23
19
21
21
25
25
21
15
27
15
31
17
15
17
13
8
15
13
17
19
19
13
19
25
17
15
15
17
14
19
19
23
17
13
19
15
17
19
27
23
17
17
19
23
11
8
21
27
15
19
27
19
13
17
15
15
9
25
27
15
19
21
11
23
13
19
10
15
7
2
8
6
6
4
4
6
4
10
8
4
4
4
4
9
4
4
6
4
6
