4
13
4
4
2
4
4
6
2
6
13
2
8
4
4
4
2
2
4
2
2
10
4
4
0
0
4
6
2
14
6
6
2
6
14
4
2
4
56
0
13
6
2
4
4
2
4
8
0
8
0
9
4
4
6
4
8
2
4
2
19
8
0
6
8
2
2
6
4
4
2
4
2
4
4
96
6
0
32
4
6
6
0
10
6
6
17
6
2
4
2
2
4
0
4
15
6
2
4
0
19
50
10
10
8
18
4
8
4
6
10
10
2
7
4
6
8
6
6
12
12
0
0
8
6
4
6
8
6
4
6
2
51
4
4
2
8
37
6
2
4
6
2
65
2
0
10
2
4
4
4
2
4
4
4
0
4
2
4
8
45
2
4
13
2
8
2
10
2
4
4
4
4
4
0
0
6
6
2
8
6
0
6
6
4
4
2
2
2
2
2
12
2
4
9
4
4
6
4
6
8
6
8
4
4
2
4
0
2
2
13
2
4
0
10
4
2
4
0
2
2
4
2
4
2
6
0
6
4
4
0
2
6
2
6
4
4
6
4
2
6
6
2
4
4
2
12
4
0
4
2
23
2
6
2
8
2
2
2
2
2
2
0
58
8
4
6
4
2
6
4
4
4
0
6
6
4
4
6
8
0
4
2
2
6
6
6
0
