8
12
15
12
13
13
8
12
19
4
8
8
8
6
6
15
14
4
13
8
16
19
12
27
6
11
10
8
16
18
16
17
14
8
8
10
14
4
4
6
12
19
10
17
16
8
12
8
14
8
8
8
4
9
17
18
23
12
12
16
13
11
8
19
27
14
8
18
14
25
8
14
6
4
10
10
21
8
6
23
31
17
12
25
15
8
12
12
25
23
25
8
14
6
18
25
10
46
8
10
2
12
17
8
18
4
2
8
14
21
4
10
8
6
19
12
8
9
12
12
6
6
8
14
10
8
6
4
17
8
10
12
8
13
10
12
10
12
8
4
6
6
12
6
14
9
10
14
8
27
8
6
12
14
12
13
8
27
10
4
8
24
14
10
6
8
4
2
12
9
10
23
6
14
6
12
4
4
8
8
17
8
10
10
12
10
6
21
4
19
29
10
17
6
12
8
6
14
19
14
6
4
6
6
8
6
17
23
14
45
4
25
6
8
25
23
15
8
10
10
4
16
13
12
14
14
14
10
8
21
23
8
2
2
6
6
4
10
10
8
10
11
17
12
6
15
8
10
6
4
8
12
10
13
4
12
12
10
27
4
4
2
10
10
8
0
8
19
12
10
2
17
2
8
9
14
10
21
41
2
15
9
4
16
2
12
10
10
