17
8
8
17
31
6
14
12
10
13
14
19
15
14
10
6
15
4
19
8
6
17
6
23
19
14
14
10
10
21
14
15
19
27
4
23
12
10
17
12
8
25
6
8
33
6
12
17
15
10
10
6
15
8
12
19
27
21
35
21
23
8
17
12
21
6
19
13
23
29
14
13
17
25
4
8
19
12
14
4
23
10
10
15
4
13
21
4
8
25
13
17
14
21
6
17
13
15
6
14
10
10
35
4
21
12
8
8
6
29
12
6
14
6
19
23
4
19
35
12
21
6
21
6
6
17
27
10
21
21
15
21
25
39
19
15
17
10
14
14
6
10
8
14
17
29
31
25
56
12
12
12
6
15
10
33
19
41
21
17
19
19
8
14
39
33
14
19
6
15
10
25
17
21
31
46
37
31
27
25
10
33
19
29
29
29
23
14
29
35
21
14
29
39
29
29
6
12
21
44
33
33
21
10
19
23
25
23
19
19
14
15
15
10
35
25
39
8
13
4
15
19
27
15
17
15
10
31
23
27
35
8
23
21
8
31
19
12
31
21
33
17
17
39
10
27
48
14
17
15
17
12
19
12
19
17
14
17
23
25
12
12
6
14
31
12
14
12
4
10
17
12
23
12
17
10
10
23
6
6
16
6
15
14
14
10
17
21
