0
0
2
3
1
2
3
0
2
17
0
0
2
0
2
0
7
0
5
0
0
0
0
29
0
0
3
5
17
4
0
0
7
2
0
0
0
0
2
0
0
2
0
2
0
0
0
2
2
0
3
2
0
2
0
0
0
2
0
3
5
13
2
0
5
3
0
2
3
0
3
2
7
3
2
2
3
2
0
0
2
3
0
0
0
5
0
3
9
2
19
0
3
2
3
0
2
2
0
2
0
0
13
13
2
0
2
3
7
3
3
3
0
0
5
2
0
0
0
2
2
7
2
7
23
5
0
3
5
7
2
2
2
2
5
0
0
3
3
2
0
3
7
3
61
7
3
2
5
0
5
11
0
5
0
2
7
3
0
11
2
0
47
2
2
2
0
7
0
2
3
2
0
0
0
0
2
5
0
5
3
3
3
2
0
19
2
0
3
2
15
3
2
5
5
3
3
0
0
0
0
0
9
3
2
0
2
23
0
2
5
0
2
41
2
3
0
3
0
0
0
0
0
3
3
3
7
2
2
2
5
3
2
3
0
3
0
0
0
0
0
0
0
2
2
2
0
0
0
3
0
2
3
0
0
2
33
5
0
0
0
5
2
0
2
7
0
0
11
0
0
21
0
2
3
3
3
2
3
2
0
2
2
5
0
0
0
0
