2
0
2
0
1
0
3
0
2
1
1
13
0
2
2
0
0
2
3
2
11
3
11
2
0
3
0
0
2
0
0
9
2
3
3
2
15
2
13
13
2
2
2
2
2
3
2
0
2
3
2
2
0
2
5
11
3
5
3
7
9
0
0
0
15
9
0
2
2
2
3
2
0
0
0
2
3
0
5
2
3
5
0
2
1
3
1
5
2
13
2
1
1
13
0
0
2
0
2
3
3
0
3
0
0
3
0
3
2
0
1
0
0
0
0
1
1
0
0
2
2
0
0
1
2
0
1
2
2
1
2
2
2
2
1
2
0
3
2
13
0
0
0
1
1
11
2
0
5
3
0
2
1
0
3
3
0
0
2
13
0
0
5
3
3
0
3
11
0
1
2
2
0
2
11
13
2
3
2
3
2
3
11
0
11
13
0
0
2
0
11
1
0
0
0
0
0
2
3
2
3
0
3
1
11
0
3
1
0
1
0
1
0
5
0
2
0
2
0
3
0
2
2
2
0
2
1
3
2
0
0
0
0
5
3
2
3
0
11
0
2
3
2
3
0
2
3
0
2
2
2
0
0
0
0
0
2
2
1
5
0
0
2
2
2
3
9
2
0
11
2
2
13
0
3
0
11
0
2
2
0
9
0
0
2
0
2
3
