6
8
8
8
10
12
10
10
14
12
15
10
10
18
10
16
8
16
10
10
10
12
10
15
12
14
23
14
12
14
12
12
14
10
14
18
10
10
11
15
13
10
12
18
16
20
17
12
12
21
18
4
14
21
14
12
10
11
16
10
14
12
18
4
12
13
9
14
12
19
35
12
12
14
15
20
18
13
23
16
17
8
8
14
10
18
19
12
10
9
23
17
21
17
14
17
35
25
18
16
2
19
19
15
17
17
16
13
13
23
17
19
4
19
20
27
17
24
15
89
25
12
21
19
27
19
27
31
33
23
19
23
15
23
20
15
33
21
19
21
15
16
15
12
25
29
15
37
23
23
72
30
17
37
29
33
37
33
33
19
27
27
14
21
23
35
44
30
27
25
39
21
29
21
27
27
31
25
33
29
23
23
4
34
2
39
28
27
35
36
21
25
30
25
19
21
0
19
19
17
21
17
0
24
19
21
0
21
23
25
23
21
28
37
25
33
44
25
23
35
21
35
15
27
19
27
25
21
25
25
25
13
25
17
20
23
23
23
15
27
0
57
10
19
22
29
21
27
21
22
14
25
15
19
0
15
23
17
14
15
21
22
15
17
25
15
20
27
23
15
73
23
25
24
25
21
19
14
26
23
24
27
15
21
27
10
14
16
