10
9
8
9
5
12
5
3
7
4
12
5
8
9
5
4
4
11
5
10
10
7
4
9
7
5
9
8
7
13
10
7
7
6
3
5
7
8
2
8
8
11
6
5
12
5
12
9
8
10
7
4
14
5
10
7
12
7
8
4
9
8
7
4
5
10
10
12
5
10
9
8
7
5
5
14
7
5
5
10
8
8
12
7
8
8
10
5
6
12
13
4
9
5
12
7
6
10
5
5
14
5
5
7
6
5
4
11
7
9
5
11
8
5
5
7
8
10
4
3
5
8
10
8
4
7
10
11
5
5
7
4
7
5
8
7
6
6
5
4
7
9
8
12
5
6
6
7
7
4
10
5
5
10
10
7
12
10
7
10
5
8
4
8
3
5
2
7
6
3
9
8
10
10
5
7
7
7
9
8
8
7
8
6
11
12
2
8
9
9
5
9
6
12
5
5
10
13
6
16
8
9
3
8
5
9
7
15
8
5
7
10
7
8
4
9
8
10
10
11
5
11
10
5
8
5
7
4
17
6
8
8
7
8
8
10
6
5
10
11
9
17
9
5
5
7
7
5
6
5
7
7
5
10
7
9
6
11
7
7
10
9
11
10
6
3
6
6
17
7
6
7
7
11
12
14
8
8
8
10
5
8
5
7
18
5
7
10
