3
5
5
0
5
4
4
0
0
5
4
0
0
2
3
0
5
2
4
0
7
0
5
0
5
4
5
0
5
5
0
5
5
2
5
0
4
4
0
2
5
2
7
5
4
4
7
5
5
5
0
7
5
0
7
5
5
0
5
0
7
0
3
3
4
4
4
5
4
0
3
5
5
0
4
0
4
0
7
5
0
5
3
4
0
4
0
5
0
4
0
5
0
4
0
2
0
7
5
0
0
3
4
0
0
5
5
0
0
3
7
0
0
3
5
0
0
7
5
2
3
0
0
0
0
13
0
0
9
7
5
0
9
0
0
0
4
4
4
0
0
0
0
0
0
0
0
0
0
0
0
4
0
0
7
9
5
0
7
4
0
0
5
7
0
5
0
3
7
0
3
0
7
11
0
0
0
0
0
0
0
0
0
0
0
0
0
0
0
0
5
5
0
11
3
0
7
5
5
7
0
9
3
4
5
5
3
7
7
19
3
7
5
4
0
2
5
4
0
13
5
9
0
7
5
5
0
5
5
5
0
5
7
7
7
13
0
2
0
9
3
0
9
4
5
0
7
4
5
0
5
4
4
0
9
7
7
0
0
5
5
0
2
0
5
0
4
0
9
0
4
2
5
0
4
3
0
0
7
4
2
2
3
7
0
0
7
4
