4
9
4
2
4
11
9
9
4
8
4
6
9
4
4
6
7
8
11
8
4
6
6
9
8
8
6
11
6
6
6
4
4
9
8
13
4
6
4
13
8
10
4
6
4
7
8
8
8
6
11
11
8
8
17
8
21
8
9
11
11
11
13
6
9
10
6
8
11
9
4
13
9
13
11
2
11
13
6
6
11
4
13
4
7
4
2
8
13
6
2
6
11
6
2
15
4
4
6
4
4
8
8
6
6
7
9
8
6
11
6
11
6
13
9
4
8
6
10
9
9
10
11
22
13
6
9
15
13
11
9
8
6
11
10
6
4
28
6
8
9
11
6
9
15
34
10
15
15
9
15
11
48
11
11
11
15
30
11
17
28
13
23
21
29
27
6
17
13
38
13
8
8
17
15
11
36
19
13
26
11
15
11
8
11
11
23
21
8
8
23
32
25
6
10
23
11
15
8
27
19
23
32
11
11
8
11
9
11
27
13
27
11
13
23
13
9
15
13
32
13
13
13
25
9
19
8
11
15
17
11
10
25
13
15
10
6
11
15
13
24
25
11
4
8
8
2
15
17
6
17
23
4
6
17
6
11
11
8
8
4
13
4
9
21
10
6
15
10
13
8
6
10
11
6
17
8
11
11
15
9
6
13
10
19
13
10
10
