39
42
50
40
31
42
28
29
43
25
23
62
51
59
60
40
34
29
32
33
65
45
49
63
50
50
36
47
27
29
33
62
55
31
55
63
73
47
36
50
34
23
33
34
40
56
46
47
50
29
45
34
64
51
22
50
35
64
45
48
48
58
47
37
43
23
32
46
54
65
39
75
63
47
50
61
38
32
28
34
48
46
48
54
51
36
27
45
47
22
22
26
91
47
36
49
47
45
40
62
35
30
17
22
49
46
48
48
44
98
46
32
76
29
21
33
33
50
48
46
33
57
59
89
49
30
21
23
62
46
48
45
47
64
60
57
34
29
22
29
23
50
53
52
47
54
38
59
39
36
29
26
53
55
62
24
37
0
0
0
0
0
0
0
29
38
29
33
26
43
69
45
60
24
37
25
21
33
44
37
40
47
70
37
51
40
50
38
24
29
16
21
39
38
45
56
28
27
23
22
13
17
51
46
57
45
48
87
37
34
75
31
15
16
27
42
39
39
63
22
75
27
28
41
26
27
44
45
34
45
43
47
41
31
24
20
18
25
50
46
62
60
28
46
35
28
57
23
19
45
47
45
32
56
45
46
29
26
27
36
38
64
38
39
76
59
32
48
31
55
47
32
25
37
45
49
63
45
27
27
56
17
12
16
32
37
45
48
