5
2
2
7
4
8
2
4
3
45
1
2
2
3
2
2
13
7
2
6
3
2
4
4
2
3
2
7
12
2
9
2
2
8
4
5
1
6
2
4
5
4
5
2
5
2
4
4
2
2
4
3
2
2
5
3
4
1
2
0
3
0
4
2
5
5
17
75
4
2
25
15
11
6
3
2
29
4
4
33
0
6
4
35
3
2
2
4
4
5
6
4
3
0
4
2
0
0
7
4
4
8
3
3
2
4
2
2
44
3
6
4
0
2
6
2
4
4
0
0
3
4
6
2
2
4
2
7
4
4
2
5
8
1
5
12
15
10
2
8
2
2
0
4
44
3
2
4
6
0
4
5
0
2
4
2
5
2
6
6
2
4
4
7
5
4
2
5
4
4
2
2
8
7
2
4
4
0
2
44
4
7
14
0
5
4
4
2
2
4
2
4
2
7
2
4
14
5
6
2
8
39
1
2
42
4
4
6
4
7
2
2
3
2
0
2
2
4
4
2
2
2
2
2
4
5
0
10
8
5
2
3
2
75
5
3
2
4
4
20
5
46
2
2
2
2
2
2
2
7
6
4
4
2
4
4
4
6
6
2
4
50
4
4
9
0
2
4
6
8
2
2
16
5
6
4
0
2
3
4
63
5
4
3
5
4
0
4
