11
13
10
5
9
14
12
12
16
21
13
11
15
18
12
12
7
16
12
14
9
15
15
7
9
16
17
16
16
16
11
8
15
16
7
7
15
8
5
13
27
19
16
27
16
0
14
16
13
15
11
13
13
13
15
12
9
31
19
28
9
17
15
22
14
24
17
9
26
18
17
20
26
11
13
16
15
7
12
22
18
10
10
22
10
14
13
14
19
20
24
14
20
16
9
16
17
15
11
44
13
22
10
21
15
28
10
25
11
18
20
15
13
14
20
30
16
20
12
15
32
16
17
21
7
22
23
11
16
11
9
19
15
20
15
7
11
18
20
16
12
22
27
35
14
31
11
14
18
17
20
14
11
20
21
16
13
22
15
16
9
22
18
10
19
15
13
15
5
15
18
12
14
9
18
16
11
9
17
11
13
13
13
11
6
16
10
14
11
14
15
15
14
10
13
10
10
11
15
16
12
9
14
20
14
13
13
12
14
12
12
14
9
12
22
19
14
7
10
19
11
19
17
14
9
21
10
17
12
15
13
7
3
16
12
13
10
10
10
16
8
18
17
9
13
14
20
16
14
11
11
9
14
16
21
6
17
11
10
11
9
13
19
10
6
9
9
6
20
10
17
12
11
14
12
12
11
8
11
10
10
11
12
12
15
11
12
8
