2
6
0
0
4
4
0
4
0
2
4
2
4
2
2
12
2
4
0
2
4
4
0
0
2
0
4
2
4
4
0
2
2
6
4
4
4
0
2
2
0
4
0
2
4
4
0
2
2
4
4
2
15
2
2
4
2
4
2
0
2
4
2
2
2
2
2
4
4
6
4
0
2
6
0
0
6
2
6
4
6
2
2
2
4
2
2
6
6
4
0
4
6
2
4
2
4
0
6
10
0
4
2
4
0
4
2
6
9
0
2
4
2
2
4
2
0
0
6
2
2
0
2
4
2
2
2
2
2
2
4
2
2
2
2
2
0
4
2
0
5
4
2
2
2
2
0
2
2
6
0
2
2
6
4
13
2
2
2
4
2
2
4
0
6
4
11
4
2
2
6
6
2
2
4
4
0
8
4
2
4
0
0
6
6
6
2
2
2
2
0
2
4
4
0
13
2
22
4
0
0
2
2
6
8
4
4
2
6
9
6
4
0
4
4
2
2
2
15
12
6
10
0
4
2
4
0
4
0
4
0
0
0
4
4
0
2
0
6
2
6
2
6
2
0
4
0
0
4
2
15
6
0
6
2
6
4
2
2
16
0
2
0
2
4
0
4
0
0
2
2
2
0
0
0
0
0
0
2
4
2
2
2
4
6
0
2
4
