0
13
11
2
0
9
2
4
0
3
4
18
4
4
2
1
4
4
2
3
2
2
0
2
4
0
0
0
2
4
4
2
0
5
2
4
2
2
4
5
0
4
4
6
2
6
3
2
7
6
11
3
5
0
0
4
2
4
0
0
5
5
2
0
2
4
2
4
4
4
0
2
0
7
2
5
3
0
2
2
4
4
0
2
2
4
1
2
5
2
4
3
0
2
2
3
7
0
17
4
2
2
5
4
15
2
3
0
2
2
2
2
3
3
2
0
5
3
2
5
15
0
0
4
2
4
2
4
0
2
2
0
6
4
2
0
6
2
6
2
0
4
2
21
2
11
4
2
4
1
3
5
2
4
2
4
2
0
19
2
5
4
1
4
2
0
2
3
6
2
4
2
4
2
3
2
2
2
0
5
2
0
4
4
3
4
11
2
2
4
3
0
5
5
3
0
4
3
3
5
7
2
0
2
5
4
2
5
0
0
0
2
4
3
1
4
2
0
2
5
0
2
5
0
0
4
4
2
2
4
2
2
2
2
3
3
5
5
2
2
0
6
0
7
17
2
2
4
0
5
11
19
2
4
4
4
2
6
2
21
0
6
4
13
4
4
5
2
5
2
4
2
4
2
4
0
4
0
4
2
2
4
4
7
5
2
2
3
