4
8
6
4
8
6
10
8
6
11
4
8
7
4
12
12
4
4
4
9
10
8
4
8
11
4
8
6
8
4
7
8
12
6
6
8
12
10
0
4
6
12
8
11
6
8
8
13
8
8
6
9
10
8
8
11
6
13
8
10
11
5
2
4
4
8
8
4
11
7
9
7
2
10
71
6
6
6
11
12
9
11
13
10
17
7
7
7
12
21
10
10
10
15
11
12
8
11
12
13
75
12
9
11
8
15
15
8
13
23
13
13
15
15
19
19
13
17
6
21
11
9
13
14
0
11
10
11
11
15
9
13
16
13
15
15
17
16
19
23
15
17
15
13
11
11
21
17
69
9
17
12
20
15
19
17
22
15
11
2
9
11
10
19
15
16
25
11
25
19
13
13
17
21
19
17
11
28
19
22
22
26
23
19
14
23
17
23
11
21
23
14
15
9
15
15
21
15
15
15
25
11
15
23
18
18
79
21
19
19
12
17
17
17
15
13
32
14
10
11
25
15
13
21
17
17
19
17
19
21
15
19
17
17
23
23
13
19
15
20
19
54
15
21
17
17
19
20
12
19
17
17
11
7
23
9
12
21
13
11
11
19
17
19
13
13
13
9
13
15
13
15
15
13
13
10
13
13
23
24
19
15
17
15
15
17
17
20
