10
5
4
4
11
9
6
7
7
9
7
10
4
7
7
4
8
4
9
11
13
10
13
10
11
9
10
13
10
6
11
7
11
9
9
4
6
9
9
8
9
12
11
11
9
7
9
6
60
20
23
17
29
21
40
11
34
30
25
19
9
9
13
19
28
21
15
27
14
13
11
17
27
21
8
22
23
12
36
26
28
12
18
13
6
18
24
23
30
23
26
15
26
21
11
17
37
14
26
7
30
16
30
36
23
17
17
28
20
28
34
17
22
46
14
22
29
18
17
47
35
22
27
31
34
15
36
33
27
9
32
24
30
29
24
42
11
15
31
18
24
19
34
30
11
17
16
18
22
36
35
34
34
13
27
38
50
32
29
21
24
27
36
17
25
38
32
37
50
35
23
23
23
41
49
39
9
10
10
17
12
11
7
8
16
8
11
11
27
24
11
31
19
23
20
11
39
17
26
31
27
17
15
34
34
15
17
21
9
23
33
12
18
21
38
42
9
26
11
23
19
29
11
6
11
7
13
6
8
9
6
11
6
11
5
9
6
4
6
2
17
10
5
9
6
11
11
4
5
4
21
6
17
7
9
6
6
12
4
10
4
9
7
4
0
7
5
17
9
15
11
19
4
22
7
19
4
36
22
9
8
8
19
33
11
19
11
17
