13
17
11
7
9
11
15
13
16
24
15
11
6
7
15
15
6
9
9
11
6
15
17
20
24
23
11
15
11
5
8
17
20
17
19
10
10
11
57
19
29
15
6
34
15
23
13
42
17
11
7
13
42
35
23
53
32
26
12
19
19
23
15
15
11
57
25
17
13
28
13
44
42
66
15
29
33
15
36
11
49
30
27
9
71
21
59
53
18
21
21
40
30
19
27
9
40
24
13
24
19
9
19
29
8
38
40
27
17
27
21
38
26
44
44
13
15
36
15
8
13
13
36
11
21
15
33
21
18
51
42
30
13
34
21
19
32
49
22
9
10
42
31
11
32
36
19
30
39
9
29
37
36
15
15
15
36
36
38
34
46
26
15
4
21
17
38
9
22
36
21
37
69
8
10
8
11
6
4
17
20
6
23
8
4
10
6
13
4
6
4
7
9
9
4
8
6
4
6
2
4
8
6
2
10
2
4
8
4
8
6
4
6
8
2
2
4
6
15
0
6
2
6
4
6
6
6
2
4
6
6
4
4
9
10
8
4
2
13
4
9
8
2
4
11
9
9
4
8
6
11
6
4
6
10
2
7
6
6
4
8
8
8
6
6
6
7
8
6
8
9
13
15
8
6
6
4
13
19
25
20
15
11
17
11
20
38
9
