47
33
29
14
1
13
50
83
53
9
11
8
53
12
22
49
28
11
43
10
70
61
73
86
49
49
10
35
37
36
32
14
13
17
48
35
10
12
48
2
5
17
11
49
31
8
15
18
45
81
36
47
27
39
25
16
8
46
42
32
14
57
34
33
54
12
6
46
35
75
45
39
31
7
6
44
87
44
85
17
5
41
43
37
13
26
31
28
6
38
7
18
5
29
52
44
32
43
27
14
3
54
55
50
46
41
40
33
28
4
45
62
51
6
17
33
67
30
40
31
11
13
28
5
38
72
45
5
36
6
30
35
36
34
51
69
9
8
8
41
6
12
42
7
15
47
24
8
63
10
76
18
51
65
9
16
21
25
14
10
12
21
7
48
42
66
37
32
39
19
29
32
63
82
49
56
29
4
48
59
74
26
8
38
10
43
8
72
34
19
29
15
53
38
84
36
11
47
19
4
29
5
8
44
26
15
8
35
49
36
72
43
12
41
24
8
26
75
45
69
54
16
58
33
37
64
10
62
7
31
38
35
6
50
11
64
37
5
35
18
2
44
25
28
15
21
56
34
54
3
25
20
31
58
54
10
46
44
34
6
38
8
72
3
43
5
27
7
42
7
50
50
46
24
51
32
9
19
6
24
6
47
9
21
13
48
44
86
