2
2
4
0
0
4
2
6
2
4
0
0
6
0
2
2
2
6
2
6
4
4
6
15
4
15
2
0
4
2
2
4
4
8
6
4
4
2
4
4
4
4
4
0
15
4
26
4
17
2
4
6
2
0
2
4
4
2
2
6
2
6
6
17
2
4
6
6
4
8
4
2
4
4
6
6
0
4
4
6
6
2
4
0
0
2
2
4
2
4
0
2
4
2
2
2
2
2
0
2
10
17
4
19
4
4
6
10
2
4
2
4
2
4
2
4
4
4
3
0
15
4
0
4
0
4
6
6
0
4
2
4
2
4
0
8
2
6
4
4
4
4
0
4
2
2
4
2
4
2
6
2
8
2
6
0
0
0
2
4
2
2
0
0
4
0
4
4
4
8
2
0
4
4
0
4
2
2
4
2
4
2
4
0
2
6
0
4
0
0
4
2
0
2
2
6
0
4
2
4
2
4
6
4
0
4
4
25
4
0
4
4
2
2
2
6
4
2
4
4
2
4
2
32
2
2
0
4
2
4
2
4
21
2
2
0
0
6
6
4
4
4
2
2
4
0
4
2
4
0
0
8
4
4
4
10
6
0
17
0
4
2
0
2
0
6
4
4
2
0
4
6
2
4
6
8
4
6
4
4
22
2
0
0
2
4
0
4
