0
2
2
0
73
4
6
4
2
84
2
8
75
0
0
0
0
0
0
0
0
0
4
0
4
32
4
7
7
0
4
86
9
2
97
0
0
2
90
97
2
4
0
6
4
6
72
0
93
0
0
0
0
0
0
0
0
0
0
0
4
7
4
48
11
72
7
2
82
0
0
0
2
68
0
70
0
3
2
10
0
4
2
28
3
56
5
92
87
5
0
0
0
0
0
0
0
2
2
0
0
38
6
0
2
43
0
55
1
0
0
3
3
72
5
7
70
2
0
0
0
1
0
0
0
0
60
4
2
2
48
2
26
5
26
2
0
2
4
4
44
70
2
0
0
0
85
0
0
0
0
0
0
0
0
0
2
3
0
0
4
0
78
2
2
0
5
91
2
4
45
52
97
4
86
0
0
0
0
0
0
4
7
40
92
5
6
6
4
0
3
75
5
1
82
3
76
0
0
0
0
0
0
0
4
0
5
43
2
2
2
4
35
5
2
0
0
2
0
0
0
0
5
47
2
4
3
88
0
0
0
0
2
0
4
0
0
0
0
5
0
2
2
25
0
0
86
0
2
0
2
0
0
0
0
0
0
0
0
0
2
0
0
0
0
2
0
0
2
7
0
1
0
2
88
0
0
3
0
0
0
2
0
0
2
0
0
79
