1
2
28
1
0
2
0
1
2
0
35
0
0
0
6
0
0
2
0
0
0
0
0
2
0
24
3
1
1
1
0
71
0
1
1
0
2
0
0
42
0
1
0
0
0
1
1
0
23
1
2
2
0
0
0
0
6
0
0
1
1
2
19
0
0
0
7
1
0
2
0
42
5
0
0
0
0
0
0
0
0
0
0
0
29
20
0
0
0
3
0
0
2
1
0
8
1
1
1
0
0
2
0
0
2
0
0
0
21
0
1
0
1
0
1
2
0
1
26
0
7
2
1
0
23
1
0
0
0
0
2
0
23
1
0
1
0
1
0
4
70
0
2
8
22
0
2
2
0
0
1
0
2
0
4
1
0
2
0
0
22
1
0
0
2
1
1
0
3
1
2
2
0
2
0
34
0
0
0
1
0
0
4
0
2
1
0
0
2
10
34
0
0
1
0
2
0
0
0
0
0
28
1
1
0
3
0
24
0
0
2
2
2
0
1
20
0
0
1
0
0
0
0
31
1
0
1
2
2
0
29
4
0
0
2
1
1
0
0
22
1
0
1
0
2
1
2
2
0
0
0
1
15
0
1
2
0
2
1
2
2
0
1
0
2
2
0
0
2
0
2
0
2
2
2
1
0
1
2
0
0
1
0
0
2
2
0
0
