4
5
4
2
4
2
5
4
6
4
6
5
4
7
5
6
6
4
4
4
4
4
6
4
2
4
4
4
6
5
5
2
5
6
4
4
5
4
6
6
5
4
2
2
4
7
5
4
6
2
4
5
5
5
6
4
6
2
5
7
6
6
4
7
7
6
5
5
4
5
5
4
7
5
2
7
6
5
6
5
4
6
2
6
7
5
4
5
4
7
7
4
5
6
5
7
7
5
5
3
5
5
3
5
6
5
7
4
2
5
6
5
6
6
9
7
9
6
8
11
5
7
3
5
7
6
5
8
4
7
7
7
7
7
5
7
5
2
5
7
7
4
4
7
5
4
5
7
5
7
6
7
4
5
7
7
7
7
7
5
5
5
7
5
6
4
7
6
7
6
5
7
6
8
7
6
7
4
4
7
7
5
7
6
7
7
7
7
7
4
7
5
7
7
5
7
7
5
5
6
7
6
6
5
7
7
5
5
5
7
6
5
7
7
7
7
4
7
5
9
5
9
6
7
6
7
7
5
7
5
6
6
5
5
5
4
4
7
6
5
5
5
3
7
7
4
6
6
5
4
4
5
6
7
6
7
4
7
3
4
7
7
6
7
4
5
4
6
7
4
4
4
4
6
4
6
4
5
4
5
6
4
2
6
8
2
5
5
