15
17
15
13
13
13
14
13
13
13
17
17
14
15
17
15
17
11
13
15
13
15
17
11
13
13
13
11
13
19
15
17
18
17
13
18
17
11
15
17
14
14
15
17
19
15
15
13
19
19
10
16
14
19
15
15
17
12
14
15
11
13
14
15
11
13
17
15
13
13
13
13
16
18
15
14
17
16
17
17
11
15
12
15
20
18
17
16
16
19
13
15
20
13
15
17
15
17
15
15
16
19
16
11
14
11
17
13
19
15
19
13
17
11
21
15
19
18
16
20
13
15
15
22
15
15
17
19
14
20
15
19
17
16
12
15
11
11
15
15
14
13
14
14
15
17
16
18
13
16
17
20
15
13
18
16
21
14
18
9
17
17
16
20
15
19
21
13
17
11
17
20
18
19
19
15
25
15
13
15
15
18
19
15
18
17
18
18
15
19
20
12
17
20
20
21
19
17
23
13
16
15
17
15
17
14
15
19
19
16
15
16
18
16
11
16
9
23
22
18
16
14
21
16
17
13
14
17
17
17
19
16
17
18
16
17
17
18
15
16
13
19
17
16
18
21
13
15
22
17
13
15
17
21
17
11
19
15
17
13
16
19
13
19
15
17
15
11
13
19
15
11
13
17
17
13
15
18
13
15
11
15
21
13
15
21
11
15
