5
2
0
5
0
3
2
4
0
0
2
5
0
2
0
72
7
4
2
4
2
3
4
4
2
0
2
6
5
0
2
5
4
0
8
2
0
0
4
6
4
4
2
6
6
6
0
0
2
8
6
4
6
8
0
2
0
0
4
2
2
3
6
0
4
4
7
0
2
0
4
6
6
8
0
2
0
2
4
0
2
2
0
4
0
2
2
4
0
4
0
6
0
0
0
0
2
2
0
4
2
0
2
4
3
2
4
0
2
2
4
2
2
2
0
0
6
4
0
4
4
2
12
5
11
2
4
2
2
4
6
4
4
2
2
0
2
4
4
4
4
0
3
2
4
2
0
6
14
0
0
4
0
0
0
2
0
7
4
0
0
5
3
2
5
0
2
2
2
1
0
2
2
2
8
0
4
0
0
0
4
8
2
4
0
2
4
2
2
3
8
0
32
15
2
0
2
4
4
0
6
0
2
5
3
2
4
2
3
4
0
0
2
2
3
2
0
2
6
3
8
2
3
2
4
0
4
2
0
3
2
7
2
2
2
4
5
6
2
3
3
5
2
6
6
2
4
2
10
0
6
0
6
6
9
12
2
8
8
2
6
3
10
8
0
6
4
78
0
2
0
4
4
2
0
4
0
0
0
6
0
2
2
7
7
0
4
2
