6
2
10
2
0
6
6
6
2
10
8
4
4
8
0
0
6
6
4
4
2
8
4
6
4
6
6
0
4
2
8
4
4
4
8
0
4
4
4
2
6
6
11
6
6
4
6
4
4
10
6
4
6
4
6
8
4
4
4
4
2
2
4
0
8
13
2
6
6
6
6
11
8
10
8
6
8
10
8
10
13
6
10
10
6
4
6
4
6
4
11
15
2
13
11
4
4
6
8
11
10
6
10
13
6
6
10
15
6
4
6
8
11
10
4
6
8
10
4
6
6
10
6
6
6
12
10
13
4
15
6
6
6
6
4
15
4
13
6
8
10
6
8
13
13
13
6
9
8
6
11
6
11
6
6
4
15
6
6
10
8
6
12
6
10
8
4
12
15
6
11
15
11
6
4
10
11
17
6
21
2
21
10
21
6
6
15
8
6
4
10
6
10
2
10
12
6
11
6
6
10
10
19
6
6
13
15
8
8
6
11
9
4
4
8
10
8
8
10
4
2
4
8
4
4
2
6
8
8
8
11
11
6
10
6
4
8
6
6
4
13
13
6
4
6
8
11
11
8
4
10
11
6
4
4
2
10
4
10
4
6
10
6
6
4
6
13
8
8
2
4
11
4
4
4
4
4
6
9
0
9
4
4
2
4
4
8
2
