23
9
11
18
13
15
15
13
13
13
13
17
13
12
9
11
15
17
13
17
11
14
17
19
16
18
12
15
13
13
13
15
11
11
13
17
15
9
11
15
20
11
15
9
11
14
12
16
15
11
11
15
13
11
11
13
12
17
13
11
14
9
15
15
12
15
11
13
15
13
13
15
11
12
13
12
13
13
19
15
11
15
13
11
9
13
15
14
13
12
14
12
17
12
14
11
11
14
13
19
14
17
15
13
14
15
7
11
13
13
15
16
11
17
14
15
15
13
21
13
17
21
15
16
13
11
20
15
15
11
13
14
13
17
11
11
19
11
13
13
21
11
9
11
22
16
15
15
15
15
18
18
13
11
15
15
17
15
13
11
12
13
15
13
12
15
11
11
15
13
13
17
11
18
16
17
13
15
11
13
15
18
15
12
20
15
12
34
11
16
11
15
19
15
13
15
15
13
17
15
15
17
14
12
18
17
11
15
14
14
15
13
13
11
19
11
11
11
12
13
13
15
11
9
11
15
16
18
12
14
10
15
17
11
18
13
13
18
17
11
17
13
11
14
17
11
13
16
14
11
13
9
17
11
13
11
13
13
11
11
15
16
9
11
13
11
14
15
13
9
13
14
16
15
13
13
11
15
13
11
18
12
14
11
16
16
15
16
