54
54
58
57
58
56
55
53
58
58
52
59
60
57
59
53
57
58
60
57
57
56
55
59
54
61
57
59
51
54
60
56
58
59
58
57
58
55
56
56
56
58
56
58
56
56
57
58
58
57
56
52
59
54
56
56
58
39
57
55
55
58
60
42
51
59
53
57
57
53
53
57
53
51
55
51
58
53
52
52
57
50
53
54
52
57
51
50
55
56
50
53
49
59
53
53
59
52
48
52
54
53
52
57
47
54
57
47
53
55
44
54
58
56
57
57
51
52
56
50
58
52
51
51
52
56
56
51
53
51
54
50
52
40
51
58
59
51
53
51
51
55
55
57
55
54
58
47
57
46
44
52
55
51
58
54
59
55
58
57
56
39
54
58
56
53
57
58
44
47
57
53
48
57
50
55
54
57
58
54
42
55
50
52
53
56
48
51
53
53
54
59
43
48
47
58
53
48
51
46
56
58
57
46
48
52
56
58
57
50
55
53
56
50
55
45
59
58
58
54
55
52
47
56
51
58
53
42
52
54
52
59
51
50
50
59
57
59
49
50
53
51
57
50
48
51
52
54
53
52
48
42
57
57
58
56
49
55
58
43
58
57
47
57
54
50
48
56
58
48
50
52
57
50
51
45
46
57
52
49
51
46
50
56
54
47
56
52
