4
2
0
2
0
2
4
4
0
0
2
2
4
4
0
4
0
6
4
4
0
4
2
8
0
2
0
0
0
8
0
0
2
4
6
6
2
2
2
2
2
4
6
0
2
2
60
4
5
2
2
4
0
6
4
2
2
2
6
4
2
4
4
2
4
2
6
0
2
2
6
2
4
6
0
2
6
2
6
0
0
2
4
0
2
0
2
2
6
6
0
2
2
0
2
0
0
2
4
4
6
2
4
4
4
4
4
4
4
2
6
6
4
7
2
4
6
0
0
2
2
6
4
4
4
4
2
8
4
16
2
4
6
2
6
2
0
2
0
0
2
4
4
4
2
4
6
4
2
2
0
2
2
4
0
4
2
4
4
2
2
8
6
2
0
6
6
0
2
2
0
8
0
2
4
2
6
6
0
0
93
6
2
2
8
2
0
4
4
6
0
2
2
4
4
8
6
2
4
88
8
8
0
2
2
2
4
6
4
0
2
88
6
6
0
0
6
4
8
2
4
4
4
0
4
6
2
97
4
2
62
4
2
6
6
6
14
6
0
4
4
4
0
2
2
2
52
6
2
2
0
4
6
2
2
4
6
2
4
6
6
6
6
4
0
2
4
0
4
2
6
6
2
6
2
2
6
4
4
0
0
8
4
10
2
4
4
0
