38
29
31
37
38
36
37
33
31
37
38
35
38
32
33
35
38
36
38
32
33
32
38
37
35
30
38
28
38
37
33
33
38
30
38
38
38
37
33
32
32
37
36
37
35
34
36
36
28
38
38
31
39
37
36
33
33
38
31
31
34
32
38
38
36
37
31
37
37
36
38
39
31
33
38
30
37
37
30
30
33
33
38
36
28
37
37
36
37
37
31
37
27
38
37
37
28
30
37
37
37
37
29
31
37
37
37
36
31
36
37
36
36
32
34
37
38
28
33
37
37
37
38
37
32
37
34
36
35
31
32
34
35
32
38
37
36
32
37
37
32
36
31
32
37
36
36
32
34
31
33
32
38
36
37
29
37
31
29
38
35
29
29
38
37
33
37
32
36
36
35
38
36
31
31
35
38
37
36
32
29
33
37
35
37
33
32
30
33
37
37
38
31
37
36
37
38
33
32
36
32
38
32
32
33
37
38
30
37
34
31
38
38
38
37
31
38
32
37
36
31
31
33
37
31
38
32
31
38
34
31
37
32
33
32
35
38
36
32
38
38
33
34
35
29
33
31
36
31
37
32
37
37
37
31
37
32
35
37
33
32
37
32
26
37
35
37
37
28
32
37
35
35
37
32
33
36
36
37
28
32
32
33
33
30
38
31
31
