2
9
4
2
12
0
4
2
2
3
4
2
2
0
2
2
4
0
2
2
4
2
2
0
4
0
2
2
2
2
0
2
2
2
0
4
2
2
2
2
2
2
2
0
2
5
4
2
1
1
6
2
0
4
2
0
0
2
2
11
0
2
4
0
2
0
0
2
3
2
6
2
2
4
2
4
2
0
6
2
0
2
2
2
1
0
5
2
0
0
8
2
2
4
2
4
4
3
2
0
2
2
2
0
6
2
2
6
4
6
4
2
2
2
7
4
6
4
0
4
0
2
4
2
0
2
2
4
2
2
0
0
4
2
0
2
4
1
2
2
5
2
0
4
2
0
0
0
4
2
2
2
2
4
2
2
6
4
0
2
2
4
4
0
0
2
0
0
0
7
6
2
0
4
1
0
2
0
2
0
0
4
0
7
5
4
2
4
0
4
0
0
4
2
2
0
0
4
2
4
0
0
2
0
0
2
4
4
0
2
6
0
4
2
2
0
2
2
4
4
4
2
0
2
2
2
4
0
0
4
6
2
0
4
4
4
4
0
4
10
2
0
2
0
0
0
6
2
6
2
0
4
4
0
2
2
2
12
0
0
2
2
2
4
2
6
6
2
0
2
2
2
4
2
2
0
2
0
4
4
2
2
2
3
2
15
0
2
