5
5
4
0
3
5
5
2
3
7
5
5
4
5
9
5
6
4
4
4
2
4
4
3
2
2
4
4
2
3
4
4
4
3
5
4
4
2
4
0
6
4
7
2
2
4
5
5
2
2
5
2
7
4
2
2
4
4
4
6
4
5
2
5
7
2
5
2
2
4
2
4
2
5
5
2
0
4
5
9
2
2
4
2
4
2
5
4
5
4
5
6
5
4
4
2
0
0
4
4
6
2
4
5
5
4
4
7
4
4
2
4
4
5
2
7
7
2
2
4
0
6
5
5
6
2
6
5
4
2
4
5
2
4
2
2
4
2
11
6
3
2
4
2
2
9
2
2
9
4
0
7
4
3
6
6
2
5
2
2
4
5
5
4
2
3
9
5
5
2
2
7
3
5
5
4
5
4
4
2
2
11
7
2
2
5
2
4
5
2
4
6
5
4
5
8
3
2
2
2
3
5
2
2
2
2
6
5
2
2
5
2
2
10
2
5
0
4
7
7
2
0
2
4
4
3
7
2
5
3
6
3
7
7
2
4
5
5
5
3
5
5
6
3
4
2
6
5
3
2
2
2
3
4
6
2
2
0
4
4
5
0
2
5
7
3
9
4
2
7
4
5
5
2
2
5
7
4
3
2
2
5
2
5
5
2
5
5
