5
5
7
13
0
2
2
3
5
11
2
3
5
2
3
2
7
2
5
2
11
5
2
7
2
2
2
3
7
53
5
2
3
5
3
3
3
0
9
7
5
7
5
2
2
3
5
5
5
11
3
7
7
9
2
2
3
3
5
3
5
5
0
5
2
5
3
7
7
11
3
3
9
13
11
15
5
7
9
11
2
7
7
11
5
11
11
19
7
5
5
5
13
9
2
5
11
9
17
11
7
9
13
9
9
7
15
9
5
5
9
7
5
19
9
13
13
11
5
2
17
7
7
17
9
7
9
7
13
9
13
11
13
7
9
17
5
5
9
5
11
21
7
11
13
7
7
9
3
27
11
13
9
15
9
13
17
9
15
43
11
21
7
9
11
5
5
5
5
11
21
7
13
23
21
15
2
11
3
5
3
7
17
5
3
15
7
9
7
7
15
17
11
11
11
5
11
7
9
3
7
7
17
11
9
11
3
5
5
11
3
13
9
7
9
11
5
23
11
7
5
11
19
7
3
13
15
7
11
15
7
11
9
7
47
11
7
7
13
7
15
11
7
11
9
5
15
13
9
7
13
15
3
2
3
7
47
3
5
5
3
2
17
2
5
3
2
9
0
7
7
5
5
7
7
9
13
3
7
9
3
7
3
9
17
0
11
7
