11
56
11
10
10
15
0
0
0
0
0
0
11
0
11
0
12
0
9
11
0
0
0
0
12
9
8
17
13
15
0
0
0
0
0
0
12
5
12
9
16
16
5
0
0
2
0
0
41
11
10
23
1
0
0
0
0
0
0
1
1
1
15
12
0
0
2
4
6
0
0
0
13
1
7
12
13
18
10
0
0
0
0
0
0
11
24
13
19
13
11
0
0
0
0
0
11
16
0
5
8
0
17
0
5
9
0
0
0
0
51
13
8
0
6
5
3
1
0
0
11
1
18
4
0
0
0
0
0
0
0
0
0
8
0
15
6
7
16
7
10
9
0
0
9
7
11
7
5
9
9
7
10
23
0
0
0
9
13
4
8
70
0
0
0
0
0
0
15
7
6
14
10
5
7
0
0
0
0
0
1
3
15
8
16
6
0
7
4
7
0
0
0
0
0
0
9
0
4
0
4
5
0
10
19
6
7
10
13
9
0
15
0
9
12
0
0
7
6
9
1
4
1
7
0
6
11
0
9
8
0
14
10
12
9
7
11
0
0
0
9
10
11
4
16
6
7
4
2
0
0
0
0
3
22
8
0
5
5
7
8
0
0
0
0
1
12
10
0
0
6
5
7
2
0
0
7
6
0
14
10
3
1
11
6
16
0
1
