0
18
11
15
10
17
17
8
10
21
13
6
10
6
4
12
17
9
27
4
15
11
4
8
4
10
8
15
10
8
21
10
6
10
11
6
17
17
8
6
25
15
13
15
17
19
15
8
24
8
8
6
23
8
10
19
6
8
21
13
6
19
15
15
15
21
50
26
19
11
19
38
19
26
17
17
35
17
21
27
28
15
21
21
25
15
13
21
27
21
53
26
19
22
21
26
21
24
19
31
18
20
33
15
38
32
26
31
17
24
29
25
15
36
15
50
23
18
46
11
21
29
19
28
34
31
45
30
17
37
20
25
30
21
36
25
31
15
15
31
17
38
35
23
21
36
33
31
38
15
32
42
17
44
38
69
39
19
23
11
29
34
34
19
27
37
36
48
28
44
46
27
32
25
19
29
40
36
35
54
52
54
17
19
17
30
29
21
17
13
17
25
76
25
37
61
13
31
46
36
19
21
15
23
30
17
19
25
24
22
34
27
29
21
38
38
15
27
13
29
37
21
29
27
34
30
33
31
19
17
21
38
25
27
26
30
21
6
15
23
23
40
22
15
21
21
11
30
13
17
21
13
21
17
6
48
10
13
15
15
12
9
17
13
15
8
19
19
17
10
9
21
11
15
10
8
15
27
26
10
23
21
13
23
23
15
13
12
