1
1
1
0
0
0
1
0
1
1
0
1
1
1
0
0
1
0
0
0
0
1
1
1
0
0
0
0
0
0
1
1
0
0
0
1
1
0
1
0
1
0
1
1
0
1
19
1
0
1
1
1
1
1
0
0
1
1
1
14
0
1
1
0
1
1
0
0
0
1
0
0
1
0
1
0
1
0
0
1
0
0
1
0
1
1
1
1
0
1
0
1
0
1
0
0
1
1
0
1
0
0
1
0
0
0
0
1
0
1
0
0
1
0
1
0
0
1
0
1
0
0
1
1
0
0
1
1
1
1
1
0
0
1
1
1
1
1
0
1
1
0
1
1
0
1
0
1
1
1
0
1
1
1
1
1
1
1
1
0
1
1
1
0
0
0
0
1
0
1
1
1
1
0
1
1
1
1
1
0
0
0
1
0
1
0
1
0
1
0
1
0
1
0
0
1
1
1
1
0
1
1
0
0
1
1
1
0
1
0
1
1
1
0
1
1
2
1
0
1
1
1
1
1
1
1
1
0
1
0
1
0
1
1
1
1
1
0
0
0
0
0
16
1
1
0
1
0
0
0
0
0
1
0
0
0
1
1
1
1
0
1
1
0
1
0
0
0
0
0
1
1
1
0
0
1
1
1
1
1
1
1
1
1
9
1
1
1
