34
34
34
38
38
27
39
35
35
39
39
37
34
32
35
38
38
35
33
34
32
33
39
34
39
36
39
40
33
38
39
34
35
33
36
39
39
35
32
33
33
39
38
37
39
34
35
37
39
40
37
35
40
34
39
33
38
38
38
38
39
35
38
36
38
40
39
38
38
36
39
33
39
35
33
39
39
39
36
34
38
39
37
28
38
28
38
38
39
38
39
38
32
38
39
39
39
33
36
37
35
36
37
34
38
38
38
38
38
38
39
38
39
37
38
35
36
38
36
37
34
36
38
36
39
38
36
37
37
39
38
27
36
26
38
38
37
39
36
36
35
35
38
38
35
33
33
39
38
39
35
34
35
38
38
38
29
35
39
37
39
38
33
39
38
36
39
39
34
32
37
34
37
34
34
37
34
35
38
36
35
35
32
34
38
39
35
33
33
38
37
38
33
34
35
38
35
36
32
33
36
38
39
37
33
39
37
35
34
27
34
35
39
33
37
38
32
36
39
40
37
38
34
38
38
38
38
39
34
36
31
38
37
38
35
39
28
35
39
38
34
32
38
39
38
36
34
33
38
39
39
38
33
34
39
38
39
38
35
39
34
39
36
35
34
34
39
36
37
28
35
36
34
39
39
38
33
38
35
39
38
38
35
32
40
39
39
34
