7
13
11
8
9
7
15
8
13
2
6
8
0
6
17
8
8
11
13
2
8
6
17
4
2
2
8
2
11
0
4
8
11
4
8
8
9
17
9
9
6
11
11
8
10
11
19
11
15
66
4
6
11
6
6
4
15
31
13
6
25
11
4
4
6
15
11
23
10
13
23
13
8
23
29
10
10
13
13
23
8
6
15
11
15
31
25
21
21
44
15
27
19
23
13
11
38
25
13
25
30
13
25
17
21
25
15
36
13
15
11
27
14
32
30
13
17
11
32
19
34
17
8
18
13
21
29
11
9
10
25
24
13
24
34
27
25
17
11
21
11
17
17
34
23
17
26
17
19
27
40
17
24
15
15
19
21
28
21
23
34
27
29
30
49
28
28
36
27
38
13
25
17
13
23
28
21
8
23
19
26
29
19
23
36
13
21
23
15
11
32
19
21
30
17
27
34
21
13
27
23
36
19
32
28
17
19
21
23
22
25
21
21
13
11
23
17
15
11
15
17
4
65
15
17
10
15
38
11
19
19
25
10
17
13
13
9
27
10
21
21
21
8
13
15
4
40
15
8
13
11
7
13
6
17
13
10
6
23
9
8
8
13
6
15
6
11
9
17
2
4
8
21
11
9
8
23
7
2
6
17
8
4
19
9
4
11
8
