72
70
65
64
56
63
68
64
73
72
69
71
71
68
62
70
68
66
71
68
72
69
66
67
70
69
58
70
63
69
72
69
73
64
69
64
70
70
60
70
64
67
64
69
68
67
72
69
68
69
60
68
63
64
72
71
59
57
68
67
68
70
60
70
67
67
67
70
65
70
68
72
71
69
62
69
72
65
68
70
68
70
71
65
71
71
61
71
71
68
68
68
69
66
72
69
65
69
65
67
73
67
69
70
70
67
72
69
73
70
62
69
70
65
67
65
67
69
71
70
70
70
61
65
62
60
71
68
68
58
70
72
70
72
64
69
65
63
73
64
66
67
67
68
70
67
65
73
62
64
65
72
69
67
69
71
68
71
60
72
61
67
66
69
69
70
71
69
70
70
57
70
65
63
67
69
71
66
67
70
66
69
55
69
60
64
69
67
69
69
68
67
64
64
58
69
66
65
71
62
70
68
65
64
70
68
62
69
71
71
66
69
70
68
68
70
65
70
59
62
63
63
66
72
67
62
71
72
70
68
62
69
65
62
68
65
72
69
66
70
70
68
62
74
69
61
69
70
67
72
70
72
69
69
61
68
65
65
69
67
65
71
72
71
70
68
59
71
67
60
70
71
70
66
68
70
70
60
63
67
70
70
69
67
70
72
72
67
