7
5
7
5
5
3
9
2
2
2
2
3
2
2
2
3
5
9
0
0
2
5
0
2
17
2
3
3
3
5
15
3
2
9
2
11
3
7
3
7
2
27
5
3
5
3
5
7
11
7
3
9
5
9
3
3
7
7
9
13
13
5
5
5
3
9
9
23
13
9
9
11
17
11
5
5
3
9
9
11
9
15
9
7
7
23
11
9
9
7
9
7
5
11
11
3
11
15
23
13
5
5
15
23
7
11
9
7
5
11
5
9
11
7
5
11
7
9
11
3
7
7
7
7
7
9
11
7
9
9
11
15
13
3
7
17
13
11
7
11
31
5
7
13
15
9
3
7
7
21
11
11
5
13
17
25
19
19
3
9
7
25
11
19
7
3
5
15
13
25
9
23
7
17
9
13
5
9
15
7
23
15
19
13
7
9
7
11
15
7
7
13
9
15
11
15
7
13
9
17
15
11
15
13
11
9
11
9
15
13
13
19
15
15
11
11
17
9
17
11
15
13
47
7
19
23
3
11
3
23
19
7
9
13
11
13
9
7
7
5
7
7
9
11
9
7
13
11
19
7
3
7
5
11
3
9
2
11
11
9
7
2
9
7
11
7
3
5
9
7
5
2
7
5
1
7
3
7
7
7
19
9
2
15
9
5
7
5
