6
2
3
2
7
3
3
3
3
2
2
3
3
8
2
3
2
2
2
1
4
8
2
2
2
2
3
3
2
2
2
3
3
4
2
2
3
2
3
3
2
3
3
1
0
3
3
2
3
3
3
2
2
1
0
7
3
8
2
3
2
0
2
3
3
2
1
6
3
3
2
3
3
8
2
2
0
3
1
2
1
1
0
2
0
2
3
3
2
3
3
2
1
1
3
2
3
2
2
3
3
0
1
11
3
3
0
2
2
2
2
3
2
2
1
6
2
1
2
3
2
3
3
3
8
3
1
2
1
3
2
8
3
3
2
2
2
2
3
3
0
2
2
2
2
3
2
2
2
2
3
3
3
3
3
3
3
2
2
2
2
2
2
3
0
3
3
3
3
3
3
2
3
3
3
2
2
3
3
2
3
3
2
3
3
2
3
3
3
3
2
1
3
1
2
3
1
2
3
2
3
3
5
2
2
0
8
2
2
2
3
2
3
3
3
3
1
2
3
2
3
2
0
8
1
2
3
2
6
2
3
8
2
3
2
1
1
2
2
2
3
3
2
0
2
2
1
3
3
1
3
3
2
3
2
5
2
0
2
3
3
1
2
3
2
3
3
2
3
2
3
2
3
1
3
3
1
3
2
2
2
0
0
3
3
3
3
3
