4
2
4
2
2
3
2
2
2
2
2
4
6
2
3
0
2
2
2
2
0
4
0
2
2
2
2
4
2
4
4
0
10
2
2
0
2
2
2
2
4
2
6
2
0
4
2
2
0
4
2
0
2
2
2
3
0
4
0
7
4
3
5
0
2
2
2
4
1
4
4
5
2
2
2
2
4
3
3
0
4
2
3
0
8
2
2
2
4
2
5
0
2
2
4
3
2
0
1
4
22
2
0
2
7
2
0
4
2
3
4
0
2
2
1
2
4
4
2
0
0
3
2
1
4
0
0
2
2
3
2
4
2
2
2
2
2
2
2
3
0
6
2
4
2
0
2
2
5
2
2
4
1
2
1
9
4
3
6
2
3
6
2
2
2
2
2
2
2
3
4
2
2
2
4
4
2
2
2
3
0
2
4
2
2
4
0
2
0
3
0
2
6
12
2
2
0
2
0
4
2
2
2
0
2
5
2
2
3
4
2
2
2
2
0
4
3
2
5
5
0
4
2
1
6
1
3
2
2
6
2
0
3
2
2
16
4
4
4
3
2
2
0
43
1
2
2
0
2
2
2
2
2
2
4
1
2
0
2
2
4
0
2
0
2
4
20
2
2
0
4
0
6
2
2
4
2
4
2
1
16
3
0
4
6
4
0
4
