14
7
18
19
12
18
24
14
10
17
16
29
27
4
9
8
5
6
4
5
9
2
4
4
7
39
7
2
4
4
5
7
5
4
6
6
8
4
8
8
6
8
6
2
12
7
42
6
3
11
5
6
9
9
6
4
7
7
11
4
4
5
2
6
7
3
4
4
10
5
2
11
9
6
9
5
7
6
7
6
8
7
9
8
13
2
5
4
6
4
4
9
10
9
5
8
13
5
3
7
7
5
7
4
4
9
5
8
7
9
8
7
7
7
6
4
7
6
4
4
9
3
7
11
7
6
7
5
5
5
7
4
2
8
6
2
3
4
4
5
11
6
3
31
9
6
8
7
13
69
6
26
13
7
6
10
14
9
7
37
6
8
5
7
7
7
10
6
8
8
9
6
5
7
4
7
27
2
5
6
5
8
4
7
6
31
7
4
2
46
5
10
4
4
5
8
3
8
9
45
5
2
8
5
6
4
7
4
7
6
6
8
7
9
5
11
5
8
6
4
4
16
9
8
11
7
4
7
17
2
9
20
6
19
7
5
6
4
8
11
4
8
7
5
7
8
6
9
8
7
6
4
11
5
11
4
9
38
2
6
4
20
11
9
4
7
5
2
10
4
5
8
10
8
9
6
29
57
10
12
2
4
5
7
7
5
23
6
