8
10
4
0
4
14
10
2
4
0
2
8
6
4
4
0
4
10
4
2
10
6
2
16
0
2
4
2
0
4
0
6
0
2
2
0
2
4
8
8
4
6
4
4
4
8
6
6
6
8
4
6
6
0
6
6
6
14
10
4
4
6
14
0
10
10
4
6
8
10
6
10
10
4
4
6
6
4
4
8
6
10
13
12
12
14
8
8
13
8
12
14
8
17
4
18
13
14
8
8
16
21
8
17
8
10
12
8
10
6
8
12
10
10
6
12
10
17
12
14
10
8
10
8
21
10
10
8
4
4
8
10
8
16
10
8
8
8
17
10
16
6
14
6
21
12
6
6
8
10
12
19
10
10
16
12
17
8
16
4
14
6
16
2
16
6
15
15
8
21
16
17
13
16
6
4
4
4
4
14
12
8
6
25
29
10
6
8
23
12
14
21
11
19
8
8
14
12
19
23
10
19
6
14
12
21
17
14
17
16
6
6
16
19
8
6
6
10
6
10
8
8
6
21
10
10
12
6
4
8
6
8
12
14
4
8
4
8
17
10
12
14
4
2
6
6
14
14
4
6
8
8
10
2
4
4
14
2
4
4
4
6
6
4
8
43
2
4
8
0
6
4
4
2
8
6
0
4
10
6
4
2
7
2
4
6
6
2
