9
18
11
8
7
9
16
6
13
2
8
6
6
2
6
4
4
17
4
8
4
8
6
8
4
2
6
9
7
2
6
9
9
6
11
6
9
6
8
9
13
2
19
8
8
33
4
21
8
17
8
9
11
6
9
6
15
41
18
13
6
8
9
14
6
21
11
8
11
34
15
6
8
21
32
15
15
24
19
19
11
20
24
19
17
21
11
19
13
28
17
43
19
21
32
34
30
30
42
15
32
39
19
15
32
20
11
11
9
24
11
11
19
15
23
20
19
19
17
25
23
38
21
23
28
42
37
22
23
45
46
36
30
21
19
41
26
30
21
21
28
9
15
9
46
9
34
19
11
30
21
34
28
64
17
11
38
8
6
19
34
13
19
36
8
11
19
19
35
8
25
15
29
26
37
19
30
8
9
47
30
11
23
6
5
27
23
15
9
24
26
30
0
6
9
21
21
9
23
23
30
26
9
19
17
6
17
2
37
38
27
20
40
6
17
13
2
11
11
6
15
21
28
19
32
35
6
17
13
11
13
19
14
17
9
15
10
9
14
6
15
13
19
13
7
17
21
13
11
8
15
7
8
13
11
21
25
8
9
11
14
6
8
11
9
15
6
11
17
9
11
9
11
6
9
6
29
6
11
7
4
11
6
6
15
18
9
13
