3
0
1
7
0
3
0
7
1
0
1
5
0
1
3
75
0
0
0
0
5
3
0
1
1
5
3
3
1
1
0
24
5
3
3
1
1
0
1
3
1
1
1
3
0
3
0
3
1
1
0
0
0
1
3
5
0
7
3
1
3
16
5
0
1
0
3
63
3
1
65
3
3
5
1
9
33
5
5
57
3
4
3
0
3
1
0
1
0
3
1
0
0
60
1
5
60
0
0
3
7
3
1
3
1
7
1
25
5
0
0
0
3
3
0
0
0
0
5
1
7
6
3
0
3
5
1
0
1
1
0
1
0
1
3
5
3
56
3
0
23
10
1
55
0
0
1
5
0
0
3
58
1
5
3
0
0
3
5
1
61
0
3
0
1
25
1
5
3
0
5
42
1
5
3
1
5
5
0
3
0
3
3
3
0
0
3
5
3
0
0
19
7
8
7
0
0
1
0
5
5
0
1
1
0
5
5
3
1
1
0
3
0
3
3
0
7
3
19
3
3
1
6
89
3
3
0
3
5
3
1
9
59
1
3
0
0
0
1
1
1
3
1
0
0
7
1
22
0
1
65
3
3
3
9
3
0
1
3
0
7
3
0
5
0
49
1
3
7
9
7
3
3
3
3
3
6
3
3
0
1
6
3
0
51
0
5
5
