15
13
16
9
27
14
9
16
10
8
11
8
5
13
16
6
13
9
16
10
12
11
4
10
11
12
11
8
14
14
11
9
10
11
4
11
5
10
12
10
13
12
9
7
10
11
4
10
13
24
11
16
34
21
19
8
22
19
32
22
13
15
29
11
18
27
19
30
3
13
49
18
45
41
50
20
37
13
29
34
9
51
54
44
14
29
44
31
27
40
32
25
24
29
27
11
27
23
33
35
31
27
35
34
41
22
17
19
34
23
14
18
23
42
22
51
23
41
26
24
19
45
15
17
27
28
25
43
35
27
15
12
41
29
29
37
24
31
19
34
24
50
42
56
21
27
63
36
39
28
23
19
34
41
39
47
37
39
38
61
36
69
59
77
45
46
52
19
37
37
45
29
36
45
40
65
75
37
51
12
48
42
37
49
20
40
43
56
56
45
54
63
38
32
49
30
40
40
53
61
45
46
31
54
13
38
32
31
9
38
64
48
32
56
37
36
43
43
46
49
58
9
24
55
20
15
40
26
54
26
45
33
29
36
51
43
32
26
9
12
59
27
38
47
16
10
41
16
46
20
19
11
22
19
7
18
11
11
26
30
19
40
11
23
13
14
13
23
21
9
15
11
21
11
18
15
14
12
21
13
15
7
6
10
6
11
23
9
