11
4
4
4
2
12
14
4
4
6
6
8
0
2
2
2
10
0
2
4
14
8
0
0
6
0
4
2
6
6
8
6
8
21
19
8
4
4
4
8
6
2
8
14
14
6
10
4
6
16
10
8
8
10
2
6
4
6
8
17
4
4
4
6
4
8
2
14
2
10
8
6
12
4
16
8
6
4
11
6
12
10
14
16
4
10
10
8
10
17
8
6
21
6
8
15
14
17
8
23
8
6
16
35
10
21
12
19
16
23
14
6
10
12
19
6
14
12
12
2
35
12
12
14
10
14
25
17
10
25
23
21
4
10
4
27
6
15
8
17
12
16
16
12
12
17
12
2
12
4
12
12
10
6
8
19
27
6
10
10
27
16
19
23
14
19
17
8
6
6
16
4
10
23
10
14
14
6
10
16
31
8
27
21
8
21
6
18
19
12
10
10
29
10
6
12
23
14
25
33
25
23
8
8
16
14
21
23
12
19
10
14
8
16
4
18
9
15
14
12
6
16
13
10
13
8
16
6
8
4
4
4
8
4
2
6
14
14
8
17
6
14
4
14
12
10
17
10
16
6
17
8
10
2
6
10
4
14
10
8
10
10
12
2
9
8
2
19
10
2
10
6
12
6
8
10
4
14
4
4
23
10
4
12
6
6
6
0
