28
10
27
17
17
10
11
15
7
8
13
20
15
14
13
9
12
19
14
15
8
18
6
19
23
19
4
23
20
12
10
9
12
25
12
12
16
10
14
14
6
14
11
16
6
18
10
20
9
12
8
12
14
12
11
10
10
10
11
18
18
22
11
14
11
8
15
19
9
17
23
23
21
3
12
14
10
8
10
16
17
19
22
19
17
12
10
11
16
10
11
15
6
14
13
16
9
23
9
9
11
12
17
20
10
14
17
11
17
14
9
16
12
11
12
13
9
16
15
16
11
10
9
14
10
13
9
8
13
15
15
17
13
8
9
11
13
9
11
9
9
11
12
14
16
9
9
10
10
7
5
9
10
21
21
21
21
10
16
19
22
12
9
17
13
15
14
7
24
24
13
8
12
9
9
10
11
12
12
13
17
5
12
10
9
14
17
15
10
22
20
20
14
14
8
26
11
11
15
22
7
14
23
19
28
9
9
11
16
16
14
9
21
16
21
9
15
16
12
9
12
16
22
23
10
18
24
15
8
4
14
11
25
13
17
11
9
21
21
7
15
3
5
12
10
13
14
11
12
20
21
9
14
14
10
21
15
13
18
17
6
7
11
14
5
18
14
7
9
9
17
12
10
9
22
17
16
10
9
9
6
10
16
8
10
10
11
23
