8
6
6
4
8
6
12
8
2
4
2
2
0
4
4
12
2
12
6
6
4
2
2
8
2
8
2
2
6
4
4
6
0
10
6
6
8
0
8
4
8
2
8
2
2
8
0
6
6
4
2
2
0
8
4
4
10
8
16
2
2
4
8
4
4
4
4
4
6
6
4
6
4
8
0
10
4
4
18
8
10
10
8
16
8
32
6
6
6
12
12
12
16
18
6
8
4
6
8
10
10
8
10
12
12
8
12
4
16
8
10
4
6
16
16
8
12
12
27
10
8
12
8
6
10
16
8
10
16
10
12
16
10
14
18
12
21
8
10
6
10
10
12
14
6
6
16
8
14
10
12
12
11
8
8
8
13
16
14
16
12
12
14
4
8
6
6
8
14
27
8
4
10
16
6
12
2
6
8
12
6
10
14
6
4
8
8
18
23
14
10
12
16
10
16
8
6
7
27
16
16
20
8
8
10
4
18
10
16
13
16
18
4
4
13
12
8
12
8
10
26
14
8
10
10
14
14
2
12
6
8
10
8
17
8
10
7
4
10
8
10
8
6
6
10
8
14
10
12
4
4
12
12
2
4
4
2
6
8
8
4
6
8
4
8
10
6
6
4
4
6
2
8
4
10
4
8
10
9
2
4
4
10
2
6
4
10
4
