65
71
65
69
70
69
70
67
70
72
74
66
72
57
65
68
72
63
60
65
70
62
72
63
51
64
63
64
50
70
67
67
67
66
62
55
56
65
63
65
52
57
66
72
71
39
65
64
58
72
67
64
52
64
72
68
75
66
77
62
74
72
74
66
64
69
64
72
66
70
75
72
74
66
67
76
73
68
58
62
65
75
67
60
74
73
68
71
45
60
74
63
74
65
63
64
70
72
71
70
15
59
61
61
72
66
59
75
67
73
68
72
72
66
76
76
69
65
71
75
72
74
70
65
72
64
70
66
69
70
64
63
72
64
68
75
72
74
64
66
66
63
65
76
65
65
65
59
66
65
64
61
70
75
67
72
71
64
68
63
18
68
63
73
65
73
67
62
67
72
61
61
75
63
70
65
62
73
70
66
65
67
73
72
41
67
68
66
71
68
66
68
69
65
66
53
55
63
72
73
67
64
63
74
71
63
67
65
31
74
65
72
64
48
42
65
63
63
64
64
74
66
65
62
62
69
63
63
68
73
73
73
59
66
67
51
66
67
66
63
57
64
70
67
58
61
68
66
65
63
68
75
73
63
61
71
65
63
75
66
62
63
72
63
68
65
66
67
71
54
66
66
65
75
73
72
59
64
66
64
71
59
64
66
67
63
71
69
