8
7
2
5
4
5
5
1
2
7
5
1
2
1
8
3
3
2
3
6
1
6
7
0
3
4
2
5
2
10
7
6
5
2
3
6
15
4
1
4
3
5
4
0
4
4
9
3
6
5
8
10
2
1
3
3
4
2
5
5
13
0
2
2
2
4
4
2
1
4
4
1
3
3
7
2
5
2
3
2
1
3
0
4
3
3
4
6
4
2
3
9
3
0
4
8
5
3
1
2
2
0
0
0
3
3
4
6
15
1
5
3
4
3
3
4
4
6
5
4
4
3
3
1
7
10
6
6
5
4
5
4
4
8
7
5
3
1
1
4
3
4
4
4
4
2
3
3
2
4
6
3
7
3
4
1
2
3
2
4
3
5
4
3
6
4
3
3
4
6
2
5
3
6
2
9
7
1
2
3
2
2
3
1
2
4
4
6
2
1
8
0
2
4
1
1
3
1
3
6
2
2
2
4
1
3
2
2
3
9
4
8
1
2
6
1
1
11
3
5
4
12
3
6
9
3
2
4
2
3
7
3
0
5
4
6
2
1
5
0
3
4
4
4
3
4
3
10
2
2
3
5
10
3
4
3
2
4
1
5
1
1
4
2
3
4
4
7
6
2
5
3
5
5
6
7
4
3
2
8
3
3
1
5
3
6
2
3
