36
34
34
34
37
34
35
35
34
40
37
38
38
34
34
36
33
38
31
34
34
35
40
40
40
34
37
40
35
36
37
32
35
38
39
35
39
33
34
33
36
38
39
37
37
32
33
35
37
40
32
39
35
39
37
34
39
38
34
38
39
30
39
38
38
31
38
29
39
36
36
37
37
33
38
39
38
38
35
35
38
38
33
20
36
26
38
38
38
37
35
38
38
39
38
38
35
30
38
32
33
32
33
35
37
39
38
39
32
35
39
38
36
37
29
37
39
38
33
38
33
36
37
34
30
38
31
29
33
37
37
38
31
36
31
33
38
28
34
31
34
37
38
36
37
37
39
38
37
37
31
34
37
39
35
37
36
33
38
39
37
37
31
38
39
38
36
33
34
35
38
39
38
33
35
32
36
37
37
39
31
32
32
31
38
40
34
37
33
34
37
33
20
39
38
36
39
32
33
34
34
38
39
33
32
35
38
37
30
33
35
39
38
37
39
33
33
37
39
39
35
32
38
38
30
37
35
32
34
39
34
38
35
36
34
38
37
38
38
33
32
33
38
34
36
34
35
39
38
39
37
31
39
36
37
39
38
35
39
39
38
35
34
36
36
36
39
35
38
32
39
33
38
39
39
34
34
39
39
39
34
33
32
38
33
36
33
34
