2
0
5
2
2
0
12
0
0
4
0
0
9
2
0
15
0
0
0
4
0
7
0
2
2
2
0
4
0
0
0
0
0
0
0
2
6
16
13
7
0
5
2
0
0
0
8
7
0
2
5
0
0
5
2
3
2
9
5
7
2
0
0
4
0
0
9
7
13
5
0
0
7
0
0
2
0
7
9
2
3
0
12
0
2
0
0
2
7
3
0
0
7
4
4
0
0
6
13
2
5
4
3
6
5
9
3
18
12
2
0
10
7
0
14
0
0
2
2
2
0
10
5
0
0
2
0
0
4
13
9
0
2
2
3
2
39
2
0
3
3
0
6
5
3
2
3
5
23
2
5
5
5
0
0
7
17
9
3
27
10
0
0
32
13
4
2
3
7
78
11
36
20
4
3
4
0
2
3
15
9
66
0
0
6
7
5
2
17
0
0
5
2
7
11
4
0
5
2
8
15
8
2
13
20
28
14
0
14
0
5
2
4
2
2
7
5
0
2
5
0
3
2
0
0
0
16
0
2
9
7
7
0
9
0
0
0
12
0
0
0
5
0
0
27
0
0
25
2
0
2
2
5
3
9
0
2
2
53
0
4
2
0
2
0
5
2
2
0
3
0
2
2
2
2
0
0
10
5
2
11
0
0
5
9
0
5
12
