3
0
3
0
3
0
1
15
9
0
1
0
1
0
1
0
0
3
1
0
1
0
1
1
5
11
1
0
0
1
1
1
1
1
1
1
0
0
1
1
1
0
1
11
1
0
0
0
3
1
1
3
0
0
7
16
1
1
3
1
0
0
1
45
0
0
0
0
1
0
0
0
0
1
0
0
59
16
1
1
7
0
1
0
0
0
0
3
0
0
0
1
0
0
0
0
1
0
0
0
0
0
1
3
0
1
0
0
5
0
0
59
0
1
0
0
9
0
0
0
1
3
0
1
0
1
0
1
63
3
1
0
3
7
1
0
0
1
0
0
0
1
62
0
0
0
0
0
3
1
1
0
3
1
61
0
1
0
3
1
1
1
1
5
0
14
67
5
0
1
0
1
0
5
0
0
0
17
1
1
0
0
0
0
1
0
0
0
0
0
18
0
0
1
0
9
1
0
0
0
0
0
1
1
0
1
0
3
1
0
0
0
1
0
3
9
0
0
1
1
1
0
1
1
0
13
1
1
1
1
0
0
1
1
1
0
0
0
1
1
1
0
0
3
0
3
0
1
1
1
0
0
0
7
0
0
0
0
1
1
0
0
0
0
0
1
0
1
1
0
0
0
1
0
0
1
0
1
1
1
3
1
3
1
3
0
0
1
