2
7
7
8
4
7
11
13
6
7
4
10
7
2
4
20
8
7
4
4
8
5
13
7
2
9
9
6
4
8
6
17
6
8
4
6
11
4
2
12
4
2
8
5
10
4
4
6
4
6
9
13
6
7
7
6
4
5
2
15
9
7
8
6
9
2
2
7
8
5
7
8
6
19
6
9
10
10
5
6
5
9
6
9
7
4
13
15
7
15
9
7
3
15
11
9
6
7
14
11
6
4
4
11
6
5
7
5
7
5
5
8
17
5
5
15
13
11
8
4
9
13
7
10
7
15
12
7
11
9
11
8
5
5
44
3
4
8
9
5
6
9
6
8
11
5
5
7
9
11
5
4
7
19
8
9
7
12
25
5
5
6
3
6
5
15
9
16
7
5
5
6
5
9
8
13
6
9
11
9
17
7
5
17
11
11
13
9
7
9
4
11
3
14
5
9
15
9
11
10
8
7
9
7
7
5
7
13
9
55
6
13
5
9
9
13
13
16
5
17
13
11
10
11
6
6
20
12
13
9
4
6
6
5
13
7
4
11
7
8
9
11
8
10
7
6
9
7
6
9
6
9
8
10
7
4
5
4
2
5
7
13
10
13
7
4
15
4
4
4
3
6
3
5
6
7
5
8
6
4
2
6
2
5
4
4
7
4
