18
19
7
9
15
22
21
13
13
7
11
28
16
6
11
6
11
16
4
11
9
4
4
6
5
3
5
5
7
7
26
13
7
8
8
5
6
0
11
11
4
3
15
19
9
9
11
15
9
0
19
9
31
6
15
11
15
21
13
0
24
17
13
7
28
9
19
14
20
19
24
32
19
22
30
8
30
20
25
9
13
11
28
28
34
18
0
34
19
15
28
16
9
0
26
27
31
19
24
19
19
29
26
19
13
17
32
28
17
28
28
48
28
17
19
17
19
28
32
24
25
21
28
32
26
26
9
19
28
9
15
36
15
40
30
23
22
32
37
19
19
21
24
28
42
17
40
26
29
22
26
15
28
9
38
30
44
23
27
28
28
28
36
21
43
16
30
30
57
19
0
28
29
23
28
8
28
30
36
31
29
28
24
19
30
35
19
19
21
24
22
28
39
22
24
17
17
26
18
16
19
9
13
20
19
17
25
22
36
22
19
9
15
11
17
49
23
30
19
19
19
24
9
11
28
27
28
18
32
16
23
33
25
0
21
23
19
22
23
25
26
13
32
18
11
15
22
12
24
36
21
7
14
7
4
17
4
0
22
11
26
7
19
9
13
4
8
6
11
15
34
4
15
13
7
45
8
5
25
9
18
9
12
11
19
8
21
9
