4
2
6
8
2
4
4
4
4
12
2
4
4
0
2
0
8
6
4
2
2
6
4
8
4
2
0
2
0
0
6
4
2
2
0
4
6
2
2
0
4
2
6
0
4
2
8
2
2
0
8
6
4
2
4
4
2
8
2
4
1
6
0
2
2
4
2
0
4
6
2
10
2
6
6
4
0
0
8
4
4
6
6
2
2
2
6
0
2
0
0
2
2
4
8
4
6
4
0
2
2
2
4
4
4
6
8
4
6
0
2
2
0
8
8
8
2
2
6
2
6
0
4
0
4
4
14
2
6
2
0
4
8
8
0
4
8
6
0
2
4
0
0
8
6
4
2
8
8
10
2
0
6
8
4
2
8
8
16
6
4
6
2
2
2
4
8
6
2
0
0
6
0
2
6
0
4
6
4
6
2
6
6
2
4
4
2
2
12
8
4
2
4
6
16
6
2
0
10
8
2
8
0
4
2
1
0
2
4
6
0
2
2
16
6
2
2
2
8
4
6
2
2
0
0
12
6
12
0
4
4
4
0
4
4
6
6
2
10
6
10
1
1
6
8
6
4
4
8
2
8
6
4
8
6
1
4
2
4
12
6
2
2
2
2
4
4
4
4
4
2
8
4
3
2
0
8
2
6
0
6
5
2
1
2
3
6
0
