10
4
6
2
4
6
0
2
8
0
8
4
2
6
4
2
8
4
0
4
6
4
4
4
6
2
0
0
2
4
6
6
4
2
8
2
4
10
6
2
33
2
6
6
4
6
2
4
6
2
6
25
6
10
10
17
14
6
12
6
10
4
6
14
4
6
10
4
2
6
8
4
4
6
10
6
4
2
4
12
18
14
4
2
6
12
16
4
8
4
10
10
21
6
4
8
8
18
12
6
12
10
10
10
23
14
12
6
6
8
12
6
4
10
4
6
4
6
16
4
6
25
10
6
16
12
4
8
16
8
8
8
8
4
12
8
8
12
8
14
18
12
10
8
4
14
19
10
8
8
6
21
8
16
14
10
16
49
8
6
12
4
2
20
16
6
16
8
12
18
10
19
8
12
10
12
8
10
10
4
13
6
8
12
10
8
6
16
12
2
8
6
17
18
23
12
8
16
16
8
21
10
12
8
19
14
4
10
12
8
2
8
6
12
10
16
10
6
8
21
10
20
8
4
18
4
4
6
2
19
10
14
8
4
12
10
4
8
6
14
8
8
6
10
4
10
19
4
4
2
6
4
6
2
2
4
6
6
12
10
0
4
4
12
6
0
2
14
4
8
2
12
6
8
4
10
10
6
2
4
6
8
2
2
0
4
4
4
