71
73
78
74
72
73
70
78
76
77
70
73
77
77
75
79
79
72
77
74
79
76
72
72
77
78
78
64
71
71
70
78
67
63
73
78
79
74
71
70
70
78
78
78
72
73
69
72
79
78
72
68
65
73
77
78
75
73
71
78
78
70
78
73
72
77
71
78
72
77
75
77
79
71
69
70
77
78
71
77
63
70
72
72
78
66
76
78
78
77
77
77
70
78
78
77
78
77
78
78
78
78
77
70
76
73
71
76
75
71
77
77
68
77
75
68
76
78
70
76
77
69
72
78
72
77
70
76
74
77
75
75
61
76
72
76
78
76
70
70
73
78
77
66
78
78
77
76
78
69
72
77
74
77
73
69
77
71
78
78
76
70
67
78
77
75
78
67
77
70
76
78
77
70
66
77
72
70
77
61
62
71
73
71
77
56
72
75
76
71
72
71
71
73
77
76
67
74
72
64
75
76
71
72
70
78
77
74
68
70
74
77
70
77
72
72
72
70
77
75
68
64
71
77
77
71
73
78
76
77
77
63
72
72
72
74
77
72
72
70
78
72
68
72
72
77
78
78
70
79
73
78
69
73
74
72
71
71
71
78
73
73
71
72
79
74
78
71
79
73
78
70
72
72
78
77
78
72
77
77
73
70
78
71
68
72
77
72
