0
18
9
0
0
18
8
43
9
18
4
9
0
0
18
0
8
9
8
0
25
19
0
0
16
18
19
7
25
16
27
13
7
8
18
18
18
18
0
28
9
20
0
8
0
15
0
9
14
0
9
18
21
50
44
15
9
0
7
9
20
9
0
9
0
7
8
0
35
9
8
0
9
9
16
0
31
0
0
39
13
9
8
0
10
31
27
23
7
0
23
0
16
36
0
9
14
9
0
18
23
9
16
18
0
11
25
0
0
23
7
0
9
0
24
18
17
18
27
0
9
7
0
0
27
32
18
9
8
18
0
9
0
16
0
0
0
0
0
9
4
9
18
9
9
11
3
22
0
4
25
17
9
0
0
36
42
25
0
0
27
0
17
13
0
8
38
9
9
42
27
9
0
14
39
8
27
17
11
17
18
18
18
0
22
9
0
23
0
9
18
15
14
17
0
22
18
10
15
9
25
0
0
0
0
4
0
41
29
23
0
0
0
18
0
18
26
0
4
10
12
18
9
9
9
18
0
0
13
9
8
0
0
35
18
0
0
9
18
7
18
0
8
12
25
0
0
9
0
49
0
26
22
18
0
4
18
9
0
11
16
0
0
9
9
7
9
0
0
18
0
9
5
15
18
0
9
49
5
0
8
7
14
0
9
9
18
0
