1
1
1
3
3
1
0
0
2
1
1
1
1
1
3
1
1
1
3
1
3
1
3
3
2
3
1
1
2
6
1
4
3
1
1
2
3
1
3
3
1
1
3
3
1
1
3
3
3
10
1
1
1
3
3
1
1
1
3
3
11
4
3
3
1
11
1
3
2
2
3
3
0
3
1
3
2
3
3
9
1
4
1
4
1
4
1
3
1
4
3
1
2
3
2
1
3
3
3
2
1
4
2
1
2
1
1
10
1
3
3
2
1
2
3
1
1
1
0
3
3
3
3
3
3
11
3
1
1
4
3
1
3
1
1
3
1
2
1
3
1
9
1
3
3
3
1
0
3
2
2
1
3
2
3
4
1
1
4
1
3
9
1
1
1
1
1
3
4
3
10
1
5
4
4
3
3
2
2
3
3
3
2
1
1
3
1
3
4
1
2
1
3
3
3
4
2
1
3
1
1
3
1
4
3
3
4
1
1
4
4
3
3
2
4
1
1
3
1
1
1
0
3
1
3
3
1
3
6
3
1
2
2
2
2
10
9
1
1
0
3
1
11
0
1
5
3
1
2
1
2
2
3
2
3
1
1
2
1
3
3
3
1
3
3
3
3
1
2
1
2
1
1
4
2
3
3
2
2
1
1
1
1
4
1
1
1
1
