10
6
9
2
4
2
6
10
2
0
6
7
6
2
8
8
4
0
0
8
4
6
2
4
8
5
2
6
0
4
6
6
10
6
6
10
0
8
2
8
8
8
10
2
2
10
4
6
6
6
0
8
6
2
4
4
4
6
2
12
10
6
8
12
4
6
7
6
4
11
10
6
4
19
6
11
4
6
9
15
8
6
8
4
9
4
8
13
11
8
8
6
9
6
10
11
11
6
8
15
6
9
6
15
12
11
6
11
19
9
13
2
8
13
11
4
4
15
8
6
15
11
10
21
11
25
17
9
9
10
6
13
8
10
4
8
15
6
11
7
10
11
13
19
15
7
17
31
8
9
19
4
10
13
17
15
6
11
11
15
15
17
17
25
17
9
10
13
19
15
11
15
13
8
21
9
17
10
27
0
4
13
6
8
21
10
8
12
6
6
8
12
8
15
6
13
19
10
7
4
21
13
14
19
13
12
9
10
15
13
11
19
10
4
4
15
14
6
12
10
12
13
13
8
15
8
8
12
14
6
10
8
8
10
10
14
7
12
15
12
9
10
10
13
4
4
12
6
24
8
10
8
8
8
4
2
8
13
2
13
6
6
10
11
6
12
12
4
6
10
8
6
6
4
15
8
2
6
10
4
9
4
5
9
6
6
4
4
