15
13
9
38
5
0
8
0
10
16
15
2
18
6
10
10
9
8
2
1
13
14
17
10
21
8
1
4
8
0
12
10
15
12
11
9
13
9
3
0
7
8
9
17
11
13
13
24
11
11
9
5
5
5
8
14
11
0
10
12
13
11
11
9
7
0
16
15
16
0
15
7
8
21
15
18
9
0
13
11
15
6
9
13
13
0
15
0
15
8
13
19
12
14
12
0
7
15
9
3
17
0
15
15
11
11
17
12
17
11
24
11
9
5
10
12
1
11
0
16
9
11
10
8
6
0
10
9
9
0
0
15
1
11
12
9
6
0
12
18
14
13
15
14
9
12
11
13
0
7
0
1
13
13
18
9
13
9
14
27
8
9
5
9
17
8
13
0
8
7
14
10
9
4
10
5
15
12
12
20
14
13
12
19
7
3
0
8
16
13
11
8
15
13
15
16
8
8
5
12
20
15
18
9
13
12
0
1
11
0
0
7
16
8
11
19
0
11
0
1
3
1
13
15
15
0
7
19
13
6
11
0
11
0
1
11
13
22
9
14
14
15
9
29
1
4
0
10
13
18
41
16
15
7
9
14
0
6
0
13
11
16
12
8
12
9
17
14
6
8
13
11
17
15
19
16
11
13
19
12
5
7
15
13
4
14
13
10
