3
4
2
5
4
3
7
0
3
5
5
0
2
3
3
2
1
2
3
5
3
3
2
7
7
9
3
8
2
3
5
6
5
5
3
0
3
2
3
4
3
3
2
6
3
4
3
2
3
1
2
2
4
2
4
5
3
0
3
2
2
2
4
2
5
71
3
2
3
2
5
3
23
2
0
4
4
4
2
2
5
2
5
2
3
3
4
3
9
2
2
3
0
3
8
2
3
4
1
7
6
2
0
5
5
2
5
2
3
5
3
3
2
2
6
4
8
3
3
5
3
3
2
4
6
2
2
2
1
0
2
9
4
0
3
4
3
5
8
3
3
4
3
2
1
3
3
3
3
3
3
7
5
2
2
3
5
2
3
3
5
4
9
3
9
0
5
3
3
7
9
4
3
3
3
7
2
9
2
5
3
0
3
1
3
3
3
3
7
2
5
4
2
3
1
2
4
2
3
5
3
0
5
3
1
5
0
3
3
2
5
4
3
5
2
3
2
5
3
4
2
4
7
0
2
1
5
5
2
9
3
3
2
2
4
3
3
1
7
4
1
4
2
5
3
3
3
5
3
3
7
2
3
2
2
7
2
2
4
2
2
5
4
3
3
2
3
6
5
2
7
2
3
5
3
4
5
2
3
5
2
3
5
5
2
5
3
1
