29
32
14
17
19
17
20
36
25
23
13
40
24
24
22
19
26
26
20
40
33
21
15
20
25
17
35
26
36
28
14
35
26
22
26
39
37
27
6
24
14
21
15
12
35
23
43
17
14
12
31
16
9
41
31
23
35
31
11
7
24
17
3
33
12
22
18
28
27
40
17
21
43
17
16
24
37
24
31
10
39
5
34
16
11
22
32
42
25
18
25
27
38
37
19
27
27
20
29
24
19
7
30
14
20
5
34
18
23
40
31
23
22
33
11
28
35
21
26
35
37
20
26
26
21
19
28
42
25
36
20
6
26
16
22
30
24
38
40
24
19
33
37
19
32
26
18
18
35
28
36
40
23
33
14
22
39
44
21
23
25
18
25
24
17
41
35
22
22
35
23
23
22
17
17
24
33
35
13
25
38
20
31
7
29
36
42
28
33
24
18
29
43
41
38
22
31
26
13
33
26
23
21
37
31
32
15
4
36
28
21
19
30
18
44
36
19
22
23
17
40
23
18
15
25
25
16
12
29
17
13
18
25
25
13
17
24
15
12
30
18
17
17
9
26
12
15
17
30
16
35
17
40
7
21
14
16
5
11
4
15
1
1
6
3
3
1
5
6
3
5
15
5
4
9
8
8
1
1
10
13
7
1
2
11
13
14
4
