15
13
9
7
11
14
13
20
17
7
6
9
11
17
17
19
4
9
15
11
9
17
15
82
11
11
5
7
8
4
9
4
6
4
16
11
7
6
4
7
6
11
15
7
12
19
6
7
7
2
11
4
6
9
13
4
7
6
0
2
4
6
6
7
28
15
9
4
4
9
16
13
13
9
9
6
13
6
9
7
13
6
15
18
7
9
10
6
9
9
7
9
22
9
11
13
2
15
7
11
7
13
2
4
7
11
9
13
7
16
11
9
9
17
15
16
11
15
5
13
13
15
13
9
22
11
18
13
12
7
18
19
20
9
9
13
22
9
22
18
16
15
22
9
15
16
19
13
4
7
7
12
14
9
22
15
15
21
9
15
28
11
21
7
15
8
7
5
7
15
9
22
9
17
4
13
22
17
13
34
24
33
17
17
7
9
20
14
11
20
28
24
13
13
28
16
9
11
11
4
4
6
16
7
8
6
9
16
14
15
14
11
11
9
17
9
19
7
5
9
13
7
12
16
20
17
9
18
5
9
11
16
5
9
7
16
15
6
4
11
14
11
6
11
6
13
9
11
9
15
4
13
7
11
9
8
5
7
7
4
7
15
4
13
2
4
4
7
2
2
7
2
4
0
0
6
0
2
2
2
7
4
6
2
4
2
0
4
