2
1
2
5
2
2
1
2
2
0
2
0
1
1
0
1
1
2
2
0
1
2
2
2
2
1
0
2
1
1
0
1
0
0
1
0
0
2
0
1
1
0
0
2
2
1
1
1
1
0
0
1
0
2
2
6
2
1
2
2
0
7
0
2
2
1
1
1
1
0
2
1
2
0
2
2
2
2
2
1
2
2
1
0
2
1
2
9
2
1
1
1
2
0
0
0
1
1
1
2
1
1
1
1
1
0
1
0
1
2
2
0
1
0
0
0
2
1
1
1
2
0
1
2
1
2
2
1
1
1
2
0
0
2
2
1
1
1
1
0
1
0
0
1
2
1
2
0
1
1
1
0
2
2
2
6
2
0
1
0
1
1
1
6
1
1
2
1
1
1
2
1
2
1
1
1
4
0
0
2
0
2
2
2
0
0
2
0
2
1
8
0
1
1
2
4
2
0
2
2
1
1
0
2
0
0
1
1
2
1
0
2
2
0
6
2
2
0
0
2
2
0
2
2
0
1
1
2
1
6
1
1
0
1
4
1
4
1
1
0
0
1
0
1
2
0
0
1
1
1
2
1
1
1
0
1
0
2
2
2
1
2
2
0
2
1
10
2
2
0
2
2
2
2
0
2
2
1
2
2
2
2
0
0
0
2
0
2
