12
12
10
10
6
17
8
10
10
6
12
4
12
7
14
8
6
8
0
14
12
8
12
21
8
50
6
6
8
8
6
4
4
4
8
8
6
4
8
8
14
8
8
8
9
14
5
6
4
2
4
6
7
2
6
4
6
0
8
8
6
6
6
4
6
5
10
2
5
6
9
10
8
4
2
6
14
4
0
8
14
6
6
10
8
8
9
10
6
6
8
14
14
14
8
8
8
6
12
10
10
9
10
8
6
6
10
4
10
7
6
6
10
10
0
8
5
12
8
12
8
8
12
12
4
17
6
10
10
12
10
8
4
7
14
9
12
10
10
4
9
10
8
8
10
10
14
8
10
8
10
12
10
19
8
6
12
2
6
12
10
8
16
9
8
8
10
10
13
12
14
14
15
11
10
8
6
12
13
9
10
12
8
11
10
7
8
12
8
10
7
16
12
10
2
8
8
6
12
6
8
8
8
4
10
6
8
8
2
6
9
4
5
8
4
10
4
8
6
4
6
8
2
8
4
4
10
6
2
6
6
6
6
6
3
2
10
8
4
8
7
8
2
6
10
6
2
8
6
8
10
10
8
62
4
0
4
4
2
8
2
0
4
2
0
0
0
2
2
0
4
0
0
0
2
0
2
4
2
5
4
0
0
2
4
4
4
4
