6
6
10
8
6
10
8
13
10
10
15
8
6
6
10
8
10
2
6
8
6
4
12
11
8
19
13
6
13
4
6
10
13
27
10
8
8
4
4
8
13
15
4
4
10
13
6
10
12
10
8
8
8
10
15
6
10
6
2
12
19
17
13
8
26
8
2
13
6
11
17
10
19
17
15
21
17
15
44
15
19
25
8
25
17
13
15
23
17
23
13
15
25
19
9
15
12
15
13
13
15
21
11
10
6
6
32
25
12
12
13
29
19
21
6
10
21
15
19
10
25
17
21
21
11
31
4
23
13
23
8
13
12
13
27
25
10
23
8
15
15
23
10
21
10
27
10
17
12
25
21
11
29
12
4
8
10
17
10
21
23
8
10
10
12
8
13
10
8
17
6
8
25
25
20
19
15
23
8
19
10
10
10
8
6
8
8
8
19
29
21
4
10
15
11
15
15
27
21
13
27
25
11
27
15
10
19
21
13
8
17
6
11
9
12
6
17
13
19
10
2
7
11
8
9
11
9
8
11
7
9
11
9
9
13
6
11
11
7
7
2
9
6
4
13
56
9
4
11
5
13
4
20
7
13
12
18
6
0
4
2
13
0
4
2
2
0
0
0
2
4
0
7
3
0
2
2
0
4
2
2
2
7
6
2
0
2
2
