39
32
48
60
65
40
73
56
46
51
29
45
57
66
58
50
56
23
46
60
45
29
56
14
50
26
43
45
43
15
26
62
25
56
65
33
14
41
33
41
44
50
41
66
45
37
51
24
36
7
41
37
35
22
57
24
29
40
48
44
61
41
26
22
29
40
41
54
51
47
30
29
15
21
57
38
38
54
19
43
32
58
42
37
53
46
45
18
32
41
36
20
55
37
57
49
43
41
40
38
33
58
54
57
22
59
25
65
39
62
46
50
65
50
35
23
33
55
60
32
43
58
38
40
26
47
49
51
52
45
40
63
50
65
50
38
71
43
52
58
54
54
49
58
60
48
80
38
57
36
40
58
50
40
48
57
39
38
65
58
47
19
45
61
33
60
54
42
36
43
44
58
38
16
44
65
68
83
54
47
39
67
52
21
33
40
44
37
53
46
62
52
55
60
62
43
44
37
53
57
65
42
35
34
61
55
50
32
40
48
28
67
34
57
19
39
51
56
30
33
16
40
13
39
59
21
37
18
16
36
45
19
36
42
28
34
68
59
33
39
27
14
24
17
29
17
51
29
21
50
43
6
41
31
18
32
21
13
7
9
5
4
4
10
11
7
4
4
9
13
35
5
2
6
4
11
18
21
6
5
4
13
6
2
10
5
5
5
