33
37
36
38
21
32
37
36
36
37
37
33
34
36
38
35
33
33
26
38
37
37
37
32
30
38
36
27
36
30
30
37
37
33
37
35
25
37
37
34
38
32
35
35
37
36
34
37
23
36
36
37
34
33
37
36
37
37
32
36
30
37
36
37
32
31
33
31
37
33
30
36
37
37
38
30
32
38
36
37
31
37
33
30
37
37
36
37
36
38
34
37
22
37
37
26
36
37
36
34
32
33
38
33
30
38
34
37
33
33
34
34
34
37
29
33
33
28
32
33
38
34
37
25
36
35
36
37
37
30
32
34
30
37
29
24
37
37
31
38
37
31
36
35
36
36
36
28
37
36
37
38
37
32
37
34
36
36
37
33
38
36
34
35
36
36
30
37
37
36
34
37
36
29
33
36
31
34
37
37
36
36
32
31
32
36
32
37
30
38
33
32
36
38
32
34
36
35
27
28
27
28
37
37
36
33
35
36
37
35
34
35
28
28
30
36
36
37
31
37
33
36
33
25
27
34
35
38
36
35
38
38
37
38
35
31
28
25
37
37
32
32
35
23
37
37
28
33
30
34
32
32
34
11
26
27
33
39
38
34
29
36
39
39
39
35
39
38
36
15
29
35
28
34
39
37
35
35
38
34
38
38
33
35
30
37
38
38
