0
0
5
4
0
2
2
5
5
2
4
9
2
2
2
2
0
2
2
1
8
0
2
2
0
4
7
4
2
3
0
3
4
3
3
3
5
5
2
13
26
4
14
9
0
3
4
0
3
2
5
2
3
4
3
0
1
10
2
6
2
6
4
20
2
2
2
2
17
2
0
1
11
2
7
6
2
13
1
3
14
2
4
4
4
1
2
4
9
4
2
3
8
7
2
3
2
3
15
7
0
5
4
5
2
2
14
3
4
0
4
5
0
0
4
4
13
14
11
2
2
2
2
2
4
3
4
0
2
3
8
5
3
2
9
4
4
3
4
2
2
5
2
7
6
5
5
7
3
3
9
20
5
4
0
3
3
1
2
2
13
3
2
5
0
4
2
2
4
1
0
5
3
0
3
2
6
4
3
1
5
3
10
1
2
3
0
3
3
12
5
7
0
2
2
4
6
1
3
3
11
1
2
0
8
2
1
2
2
1
3
0
5
2
2
7
0
2
4
2
7
2
2
0
2
0
0
5
0
0
0
0
4
2
2
0
1
1
0
0
1
0
2
4
5
0
1
2
1
2
3
3
0
2
0
2
2
1
2
0
2
16
4
0
0
2
1
7
3
4
1
2
0
1
1
1
2
0
0
2
1
1
0
3
2
4
3
2
