21
15
14
27
17
31
18
21
29
32
15
19
8
13
9
17
26
22
11
17
20
17
42
10
9
11
28
21
40
15
52
23
38
15
7
17
14
17
6
19
13
21
19
17
13
15
16
31
12
16
42
32
36
21
13
19
37
19
17
19
30
11
18
15
13
20
11
12
13
30
13
8
25
19
25
19
13
26
17
28
19
8
23
21
8
17
13
19
37
20
15
28
29
20
31
28
21
22
27
29
42
17
19
13
32
26
23
31
23
29
22
13
57
29
27
17
19
21
15
30
13
15
25
36
24
17
42
11
25
19
36
33
13
21
31
25
23
17
13
29
41
49
18
19
15
24
38
29
33
29
11
8
37
41
32
39
41
31
35
35
23
30
24
21
31
17
35
22
38
32
38
31
49
17
17
37
23
35
33
15
24
31
30
39
37
32
21
37
24
22
27
28
59
43
39
39
11
30
15
25
29
44
42
26
49
11
38
41
33
34
6
13
10
17
6
9
9
13
6
6
10
12
24
24
28
4
6
2
17
7
13
13
6
17
11
15
13
13
6
11
4
9
2
6
5
6
17
7
6
9
13
7
13
19
14
4
10
8
11
6
13
4
7
7
17
40
5
9
9
17
11
20
0
15
8
20
11
9
4
9
4
21
4
6
2
10
13
8
