21
29
14
29
21
19
19
29
21
23
23
26
24
28
30
29
25
19
15
13
25
19
18
19
25
30
29
18
20
18
21
20
24
24
20
33
28
26
24
19
24
17
26
21
18
21
12
14
22
19
19
15
33
19
15
18
25
23
23
25
27
26
14
20
12
22
17
19
13
24
19
23
33
29
26
33
28
20
27
20
24
24
31
20
27
27
21
26
28
23
20
19
18
24
19
20
29
28
26
27
30
21
16
16
19
27
21
22
24
26
25
22
29
31
26
19
27
23
14
16
25
23
29
27
26
26
16
20
18
20
24
33
20
28
17
23
27
20
21
14
23
18
16
18
13
25
27
27
24
15
26
30
19
16
20
19
32
22
27
33
21
17
23
24
17
18
21
24
22
23
18
27
25
17
19
20
31
24
20
20
28
32
18
17
15
21
23
27
18
17
15
11
16
19
21
21
26
19
17
12
23
20
22
22
25
24
21
18
19
13
21
15
24
13
20
26
21
24
23
25
20
21
13
8
23
13
22
23
23
18
22
17
24
25
22
19
17
17
17
26
22
12
22
32
26
31
30
21
20
28
26
23
31
25
24
30
30
13
30
25
16
26
22
22
24
27
25
28
30
19
17
27
30
25
18
24
26
27
22
24
18
21
15
21
23
23
22
28
