18
12
4
12
12
12
4
6
4
8
10
8
8
12
14
8
12
8
10
10
6
10
16
12
6
18
10
6
12
6
8
8
6
4
2
6
10
6
8
2
2
4
8
8
14
10
10
8
6
8
10
10
6
8
16
24
16
8
8
16
18
4
10
8
12
4
22
12
2
6
14
12
12
10
14
10
4
10
6
14
14
6
4
12
10
4
12
12
2
14
6
8
10
4
10
26
12
8
6
8
4
6
12
10
10
16
27
4
20
10
13
12
20
14
8
18
16
12
14
8
10
26
24
10
14
10
10
10
12
14
12
30
30
22
22
10
18
20
14
14
20
2
22
6
22
20
14
14
20
25
4
2
14
26
12
20
27
16
10
14
10
10
16
12
12
37
26
14
25
12
12
22
22
16
12
12
8
18
12
10
16
26
16
14
10
11
18
10
20
12
4
20
12
14
14
10
12
12
18
29
16
16
6
10
12
14
16
15
18
18
16
6
8
15
8
12
6
14
14
16
14
20
6
6
12
8
10
16
22
10
12
10
8
18
16
12
4
20
6
8
20
14
12
21
16
16
6
16
10
47
16
8
10
6
16
12
20
6
6
8
20
8
6
4
4
4
18
6
14
18
12
6
16
8
8
6
16
10
8
10
6
16
16
16
18
4
14
16
