2
4
6
10
6
2
6
14
8
4
6
8
6
12
2
8
2
8
6
6
8
33
6
6
2
10
12
8
8
8
6
4
6
6
8
6
6
2
10
2
8
10
6
6
4
8
6
8
6
2
6
10
8
6
6
2
8
10
8
4
8
6
10
4
8
8
4
10
10
4
6
6
6
8
4
10
10
6
10
10
8
10
10
16
8
8
2
8
6
8
6
10
8
6
18
4
10
24
8
10
8
14
10
8
10
10
12
12
14
10
10
8
14
8
2
12
4
8
6
2
8
6
8
4
6
8
8
6
4
8
4
8
2
4
6
2
8
6
8
0
4
0
6
6
4
4
4
2
4
4
4
4
8
39
6
2
4
2
2
4
14
4
4
4
4
6
4
4
4
6
6
8
4
4
4
10
6
4
4
2
6
2
4
4
4
10
6
2
8
2
2
4
4
0
6
2
6
4
8
10
16
6
6
6
6
4
12
8
6
8
10
16
8
10
12
8
10
12
10
12
8
10
8
8
6
8
10
6
6
6
8
10
10
6
0
6
10
8
4
10
8
4
6
6
6
6
14
4
6
20
4
6
8
6
10
8
6
4
4
8
6
10
4
4
4
4
10
8
6
4
10
4
0
8
4
6
4
6
2
4
2
4
4
6
8
8
8
4
