0
4
14
30
28
4
31
0
0
1
0
9
2
22
0
7
29
4
25
1
2
0
44
2
20
4
28
29
2
36
2
25
3
22
4
9
1
4
29
21
32
30
1
23
18
2
30
3
29
22
4
29
26
2
27
26
27
21
8
20
2
9
0
16
22
1
0
0
0
4
24
4
6
4
5
1
1
0
1
5
2
36
0
6
2
35
1
0
14
2
23
23
7
27
1
4
30
7
2
2
27
2
19
2
0
4
0
0
2
0
20
6
27
1
22
0
25
39
45
42
2
10
30
2
18
5
1
4
0
0
4
0
0
22
4
31
4
0
2
29
2
23
2
35
0
5
25
6
26
2
36
4
4
4
25
2
28
2
25
10
24
21
2
22
30
2
1
22
4
17
2
45
29
11
2
4
36
32
26
24
23
2
16
16
33
0
2
2
5
2
2
0
4
9
50
0
25
2
6
2
4
2
6
17
21
29
0
16
0
39
2
0
25
2
2
4
4
2
10
2
2
9
9
32
35
21
6
28
0
42
2
39
6
40
2
33
4
3
2
1
19
4
1
2
22
2
0
4
1
1
45
14
1
6
4
6
14
4
2
10
18
2
0
35
2
2
4
2
2
0
6
23
3
2
2
23
2
2
2
2
2
19
9
46
0
2
36
0
