0
0
5
0
1
5
1
1
0
0
0
0
0
3
7
3
0
0
0
5
0
0
0
1
0
1
0
5
0
0
0
0
0
0
0
0
0
3
1
0
3
0
18
0
3
5
0
0
5
1
3
5
5
0
0
1
1
0
3
1
3
0
3
1
5
96
5
0
1
5
0
1
5
7
1
5
98
1
1
0
1
0
5
0
0
1
0
0
0
9
0
0
1
1
0
1
13
1
7
0
0
9
0
0
0
85
0
5
3
0
5
7
0
1
54
1
0
15
1
0
1
24
0
0
1
0
13
0
13
3
7
5
11
11
0
1
1
12
0
1
15
0
0
3
7
7
7
6
13
5
1
18
7
9
81
9
7
1
50
3
1
5
5
5
7
5
3
5
1
7
5
0
9
0
64
5
1
11
1
9
1
3
14
1
7
1
13
5
1
0
1
85
8
1
3
22
0
11
3
9
28
50
5
1
9
11
0
5
16
3
1
3
9
7
32
9
1
0
7
0
5
7
1
1
3
9
89
0
5
1
1
5
1
0
5
5
3
97
3
1
4
62
7
3
0
0
1
8
1
3
47
3
1
1
55
1
0
3
1
0
7
3
0
16
1
0
1
1
7
0
45
3
7
3
9
6
1
1
98
1
3
5
7
5
0
10
8
5
