0
5
1
6
5
7
13
0
0
3
3
5
1
1
0
11
5
1
1
1
74
0
9
1
0
1
1
1
0
11
1
3
1
15
1
3
0
1
5
7
1
1
32
1
1
9
0
3
3
1
24
1
1
0
0
3
9
0
3
90
1
1
5
0
13
15
0
39
5
1
3
0
6
7
1
0
0
94
1
7
28
3
1
1
0
7
0
0
1
1
20
0
0
0
0
0
3
0
1
5
5
5
3
1
5
1
1
0
7
1
3
1
0
7
0
0
5
3
3
9
87
1
0
1
1
7
0
0
1
1
7
9
0
7
3
0
79
5
1
0
3
0
5
7
3
7
1
0
7
7
10
5
9
7
81
7
3
0
0
0
3
3
1
1
1
9
0
0
0
3
0
7
0
1
1
5
1
7
5
3
1
3
9
5
3
7
3
1
22
1
5
1
3
0
9
3
7
0
0
1
7
1
5
1
1
3
1
3
1
1
0
5
3
0
19
0
5
9
8
3
15
58
0
7
1
3
5
1
3
3
1
5
1
0
1
7
7
3
8
0
1
1
1
1
94
1
15
0
1
1
3
6
3
1
5
0
1
9
1
1
5
3
3
5
11
1
0
3
0
0
1
94
25
5
5
0
9
5
1
3
3
5
3
9
1
9
1
3
