2
6
4
1
0
3
0
5
4
2
0
3
11
8
2
3
5
0
8
5
8
2
8
5
4
7
13
0
3
7
5
10
0
2
7
2
1
4
6
2
3
8
7
2
5
6
3
3
8
6
4
18
2
4
4
0
0
1
4
1
7
0
1
7
1
1
3
2
3
4
5
5
8
4
10
5
8
2
6
17
5
3
2
4
3
8
5
5
5
5
4
3
2
2
0
14
10
10
0
2
5
3
5
10
2
2
3
2
6
10
2
4
3
0
0
10
2
9
4
6
0
2
0
7
2
10
13
2
7
0
6
16
12
2
3
4
2
8
0
7
3
13
5
5
5
5
2
7
4
7
4
3
2
5
7
2
3
8
3
20
7
3
7
8
4
8
2
5
5
4
2
2
5
3
2
6
9
5
10
4
0
0
3
12
7
4
8
6
10
5
3
7
0
6
0
5
9
6
7
2
11
0
8
2
5
9
3
14
4
4
0
2
8
6
8
2
4
4
2
4
7
13
7
2
3
6
7
7
4
4
0
7
0
2
2
8
7
5
4
7
6
24
5
10
5
5
8
19
0
3
8
0
3
12
2
7
7
10
0
2
0
7
2
13
7
4
2
2
1
2
6
4
6
4
2
0
8
3
7
1
7
8
4
1
7
3
4
7
