4
6
2
2
0
4
2
8
2
4
6
2
12
2
6
14
0
6
4
2
4
4
4
6
8
0
6
0
2
4
8
4
4
10
6
6
8
2
4
8
2
2
10
2
0
13
4
2
6
6
6
14
0
8
2
2
6
2
4
8
4
0
8
10
2
6
4
14
10
2
2
10
0
4
4
4
4
2
2
8
4
0
0
2
6
2
4
4
2
4
10
2
8
2
6
2
6
8
0
10
8
2
0
2
6
0
8
0
4
8
0
11
2
4
12
6
0
2
4
0
12
14
2
8
0
2
6
4
4
2
6
8
8
8
10
2
4
4
2
2
6
2
4
6
6
2
6
2
0
2
6
4
4
2
2
2
2
2
6
4
4
2
4
2
2
0
6
0
0
0
2
6
0
2
0
2
0
2
2
4
2
4
2
2
3
0
6
10
2
2
4
2
14
8
0
4
10
14
2
8
0
0
8
4
0
0
8
4
2
12
16
2
2
0
6
6
0
2
6
10
0
4
10
0
2
4
0
16
2
2
6
4
0
8
2
13
2
0
2
2
4
2
2
4
2
2
4
2
2
2
0
0
3
2
0
2
2
0
2
0
4
4
0
2
2
2
0
2
4
2
2
10
0
2
6
2
6
2
2
6
0
0
2
2
14
2
2
4
