6
4
0
5
4
9
2
4
2
2
7
4
4
2
2
4
13
8
6
9
9
4
13
2
4
6
7
2
11
2
4
2
6
2
8
4
4
2
6
0
4
2
4
7
2
6
7
6
6
4
6
4
2
4
4
8
4
4
6
0
0
4
9
6
4
6
0
4
2
2
2
4
6
2
9
23
2
23
4
4
15
6
9
2
4
9
2
4
4
6
4
2
4
4
4
4
13
17
7
2
6
2
14
4
4
6
24
4
2
2
2
13
4
2
28
21
2
0
27
0
8
2
2
20
11
31
0
4
4
2
5
6
7
2
16
20
7
8
4
30
2
33
4
4
2
9
4
2
2
2
22
27
2
6
2
28
7
32
6
4
28
4
33
28
34
4
28
28
2
4
44
11
4
22
6
2
6
8
4
6
4
6
6
2
4
6
4
2
4
2
4
7
6
6
5
6
4
6
11
4
6
2
4
6
9
6
6
4
7
2
7
4
7
8
4
2
6
2
4
4
2
4
2
13
7
8
7
8
4
7
6
4
4
4
7
7
6
4
4
4
9
6
0
11
4
11
7
4
6
7
5
9
4
4
5
6
6
4
2
5
6
4
13
4
7
7
7
4
6
8
4
4
4
8
6
6
4
4
15
6
9
7
4
8
6
4
8
6
