0
2
19
4
5
5
4
4
5
2
6
5
5
2
2
4
2
2
3
4
5
2
2
0
4
4
4
2
4
0
7
4
6
2
4
0
7
7
4
5
0
2
3
2
3
3
4
2
4
2
2
2
4
4
2
0
3
4
2
7
4
0
6
2
4
4
2
3
2
2
0
2
4
4
1
2
0
2
0
4
2
0
0
4
2
2
5
4
0
2
4
6
6
0
2
4
4
2
0
6
2
4
4
2
0
6
5
4
4
2
3
11
4
5
2
0
2
0
5
4
5
2
2
3
0
2
4
6
9
3
0
2
3
4
2
4
0
6
0
2
6
2
4
0
4
5
4
5
5
2
0
0
0
1
2
4
5
2
4
4
4
4
0
4
7
2
7
4
2
1
4
6
6
3
27
2
21
3
2
0
0
0
5
5
2
2
4
3
3
4
1
3
2
7
1
5
6
6
4
2
2
1
2
2
0
3
2
4
2
1
4
4
4
0
2
0
4
4
4
2
2
6
0
2
6
5
4
0
4
0
6
2
7
2
0
4
4
0
3
4
7
4
4
2
0
0
2
4
7
0
4
7
0
2
2
5
0
4
7
4
2
0
1
4
2
0
6
2
0
2
6
2
4
4
3
4
5
0
4
4
0
4
4
4
0
5
0
4
