7
18
15
6
11
9
2
22
4
21
52
35
73
30
10
4
2
9
4
6
6
13
24
6
11
26
9
9
11
2
17
11
21
2
6
13
0
9
8
29
9
11
9
9
30
13
4
0
6
7
4
6
4
22
6
35
15
6
4
27
18
6
6
2
2
9
12
6
0
7
7
8
4
17
4
10
11
17
6
6
15
11
11
9
68
6
15
11
6
17
4
2
4
17
11
26
41
9
4
0
6
2
65
6
29
4
58
4
9
7
11
6
2
13
15
6
8
0
17
2
11
13
0
8
7
4
5
6
6
38
21
6
2
4
4
21
13
28
6
10
18
4
7
7
6
0
2
8
6
13
4
4
6
2
4
4
4
6
6
7
4
4
2
4
4
6
93
6
6
4
84
2
9
9
6
6
4
10
9
8
2
6
4
4
39
6
7
9
7
2
21
15
4
0
2
4
7
4
9
6
4
4
4
4
2
0
9
4
2
2
5
15
2
7
4
15
28
5
0
33
4
6
4
6
4
15
8
23
6
4
4
4
4
2
2
6
7
11
13
4
7
4
6
9
15
7
4
7
7
4
6
7
0
2
4
4
44
0
0
2
17
6
18
17
7
2
9
6
7
5
2
8
13
6
17
6
7
17
4
2
4
6
2
6
8
84
2
11
