6
5
6
7
4
9
9
6
8
11
8
7
9
17
34
9
24
4
6
6
8
6
8
2
6
48
6
6
11
6
4
4
8
6
4
10
53
19
10
13
4
7
8
17
6
28
9
6
4
6
5
4
36
5
19
2
24
10
9
4
6
35
11
4
22
11
6
16
2
8
13
11
9
4
4
11
13
19
36
6
6
6
4
7
7
40
25
4
5
6
4
10
4
4
8
6
6
7
4
6
15
26
4
15
6
4
11
7
7
8
8
0
15
9
4
48
8
44
7
21
8
50
5
2
62
6
2
2
5
58
4
11
4
4
2
4
6
4
49
13
11
8
21
6
4
4
9
8
4
6
4
9
30
2
8
6
54
8
6
6
6
9
6
6
8
7
7
9
39
13
7
57
11
25
22
6
33
34
21
6
43
7
57
4
17
63
6
8
9
9
13
61
9
6
4
6
6
6
6
23
8
8
4
43
9
8
9
8
33
8
9
6
13
8
22
8
9
38
4
4
4
8
4
11
16
13
20
17
16
18
26
30
15
17
9
17
24
18
17
16
23
21
15
27
13
16
16
20
21
21
18
10
27
9
19
13
17
9
11
22
13
15
29
15
15
17
39
15
5
26
8
39
18
26
17
15
6
25
13
19
12
17
15
13
15
13
17
15
