42
7
1
27
11
13
1
15
3
5
5
1
3
3
9
15
5
23
11
7
5
17
17
3
13
21
7
7
2
3
5
17
3
27
31
9
0
15
9
1
9
3
17
2
5
3
5
29
0
3
35
9
3
3
5
2
11
11
0
7
5
0
7
3
25
33
42
0
2
2
3
3
2
3
13
3
2
19
9
0
0
17
15
9
3
15
9
2
3
3
2
0
21
9
11
3
5
0
5
23
5
37
2
5
37
5
2
5
5
2
13
3
5
7
21
5
17
2
19
9
0
19
0
7
5
2
0
3
15
9
3
15
2
3
31
5
0
15
2
2
2
3
5
3
5
0
9
1
3
1
5
13
1
2
21
5
23
11
3
3
5
0
13
1
17
5
3
7
15
2
5
23
3
3
31
2
13
15
9
2
2
9
25
5
2
2
5
2
52
19
9
5
2
1
2
11
5
3
68
5
3
11
13
36
9
0
3
7
2
2
9
2
19
5
1
3
1
3
9
13
9
15
7
19
11
2
5
2
0
44
3
11
3
2
3
79
3
11
21
5
15
3
2
72
62
13
11
40
7
11
5
33
2
3
17
17
43
25
54
2
3
11
11
9
3
9
11
42
9
17
17
42
2
2
3
3
13
9
9
5
5
13
2
7
5
9
5
2
