2
0
7
59
4
6
4
6
5
8
0
10
6
18
4
2
10
2
2
8
4
0
8
14
6
0
2
57
2
2
2
8
0
0
12
6
0
4
12
0
2
4
2
8
2
4
2
0
4
2
12
0
0
6
8
4
0
4
10
2
4
0
46
0
2
2
2
61
2
0
0
4
2
0
2
10
6
2
33
4
2
2
2
2
10
4
6
2
8
8
4
8
7
0
12
4
0
8
2
4
0
12
2
10
2
12
0
9
6
13
4
2
4
10
2
6
6
0
0
6
4
0
2
4
4
10
2
4
8
4
8
12
8
6
2
8
8
6
4
2
0
8
35
4
8
8
10
67
8
10
61
10
92
8
95
6
98
6
2
4
4
0
8
12
6
2
6
6
2
0
8
7
63
4
10
4
0
8
4
4
0
4
4
8
2
2
8
9
4
2
10
0
4
4
4
12
2
4
6
6
12
8
8
8
6
19
6
8
4
0
6
2
4
2
8
8
4
17
8
0
4
0
4
2
10
4
4
2
2
4
8
0
8
2
2
8
6
2
8
2
36
4
4
26
0
6
8
8
2
2
7
4
12
2
4
4
4
4
6
2
4
2
6
31
4
2
2
4
28
12
7
4
2
6
4
7
6
89
2
2
7
6
12
2
4
2
2
5
