0
47
0
1
1
1
1
1
20
24
0
2
27
0
6
6
1
0
21
20
0
26
0
0
38
29
52
0
0
0
0
0
1
0
0
0
2
20
18
18
0
0
27
0
0
8
0
21
0
0
0
0
0
0
0
0
0
0
0
0
0
19
0
1
1
0
3
0
40
35
23
0
36
0
0
29
0
0
1
0
0
0
0
3
25
0
0
0
1
0
0
0
3
21
30
22
0
17
1
0
1
0
3
1
1
0
1
33
0
0
0
1
0
0
0
0
0
0
0
2
0
0
2
0
14
1
0
22
28
0
1
2
20
0
1
1
1
1
0
20
1
0
28
35
26
0
0
0
1
0
0
0
0
0
0
3
33
0
1
1
2
1
24
1
1
1
27
0
19
2
2
1
1
0
31
1
0
20
1
0
0
25
1
1
1
0
8
1
1
1
35
0
0
20
20
20
15
0
1
1
2
22
1
0
25
0
3
1
1
12
2
1
18
15
27
0
32
0
1
0
39
1
11
25
0
0
0
0
0
23
0
0
0
2
0
18
0
26
0
1
0
15
2
1
0
0
0
17
1
0
13
25
0
48
48
48
27
0
0
0
4
0
1
1
1
1
0
1
20
46
0
0
1
1
22
0
20
1
1
1
0
15
1
0
0
44
29
30
