0
32
6
1
0
7
97
0
0
0
0
0
0
27
3
28
19
31
3
46
0
0
0
0
0
21
0
0
0
31
40
0
0
0
0
0
0
45
0
2
36
31
0
0
0
0
0
2
0
51
1
0
20
44
35
51
0
0
0
0
0
27
13
0
0
45
55
0
0
0
0
0
0
8
6
15
15
19
0
87
0
0
0
0
0
0
3
16
21
14
74
89
0
0
0
0
0
41
0
16
16
39
6
63
49
0
0
0
0
40
0
18
0
34
31
73
55
0
0
0
0
7
2
0
2
33
40
54
33
0
0
0
0
40
40
0
12
62
18
97
0
0
0
0
0
53
0
18
17
29
31
0
0
0
0
0
0
71
2
24
17
21
0
61
82
0
0
0
0
33
23
30
0
21
41
25
30
55
2
0
0
16
3
17
34
48
45
47
0
0
0
0
0
36
41
23
0
35
30
68
0
0
0
0
0
22
0
25
0
44
50
0
0
0
0
2
0
47
17
0
38
40
42
34
0
0
0
0
0
0
3
14
15
22
46
23
17
22
5
0
14
0
47
0
16
0
47
45
26
0
28
13
0
2
1
23
6
2
0
1
13
86
6
13
0
2
2
2
2
0
59
0
32
12
80
0
14
6
0
20
25
16
63
16
26
16
14
6
