4
6
10
20
9
12
8
15
4
7
4
9
10
6
12
4
5
15
5
13
6
7
7
3
11
8
7
8
23
8
4
5
6
14
6
5
6
14
6
11
7
11
4
14
15
7
5
6
6
0
9
12
14
7
11
8
6
34
11
15
6
8
11
7
21
7
18
6
5
19
4
6
8
8
33
6
8
10
13
6
4
5
6
8
4
11
8
6
11
9
3
7
4
13
12
8
5
26
3
16
13
8
5
5
31
16
8
4
6
8
9
7
5
10
7
5
8
9
20
15
3
8
4
21
4
8
9
10
4
11
6
10
8
5
17
5
4
8
12
8
5
9
11
16
4
5
10
11
8
14
2
7
7
7
0
12
8
10
11
17
4
6
9
8
9
11
7
6
10
8
11
24
2
6
7
27
9
14
7
6
10
5
7
13
21
6
8
11
5
14
8
12
3
8
5
15
11
24
23
5
8
10
3
10
19
11
5
6
35
22
7
12
1
18
3
5
3
15
8
13
6
6
12
11
8
7
11
11
7
14
15
6
16
5
17
11
17
13
39
13
4
8
9
8
5
6
14
8
15
9
4
2
19
2
14
7
16
6
11
4
10
16
12
9
16
6
7
13
20
24
14
6
5
10
17
15
18
5
3
0
9
6
13
7
6
4
5
3
