5
1
1
1
0
1
0
3
1
0
0
1
1
3
1
7
1
1
0
0
1
1
5
0
1
15
0
0
0
3
3
1
1
1
1
1
1
0
1
5
0
0
1
1
3
1
1
1
1
7
3
0
0
1
1
0
11
3
3
0
0
1
3
1
0
1
1
0
0
0
0
0
0
1
7
0
1
5
0
1
5
0
5
0
1
0
0
5
0
0
1
0
1
1
1
0
1
0
1
0
1
0
5
1
0
1
1
1
3
11
1
1
0
0
3
0
0
1
0
2
0
0
1
1
1
1
1
1
3
1
0
0
1
1
3
0
0
0
1
1
1
0
5
3
3
0
0
3
0
0
1
0
0
3
3
1
0
0
1
0
2
1
3
3
3
3
0
3
0
1
0
1
1
1
1
3
1
5
0
7
3
1
6
0
1
3
0
0
1
1
1
1
1
3
0
0
0
5
1
1
1
3
3
3
0
0
1
0
0
4
3
0
1
1
1
0
3
0
0
0
1
1
2
1
1
1
1
1
0
0
1
0
0
1
1
1
1
0
4
3
0
0
3
3
3
3
0
4
0
3
0
0
3
0
3
0
1
0
1
3
1
0
0
1
0
0
1
1
0
0
0
1
1
3
0
1
1
0
14
1
2
3
1
0
3
3
3
1
