43
48
51
59
44
47
43
51
48
49
38
46
55
45
49
63
52
55
48
61
55
70
48
64
47
48
56
45
48
56
47
51
51
81
50
64
50
44
43
55
47
53
48
52
48
47
88
42
62
65
53
49
58
45
49
47
55
44
53
54
48
44
77
58
56
51
47
87
49
61
65
67
50
74
47
47
44
47
60
57
57
76
48
50
70
49
59
49
48
54
48
58
76
48
53
73
59
45
46
50
63
50
55
51
87
51
66
54
55
48
57
57
47
51
57
41
61
48
49
45
44
51
60
50
43
48
58
63
48
65
50
49
49
78
46
63
55
48
53
61
50
58
47
64
50
84
50
48
49
51
49
42
49
56
47
53
49
46
56
40
50
47
46
45
46
49
57
52
54
59
52
47
59
73
47
42
41
67
61
42
49
48
83
47
49
64
51
46
51
50
52
49
48
67
51
61
50
41
63
49
44
49
45
60
52
41
53
60
46
73
48
45
48
49
56
43
47
51
64
77
76
48
51
49
46
53
59
43
50
49
76
44
47
45
43
53
48
58
38
49
49
51
59
74
53
48
49
42
49
51
49
53
43
52
63
55
48
47
61
54
50
56
54
44
43
53
48
64
63
42
51
49
36
55
51
44
55
40
55
47
45
66
49
47
49
55
49
49
