30
78
0
0
0
0
0
39
32
0
31
26
42
0
0
0
0
0
0
32
26
46
30
22
24
0
0
0
0
0
0
15
18
0
30
29
2
0
0
0
0
0
0
20
22
26
5
31
72
27
0
0
0
0
0
2
18
3
2
21
50
79
0
0
0
0
0
0
23
33
28
10
31
0
0
0
0
0
0
30
32
27
19
24
40
0
0
0
0
0
2
44
30
18
36
26
0
48
0
0
0
0
0
27
28
25
30
27
53
67
0
0
0
0
0
33
67
0
37
17
28
69
0
0
0
0
0
9
3
18
34
31
45
0
0
0
0
0
0
23
7
26
32
21
39
0
0
0
0
2
0
29
25
24
12
2
51
72
0
0
0
0
0
35
36
29
2
19
24
41
86
0
0
0
0
0
1
23
0
22
0
0
0
0
0
0
0
23
25
2
27
30
24
46
0
0
0
0
0
25
23
2
26
28
31
0
78
0
0
0
0
30
17
0
31
17
15
0
0
0
0
0
0
48
23
0
30
12
0
23
0
0
0
0
0
23
12
0
16
15
8
21
21
24
24
29
25
18
25
2
14
35
11
0
12
12
18
0
33
23
11
12
19
26
0
0
19
17
0
14
29
25
27
12
26
17
25
18
32
4
14
23
35
22
40
34
30
0
