8
8
7
8
8
0
0
8
2
0
8
0
0
0
0
4
8
8
0
0
8
7
0
0
7
8
8
8
8
8
8
0
0
80
0
8
8
5
7
8
0
0
2
0
0
0
8
7
8
8
8
7
8
92
0
6
0
8
7
0
8
2
8
2
8
7
8
47
0
0
8
8
8
0
6
8
0
1
0
7
1
8
0
0
8
0
0
8
7
6
8
8
14
8
0
0
8
0
8
3
0
8
0
8
6
8
8
1
0
6
0
8
7
0
8
0
8
0
2
7
8
8
0
8
0
8
0
8
0
8
8
0
0
8
0
7
0
8
0
0
0
8
0
1
6
64
0
2
3
8
8
8
0
3
0
0
3
0
7
0
8
0
0
7
8
0
8
0
27
8
0
0
8
0
8
7
40
8
7
7
0
8
7
8
8
2
0
0
0
0
6
8
0
0
8
16
0
0
0
8
7
7
0
0
8
8
8
8
8
57
7
7
8
0
0
8
8
8
8
8
7
0
5
2
8
8
7
8
7
8
2
7
0
0
8
6
0
8
8
8
0
0
44
6
0
7
8
7
7
6
8
8
0
8
0
0
0
8
5
0
8
8
0
0
61
8
8
8
0
8
8
8
0
0
8
8
0
7
8
8
7
0
6
7
7
0
0
0
