4
6
2
44
0
5
2
6
7
0
0
0
0
0
0
0
0
0
0
0
0
0
8
53
0
88
0
73
0
0
0
0
0
0
8
42
6
92
75
0
0
0
0
6
0
0
7
2
7
93
61
40
0
0
0
0
0
0
4
4
7
2
0
99
0
0
0
0
0
0
0
2
36
0
0
0
0
0
0
0
0
0
2
37
72
2
9
85
53
2
0
29
0
0
3
63
46
2
0
0
0
0
0
3
0
0
2
63
2
0
0
0
31
3
40
3
42
2
28
7
0
39
89
91
0
0
0
0
12
1
1
64
71
51
3
36
0
0
0
3
0
41
2
34
2
8
28
4
26
2
46
2
42
14
0
0
0
0
0
0
0
0
0
0
0
18
7
15
8
11
0
6
72
4
35
5
5
23
0
0
0
0
4
0
0
0
0
0
0
0
27
87
6
39
18
0
0
4
0
0
0
0
2
0
21
2
0
2
48
0
3
2
0
7
2
13
0
7
0
15
70
2
85
0
23
7
9
4
0
2
0
2
36
0
0
75
49
67
2
27
4
0
4
34
6
7
8
23
2
24
3
0
34
5
23
0
2
0
54
55
2
2
20
3
0
44
5
2
83
2
58
0
4
2
2
2
2
0
2
4
0
0
6
52
3
5
2
29
