61
2
11
29
2
15
4
0
64
17
34
3
5
44
38
79
41
19
14
23
30
19
0
0
64
32
46
11
3
27
31
27
22
25
39
50
5
42
0
56
2
36
9
25
8
2
25
28
41
45
0
78
0
4
2
6
27
91
3
45
0
0
0
11
2
24
16
37
31
45
26
37
32
0
0
17
3
28
30
24
92
6
0
70
5
55
0
32
43
0
20
13
6
24
14
29
47
41
38
29
1
8
30
30
49
53
32
0
5
4
8
0
78
24
26
23
32
2
46
7
2
68
6
73
0
19
19
28
9
45
6
2
23
17
56
42
0
3
9
2
29
3
15
80
6
37
0
32
2
6
23
23
3
0
40
65
4
40
0
34
17
18
5
39
29
31
41
28
23
49
0
7
4
19
29
0
26
31
7
2
5
34
0
14
58
0
17
19
6
5
28
19
63
11
24
9
2
22
19
0
4
22
75
4
47
34
49
24
0
2
13
23
2
26
7
38
0
30
58
29
2
34
18
21
14
4
0
2
4
16
2
22
31
4
17
12
26
22
0
21
5
34
26
0
22
0
18
0
7
26
21
20
29
16
4
4
3
0
12
11
3
2
2
2
0
7
2
2
0
0
2
0
20
2
4
2
6
8
26
5
2
29
27
43
20
1
26
22
