23
6
85
2
6
19
4
44
17
2
8
8
6
6
13
6
4
6
6
8
9
6
63
10
68
48
4
15
75
25
27
8
36
12
40
23
8
12
57
10
12
11
8
6
61
4
6
8
6
4
45
10
10
8
13
6
8
4
21
56
6
10
31
10
63
6
21
6
4
2
29
6
98
4
8
8
8
4
19
46
10
25
4
8
13
4
4
27
56
75
8
13
8
71
4
4
13
10
13
6
10
2
8
12
10
6
35
15
6
8
19
13
8
56
48
8
12
26
8
15
10
40
65
12
8
6
8
12
6
53
57
4
79
68
11
8
6
13
13
4
2
79
8
8
4
13
7
11
6
4
4
45
4
6
63
4
4
44
8
9
62
4
11
34
8
9
20
8
6
6
35
6
90
4
10
6
10
31
6
8
8
10
6
6
44
29
11
6
6
6
11
84
8
40
15
8
10
6
41
25
31
81
4
8
10
8
10
8
5
8
4
4
10
9
15
8
27
8
6
10
35
8
4
10
6
15
8
6
8
12
31
17
29
8
4
11
8
8
4
8
58
10
12
4
6
6
12
13
6
4
6
46
4
4
52
6
90
6
8
64
10
6
80
10
15
6
13
6
8
11
8
4
16
13
10
67
29
12
6
73
13
12
86
50
12
8
33
10
