0
0
3
0
3
1
1
0
1
0
0
5
3
0
1
0
3
1
0
3
3
1
0
1
3
3
1
1
9
0
1
1
0
1
0
0
0
1
3
0
1
0
0
0
1
0
3
0
0
1
3
7
0
1
0
1
0
3
0
5
0
0
1
7
3
1
1
1
1
0
3
1
1
3
5
5
0
1
0
0
3
0
1
0
0
5
0
1
0
3
1
1
0
3
1
0
0
0
3
0
1
1
0
1
34
1
1
7
3
0
0
0
0
3
1
0
1
1
0
1
0
9
1
16
0
1
0
1
1
0
5
0
1
1
0
1
0
1
0
1
0
3
1
0
1
0
7
3
0
1
1
0
3
1
1
0
1
1
5
1
0
1
1
1
7
0
1
0
0
0
1
3
0
1
1
0
3
0
0
0
0
0
0
0
1
0
0
1
1
0
0
0
1
1
0
1
1
1
0
1
1
1
0
0
0
5
1
0
0
1
1
0
1
1
9
0
5
1
1
1
7
0
1
7
0
1
0
0
1
0
3
1
0
0
0
1
1
0
1
1
1
1
1
1
11
0
0
3
0
0
0
0
1
1
1
1
1
3
0
3
3
0
0
60
1
3
1
0
1
0
3
3
3
7
0
0
1
3
1
3
1
1
0
1
1
3
3
1
