5
3
6
1
1
5
0
1
3
1
0
0
3
3
1
21
3
5
3
3
1
3
3
5
1
3
0
3
1
1
5
1
3
3
3
7
3
1
3
7
5
25
3
0
5
1
5
4
0
4
3
3
10
7
3
6
3
4
1
7
3
3
0
0
6
1
0
3
3
0
3
7
1
1
5
3
1
0
3
5
12
3
5
1
1
3
3
3
23
1
3
1
9
5
6
3
5
1
4
1
3
1
1
3
1
5
9
5
8
17
7
5
5
7
3
3
5
3
3
0
6
12
5
9
3
0
7
5
7
3
3
7
3
5
3
1
3
6
5
5
6
3
3
7
1
11
7
5
1
6
1
5
1
5
3
5
9
9
7
12
9
9
5
3
5
6
7
5
3
3
5
1
3
5
7
6
3
3
1
3
3
3
1
3
1
5
5
5
5
19
18
9
4
5
9
5
3
3
4
5
3
5
8
3
1
1
5
5
7
1
5
3
5
1
3
5
5
5
4
1
1
13
5
7
1
1
1
1
0
3
3
3
1
6
4
1
5
0
3
8
3
6
1
3
3
0
1
1
0
5
0
1
3
1
3
3
3
13
1
1
7
7
5
1
1
3
16
3
1
9
7
6
5
5
5
3
0
3
18
8
1
1
5
1
3
5
5
3
