5
7
1
3
5
1
3
1
15
3
9
2
5
11
5
15
3
9
3
1
9
5
9
15
13
9
13
3
7
5
22
5
7
3
17
7
3
5
5
1
13
11
13
1
7
3
5
9
9
28
3
5
9
17
13
13
5
11
2
7
1
3
1
0
1
1
7
3
1
3
11
5
3
5
5
25
5
1
5
3
3
3
1
15
37
9
5
3
1
32
7
7
5
28
1
7
3
1
3
3
13
3
3
9
5
3
7
7
11
5
3
3
3
5
13
7
1
3
3
5
3
3
28
3
3
3
1
3
5
1
1
5
5
7
5
1
30
18
19
20
3
1
5
1
21
3
3
1
1
9
12
20
3
26
5
5
7
7
7
5
27
5
1
5
7
3
1
32
5
1
38
3
3
32
42
5
7
3
0
30
7
1
5
3
3
7
3
3
5
1
1
5
5
13
14
5
11
7
15
7
7
9
5
9
11
11
15
9
9
13
31
14
5
11
9
11
5
7
11
7
7
9
5
13
11
9
11
5
5
7
3
13
11
5
7
11
7
5
9
13
9
11
7
3
7
5
1
7
11
11
18
7
11
13
5
11
13
3
9
1
11
7
9
11
9
7
15
13
7
9
11
20
17
13
7
17
7
11
9
11
7
9
11
7
7
13
7
15
