44
4
6
4
27
0
4
6
27
6
6
2
2
22
2
8
0
0
2
0
19
0
0
4
0
4
4
2
0
4
16
0
13
0
17
2
17
19
15
2
9
13
22
0
0
6
2
13
0
4
0
0
4
4
4
6
4
0
8
15
2
0
4
0
4
0
2
2
0
0
0
2
2
2
9
9
2
25
0
2
2
0
21
4
12
15
0
10
9
2
20
6
23
8
2
2
10
0
0
0
6
0
9
0
9
2
0
2
0
0
2
0
0
0
8
0
4
6
0
0
0
13
0
8
6
2
2
0
0
11
0
11
2
2
0
4
4
2
0
13
0
0
0
0
0
0
0
0
0
0
0
0
0
0
0
0
0
2
2
4
2
2
2
2
2
2
2
2
2
2
2
2
4
2
2
4
23
2
6
2
4
4
8
2
2
4
8
6
2
8
2
2
2
4
2
4
6
2
8
2
6
2
2
2
4
4
6
7
2
4
2
4
4
2
2
4
2
42
2
2
2
0
8
2
6
2
2
2
10
4
4
2
7
2
4
2
4
4
2
6
2
6
0
4
4
4
2
2
4
2
2
0
6
2
4
4
2
2
2
4
2
3
2
4
4
6
2
4
2
2
2
3
2
2
0
8
4
4
6
4
6
2
2
4
2
2
4
2
