4
29
12
4
4
25
8
4
6
6
8
8
64
10
10
2
8
4
8
4
19
2
6
6
19
39
2
6
8
6
4
2
6
6
2
6
4
4
37
6
37
12
2
2
6
4
4
6
6
2
14
6
19
4
10
10
4
4
2
18
4
4
19
4
6
6
21
4
8
4
4
4
4
2
6
4
4
6
16
8
6
25
4
6
16
8
4
8
4
10
25
4
2
6
4
8
41
10
6
6
6
64
6
6
10
4
10
12
8
35
4
6
4
4
6
29
6
8
8
6
4
6
6
2
6
6
4
4
6
8
4
4
4
8
10
10
6
37
6
4
72
2
8
4
4
4
27
6
8
8
2
33
4
4
25
8
6
12
6
2
6
2
8
6
6
6
4
6
6
8
49
8
6
6
53
6
6
8
12
4
4
8
8
17
4
6
6
4
6
6
8
6
8
4
17
46
6
10
10
8
6
8
6
4
2
8
6
6
4
10
8
4
6
4
10
6
2
6
53
60
10
43
2
10
6
8
6
4
4
31
4
12
6
8
6
18
47
10
37
2
35
6
52
10
8
4
8
10
6
6
6
2
10
6
4
2
6
4
29
8
6
49
41
21
4
4
6
4
25
12
8
6
6
8
8
8
4
6
10
8
14
8
8
21
6
10
6
6
