3
4
0
2
0
3
2
0
0
0
0
0
2
2
2
3
2
3
2
0
1
4
0
0
4
0
2
0
0
0
2
0
6
2
0
4
4
3
0
4
1
6
1
2
1
2
0
0
0
2
4
4
0
2
2
2
2
2
2
2
4
1
2
19
1
4
0
1
15
1
3
0
0
3
2
0
2
2
3
2
0
19
3
5
4
2
0
4
2
0
5
4
4
2
0
2
4
4
0
0
2
6
3
0
4
1
0
4
0
1
2
2
0
1
4
4
4
2
2
2
1
3
0
4
2
0
2
0
0
2
2
5
2
0
2
7
4
0
2
4
2
0
2
0
0
0
2
0
2
0
0
0
0
4
2
6
4
2
4
0
0
2
0
0
4
2
7
0
2
4
2
4
4
0
2
2
4
3
2
2
2
0
0
2
5
0
0
4
4
2
2
2
2
0
4
0
2
2
2
0
0
2
2
1
15
0
4
0
2
3
2
0
2
0
2
2
4
2
4
2
2
5
4
3
3
2
0
3
3
2
0
5
0
0
2
2
0
13
4
3
4
2
0
2
2
2
0
3
0
0
4
4
2
0
6
2
1
0
6
2
2
2
2
0
2
0
2
4
0
4
0
2
4
4
0
0
0
0
2
1
1
0
3
0
3
6
0
2
