6
4
6
4
4
14
13
8
15
4
7
6
4
10
6
10
6
7
4
19
12
6
6
9
9
8
8
11
16
8
8
7
8
8
6
10
7
6
6
10
7
4
15
9
9
12
8
3
7
4
6
4
17
7
13
7
8
9
4
7
6
6
14
10
5
11
9
5
5
6
6
3
8
16
5
8
7
7
4
7
10
15
6
6
5
6
8
8
8
10
7
8
3
11
4
6
10
3
6
9
7
16
9
16
9
6
8
13
8
11
7
6
11
11
10
6
4
6
8
5
6
11
16
8
6
1
8
7
11
7
5
8
9
6
5
15
4
8
14
6
6
4
5
10
15
9
10
15
5
7
5
13
6
18
3
8
9
9
7
6
6
10
13
12
4
9
4
8
3
6
12
5
6
6
6
10
9
7
6
9
6
12
8
6
7
6
5
9
10
7
9
6
10
8
6
4
5
4
10
11
6
7
5
6
9
10
8
5
8
9
8
9
5
7
5
4
6
12
3
6
15
7
13
6
8
16
4
16
5
6
9
12
6
4
8
8
10
6
5
3
14
11
6
7
14
9
9
5
7
6
5
7
7
11
6
9
9
11
6
9
6
12
4
11
6
11
7
9
13
7
3
5
5
4
8
4
1
7
5
9
9
9
12
10
8
11
6
15
