12
8
14
8
8
6
6
2
6
2
22
14
6
4
6
10
8
4
6
20
6
6
8
8
12
8
10
8
8
4
8
10
8
4
8
8
6
8
10
6
2
10
4
8
6
10
4
8
6
4
6
4
4
10
4
8
8
10
10
6
6
8
10
8
10
12
4
12
18
12
8
6
18
8
4
6
8
2
4
8
8
14
12
12
14
12
14
12
2
6
6
6
8
8
18
18
8
10
6
8
12
39
10
8
8
10
10
10
8
12
6
8
10
2
8
10
14
20
12
6
8
14
14
16
12
8
4
6
12
6
8
2
6
14
12
10
8
8
14
12
6
14
10
12
18
10
8
6
6
8
18
8
8
21
12
10
10
6
4
64
4
18
8
8
8
10
10
10
6
10
6
6
2
4
12
4
8
14
4
12
14
12
8
6
10
6
12
6
4
10
6
15
10
10
8
10
12
12
6
10
10
2
8
12
22
10
16
10
10
4
10
8
6
10
8
10
4
14
8
12
10
18
6
10
6
6
6
14
10
4
6
4
4
10
6
4
6
8
14
6
12
8
12
6
6
4
10
14
6
4
4
4
0
4
10
2
6
10
6
12
8
10
2
8
6
2
12
10
6
4
4
8
4
6
10
6
18
8
4
8
4
2
4
2
6
6
8
2
