36
51
63
42
41
48
44
41
40
43
29
31
39
61
48
36
42
80
76
47
44
45
36
19
37
47
45
40
31
47
42
64
33
41
42
32
31
46
54
38
46
45
51
45
44
41
35
26
34
78
48
37
40
42
46
46
47
46
39
40
31
42
41
40
39
49
48
50
34
40
35
19
44
47
43
30
40
35
48
57
43
47
42
31
29
43
40
42
36
46
51
77
37
44
39
27
32
58
38
37
42
57
80
56
34
38
58
26
21
60
40
48
38
44
41
37
45
34
39
35
29
44
49
43
40
47
49
48
25
47
44
32
51
42
49
34
85
85
50
43
46
56
30
44
41
42
45
57
43
47
48
30
45
44
43
30
38
35
42
47
55
37
49
45
87
44
44
32
47
45
45
42
58
86
81
45
44
65
38
29
56
30
54
40
38
50
78
42
35
81
33
33
46
51
48
43
50
48
47
40
56
53
43
37
42
39
51
29
44
48
58
87
46
71
33
25
24
42
46
47
56
49
43
80
63
45
45
25
34
49
73
74
45
47
41
54
66
47
23
24
23
23
28
41
90
59
44
56
34
44
28
25
15
20
33
19
23
23
34
26
23
22
24
29
25
19
25
25
23
23
24
23
44
31
54
33
49
43
49
42
23
31
42
47
49
49
43
58
