2
4
2
6
73
5
0
11
0
89
0
0
0
0
0
0
0
0
0
0
0
75
6
80
4
0
0
4
0
0
2
0
0
2
0
5
2
5
5
7
0
7
0
4
4
6
2
89
0
0
0
0
0
0
0
0
0
20
0
2
9
8
4
36
39
91
0
0
0
7
2
7
4
3
7
0
3
3
2
0
0
4
4
27
3
86
0
0
0
0
0
0
0
4
6
4
0
0
2
3
0
37
4
0
0
0
0
59
3
34
0
3
0
0
81
0
0
0
4
2
5
79
0
3
5
0
84
2
3
2
84
0
79
3
26
0
4
4
0
4
36
0
2
0
0
5
0
0
31
61
7
4
6
2
2
49
3
2
0
0
5
73
0
0
0
7
91
4
85
2
39
0
2
2
0
5
72
2
0
78
0
0
0
0
0
0
0
0
0
0
0
2
0
46
0
84
1
2
0
4
7
0
0
0
67
0
2
42
0
0
0
0
0
2
2
0
3
0
0
2
0
2
4
4
4
2
0
2
2
0
0
11
2
50
9
87
0
5
2
3
0
2
3
0
0
3
0
2
2
0
3
3
2
0
0
0
0
0
0
0
0
0
0
3
2
0
0
0
0
0
63
0
0
0
0
0
0
0
2
0
0
2
0
2
0
2
76
10
