8
12
7
16
15
30
11
12
28
38
10
29
18
7
31
17
39
9
34
29
22
20
18
15
17
5
20
17
22
17
14
45
36
40
53
31
37
27
32
41
7
9
33
9
7
14
30
22
6
6
28
27
17
26
17
30
10
23
6
10
25
27
23
29
25
32
23
11
18
18
32
14
9
18
15
15
27
7
13
27
20
10
22
18
24
9
48
25
14
25
20
24
23
8
18
20
21
19
14
22
19
21
30
43
15
21
22
26
47
20
28
21
30
21
21
12
26
21
9
19
25
14
22
8
22
19
36
21
21
23
33
33
7
28
25
46
30
25
26
20
19
11
42
22
33
7
22
30
20
12
26
26
24
20
10
8
21
10
30
25
7
10
27
26
33
38
20
28
10
37
27
15
18
13
21
25
8
20
17
12
6
9
26
38
35
11
35
29
20
7
18
10
21
8
18
8
25
9
7
20
28
30
10
22
35
9
41
43
22
22
25
18
10
19
36
35
24
15
24
15
27
23
34
40
25
35
8
19
22
19
7
23
17
22
22
17
18
13
35
20
44
22
15
18
24
29
8
27
26
18
7
17
20
20
12
6
15
27
23
13
30
9
33
18
32
28
32
16
34
24
13
33
24
15
27
15
42
28
22
39
8
33
32
25
25
12
27
18
