30
81
48
40
43
61
74
37
51
63
31
28
36
41
48
40
42
46
50
80
50
45
32
23
31
83
84
36
49
79
42
47
35
43
36
40
51
56
56
49
42
78
36
77
42
33
36
28
41
48
81
46
51
40
52
78
62
57
43
42
32
42
42
33
39
79
46
43
25
53
55
21
43
80
41
51
42
65
74
74
68
60
47
32
34
45
52
44
38
74
47
51
38
57
57
27
32
38
33
40
40
72
48
46
38
53
43
26
22
56
51
70
51
44
48
54
72
38
37
33
27
46
49
43
40
47
82
80
37
77
38
32
88
65
32
41
49
51
50
44
55
49
27
31
28
59
58
44
34
36
46
32
64
59
63
25
51
48
55
51
75
35
81
45
49
70
46
41
47
45
81
42
33
49
51
38
42
39
33
46
45
30
43
44
38
50
45
40
37
46
24
27
44
46
80
54
79
78
51
73
45
44
44
33
59
79
49
29
44
54
47
49
46
62
31
24
22
49
61
83
43
62
30
47
63
43
25
25
27
54
47
44
58
81
59
49
68
49
25
24
23
21
28
46
49
43
63
43
34
59
30
22
16
22
36
19
23
25
32
26
32
23
22
34
27
20
23
26
32
21
27
21
42
31
47
55
77
45
80
38
34
31
48
72
47
81
49
42
