3
6
69
88
42
0
0
0
0
2
0
0
85
0
63
43
0
0
0
0
0
0
0
0
2
67
90
0
73
0
0
0
0
0
0
0
2
21
32
54
80
0
0
0
0
0
0
0
39
92
28
57
0
0
0
0
0
0
0
0
2
24
69
63
54
0
0
0
0
0
0
0
2
39
77
13
93
88
0
0
0
0
0
0
2
54
62
87
64
41
0
0
0
0
0
0
2
30
40
43
90
56
0
0
0
0
0
0
3
71
46
86
39
0
0
0
0
0
0
2
4
69
0
23
85
0
0
0
0
0
0
0
2
2
38
24
61
30
0
0
0
0
0
0
0
0
27
47
45
45
72
0
0
0
0
0
0
36
49
65
0
0
48
29
26
2
0
2
0
0
42
62
49
38
3
0
0
0
0
0
0
0
3
44
0
83
39
37
2
0
0
2
0
0
3
60
49
68
76
22
17
0
0
0
0
26
2
39
27
21
76
53
0
2
0
0
0
0
55
83
57
3
0
0
0
0
0
0
0
0
45
60
61
61
0
0
0
0
0
0
36
30
0
49
0
53
84
36
16
0
34
0
0
33
0
4
31
45
0
47
38
0
2
38
0
20
49
48
69
10
14
13
54
65
3
92
48
0
86
49
33
29
68
60
60
0
77
79
