2
2
2
0
0
2
4
0
2
0
2
0
2
1
0
0
2
6
2
2
0
2
0
0
0
2
2
2
0
0
4
0
0
2
2
2
2
0
2
0
0
0
0
0
2
0
0
2
2
2
0
0
7
0
2
2
2
2
2
0
0
0
2
2
6
2
2
2
2
2
2
0
0
2
0
0
2
0
0
0
0
0
2
0
0
2
0
2
4
0
2
5
0
0
2
4
4
0
2
2
0
2
2
4
2
4
3
0
0
2
2
0
2
0
7
1
0
2
2
0
2
2
2
2
2
2
0
2
4
0
2
0
2
4
0
2
2
2
2
0
2
4
0
0
2
0
2
2
2
4
2
4
2
2
2
4
0
0
2
2
2
4
2
2
0
2
2
4
0
2
2
2
4
2
0
0
0
0
2
0
2
2
0
0
2
2
0
0
0
2
2
4
4
2
2
0
2
2
0
4
0
2
4
2
4
0
4
0
1
0
0
2
0
0
0
2
0
2
0
2
0
0
2
0
0
0
2
2
2
2
4
2
2
4
0
0
0
0
0
2
0
0
0
0
0
0
0
0
2
0
2
0
0
0
1
0
0
0
0
2
0
5
2
2
2
0
2
1
0
2
2
0
0
2
4
2
0
2
0
2
2
0
2
0
0
2
2
2
