50
15
39
10
5
41
21
29
29
21
33
6
30
3
45
32
40
34
7
32
32
16
7
11
7
26
34
31
20
29
17
5
31
27
29
43
7
17
15
25
7
33
13
34
27
30
7
44
11
37
30
68
39
35
44
10
26
33
9
60
5
38
33
38
35
41
31
7
34
19
44
35
47
24
20
38
18
9
17
33
27
17
40
48
53
36
63
9
43
40
37
40
33
27
48
19
34
43
47
18
32
30
46
28
33
22
30
33
14
40
42
13
7
35
47
38
35
24
40
46
40
37
31
9
27
35
18
38
28
17
16
38
31
32
32
41
11
45
39
31
59
14
43
9
43
43
36
42
28
32
34
24
36
32
41
39
7
24
28
29
27
33
40
28
26
28
39
54
42
31
19
53
37
35
45
9
33
20
40
35
43
37
28
48
42
30
30
46
31
27
12
36
31
42
41
46
44
9
35
28
31
26
33
41
53
23
34
43
28
39
39
40
37
21
30
42
42
35
39
54
22
41
43
32
28
22
71
43
48
28
33
39
32
24
26
29
26
26
17
14
24
22
19
32
23
37
31
21
33
19
35
42
7
18
15
22
15
15
13
20
15
10
19
23
20
15
13
17
18
28
28
33
29
31
13
21
22
27
12
29
23
29
31
30
21
32
10
28
