4
0
1
0
1
1
6
8
11
3
9
0
13
3
0
2
2
2
1
1
1
15
0
14
17
15
1
15
0
0
1
0
0
1
1
0
1
1
3
1
1
11
23
8
3
9
14
10
11
1
3
20
0
0
0
3
5
0
1
0
1
1
0
3
15
7
25
15
11
8
0
10
1
9
14
1
0
6
6
12
0
13
0
0
1
3
9
1
3
1
0
15
3
10
3
5
1
15
12
4
13
3
16
3
7
6
18
3
9
0
5
17
7
13
13
1
12
12
11
10
14
15
17
0
0
15
3
0
4
1
0
0
3
1
4
1
13
12
14
0
15
5
13
1
12
10
18
1
1
8
1
3
0
1
1
15
3
1
0
4
15
0
4
7
3
15
12
15
7
1
12
2
0
1
15
0
1
2
13
11
22
23
0
1
4
3
0
2
21
17
13
14
17
4
19
1
0
11
1
21
7
17
10
3
16
5
0
1
1
3
15
0
5
28
1
7
10
1
1
0
3
3
19
13
9
10
1
15
3
0
1
19
1
4
3
3
3
0
31
34
3
10
9
1
0
5
8
1
28
22
1
9
17
1
1
7
1
2
3
3
0
6
0
10
1
16
25
16
15
0
0
3
1
3
10
4
15
1
3
11
0
3
5
1
1
2
7
15
