57
56
33
64
60
36
67
36
28
26
34
92
55
79
52
62
60
32
43
32
29
21
48
87
65
33
32
32
20
33
30
33
33
22
33
56
55
42
42
39
57
31
51
31
34
19
32
49
73
45
34
57
34
46
48
34
25
17
31
64
92
53
46
38
28
49
39
34
41
17
54
42
53
27
24
49
16
46
27
33
30
22
55
42
43
28
47
44
50
35
40
35
33
29
48
20
34
50
31
49
29
30
32
28
38
23
33
31
66
47
45
37
53
40
47
63
36
19
47
51
66
52
47
31
30
42
39
38
34
17
69
56
45
54
39
50
33
44
36
35
44
17
43
96
51
35
38
38
30
34
36
27
28
19
50
64
73
28
36
31
31
39
46
28
26
21
49
47
47
41
51
47
39
37
45
28
31
25
44
44
49
44
33
48
32
32
33
26
33
24
41
36
31
42
48
51
33
52
29
40
31
18
52
47
41
26
38
59
32
40
49
31
28
22
43
44
45
35
46
33
22
46
45
34
35
24
33
47
69
33
32
42
32
27
24
29
29
21
17
14
23
22
23
43
27
33
35
21
22
22
27
49
15
19
17
22
16
23
16
16
20
12
18
26
19
16
14
19
18
23
17
23
23
16
21
21
22
22
17
24
28
37
48
30
23
33
36
23
