14
20
16
20
9
18
0
4
8
4
8
9
12
0
19
12
9
8
18
12
17
12
0
9
0
10
0
8
11
12
18
14
14
12
13
10
22
20
25
14
12
11
13
15
5
6
11
6
10
21
0
17
11
15
20
12
3
1
8
13
14
12
26
19
8
11
12
4
2
12
8
0
11
0
12
17
13
15
9
11
12
10
16
6
14
13
13
15
1
14
12
14
0
7
0
5
0
9
10
11
9
11
9
0
14
8
1
0
11
16
16
16
10
6
10
0
11
10
9
1
11
0
13
17
11
0
6
15
9
11
9
14
9
0
17
1
11
7
1
15
0
5
9
0
8
7
13
11
12
9
0
14
13
12
10
0
12
17
21
18
0
5
12
1
0
9
1
0
0
0
10
7
12
0
9
11
16
14
4
6
12
0
17
19
11
0
0
11
12
11
9
7
8
9
1
1
10
10
16
12
0
10
5
12
12
12
26
0
17
21
12
17
4
23
0
12
0
7
11
15
6
8
0
13
16
10
14
10
10
17
17
19
9
10
14
0
14
11
5
0
0
0
0
8
0
0
21
12
0
7
10
8
0
0
0
0
0
11
0
13
2
0
42
0
0
0
0
12
0
7
0
15
0
0
6
3
9
15
0
10
29
13
0
20
19
10
13
9
