7
7
5
5
9
44
24
14
5
25
39
11
9
6
9
9
7
33
43
4
54
39
13
43
11
11
7
11
34
50
7
43
19
11
45
7
5
44
24
6
9
48
11
14
11
15
18
6
5
5
33
9
19
45
5
11
17
9
4
4
11
7
46
11
6
11
7
5
11
5
11
4
6
44
2
9
33
5
48
7
6
13
9
5
41
13
5
17
7
52
2
50
14
41
4
11
41
23
39
17
45
7
45
45
20
42
9
11
6
9
55
38
16
38
60
7
53
11
9
9
39
7
14
11
44
34
41
11
44
13
27
52
5
5
11
39
10
5
49
44
9
6
13
6
5
9
11
5
7
10
12
27
5
5
9
10
14
12
7
15
19
9
48
34
33
10
11
12
11
40
5
9
38
13
49
27
9
50
9
9
36
7
36
50
9
38
13
10
46
4
43
12
7
37
46
51
43
7
17
43
34
4
43
4
7
26
9
19
52
14
4
7
38
14
5
16
41
9
38
11
25
17
15
7
9
11
16
9
9
43
41
23
7
5
13
37
11
48
16
9
6
32
11
10
36
54
41
4
11
5
35
41
38
7
7
9
17
22
7
32
29
9
19
36
10
9
14
24
32
27
20
16
23
34
25
11
29
22
24
30
13
22
24
37
36
30
29
33
