5
9
0
1
9
0
2
0
7
2
2
0
2
0
0
5
4
2
2
4
5
4
1
0
19
2
3
17
3
4
1
5
5
0
1
1
1
7
1
4
7
3
4
1
7
1
2
5
4
2
1
3
0
4
1
1
5
3
2
4
0
1
2
2
6
4
0
3
4
0
13
3
2
4
5
4
2
1
0
1
0
1
1
0
5
2
11
4
4
3
2
4
13
1
2
6
3
3
4
3
4
15
3
2
3
5
1
3
7
7
3
4
5
2
4
4
5
4
7
11
1
4
5
4
4
2
7
4
2
1
2
7
0
4
1
7
3
1
5
3
3
5
3
0
0
3
7
1
2
4
2
4
6
6
2
2
5
4
5
4
3
1
2
0
3
9
7
4
13
0
4
1
4
2
0
3
4
3
2
2
4
21
1
1
2
2
9
2
7
5
3
11
3
0
5
4
0
3
4
3
2
2
3
1
2
0
4
1
2
0
15
2
6
2
5
2
0
4
23
3
5
2
7
6
2
3
1
2
0
0
23
5
2
2
4
2
2
5
1
0
6
2
3
3
0
3
0
7
3
1
3
2
9
4
21
5
0
13
3
7
4
9
4
3
1
5
0
4
2
6
5
3
3
3
3
6
2
0
13
7
1
1
5
19
0
3
5
1
