17
0
7
0
0
0
11
0
9
0
6
0
9
20
4
15
0
10
10
7
15
0
9
8
0
11
15
0
19
5
7
6
0
0
1
5
0
8
0
5
0
6
1
2
9
9
15
0
9
6
6
1
0
10
0
9
3
0
6
0
9
0
6
0
13
0
10
6
0
0
3
1
3
0
0
10
0
0
13
0
25
0
10
7
0
10
0
8
4
23
7
0
8
2
12
13
10
0
5
16
15
1
19
0
0
0
0
0
13
7
15
11
10
15
11
14
1
8
50
1
0
10
13
14
0
0
14
14
0
0
0
0
5
9
9
14
21
10
14
0
15
0
17
10
9
8
9
0
0
16
0
1
8
0
11
0
10
0
2
7
12
0
0
1
8
16
32
8
5
13
13
0
5
6
0
11
0
0
0
0
23
11
6
14
13
13
17
0
3
17
29
2
0
8
3
16
13
3
0
8
15
10
1
0
12
0
7
0
6
5
0
12
5
17
0
13
0
0
3
0
9
20
0
1
0
8
1
0
12
4
11
23
0
11
1
12
7
1
16
0
0
1
10
10
73
13
10
5
11
1
8
2
8
0
9
5
31
0
5
0
12
12
0
1
3
14
1
1
3
3
21
15
0
7
6
8
1
0
0
12
0
14
0
23
7
0
23
0
