11
11
3
0
2
22
0
4
13
37
39
5
0
48
0
0
3
25
35
19
16
20
9
4
0
43
0
0
8
40
28
31
0
32
10
5
2
27
39
0
2
17
13
20
6
26
0
28
7
12
0
4
0
0
4
0
29
5
0
2
6
0
2
0
2
24
18
1
12
0
21
40
2
5
0
0
2
28
0
24
9
3
2
6
5
8
36
0
3
0
18
1
7
18
22
28
40
6
42
0
1
0
26
42
5
5
26
6
2
0
49
2
0
28
23
25
10
0
41
0
4
5
81
0
0
19
29
13
22
49
9
4
6
0
0
0
2
18
35
50
0
46
9
11
2
40
0
0
0
24
22
18
0
32
11
12
4
28
50
0
0
24
79
3
2
12
32
33
7
44
0
0
4
31
18
35
12
30
3
5
7
9
30
0
1
4
17
19
4
28
37
19
2
6
25
0
3
22
19
2
5
24
6
5
5
34
0
26
0
2
19
26
5
3
3
38
1
13
9
5
41
1
18
22
28
4
36
4
6
5
2
22
1
0
21
30
0
18
21
21
4
4
1
2
4
46
21
0
21
13
21
10
7
6
2
0
0
0
16
20
3
0
2
2
0
2
2
2
1
2
0
0
13
3
4
2
32
17
23
21
8
31
28
40
32
4
26
0
