48
6
10
10
12
4
6
10
2
4
4
6
21
27
36
6
6
6
6
6
6
4
12
4
0
12
12
2
21
42
49
10
30
9
12
37
13
20
10
4
15
6
6
4
8
62
10
4
8
49
6
49
6
8
6
8
4
8
16
2
42
8
6
6
20
35
19
8
14
4
47
8
4
8
25
4
23
8
27
10
15
4
26
6
13
8
4
47
6
8
8
14
48
6
12
11
21
8
4
37
6
14
6
6
6
11
2
6
8
6
4
2
8
2
23
33
16
6
4
4
8
4
6
6
41
4
11
10
39
4
11
8
8
63
6
21
19
35
31
35
20
19
10
4
4
6
8
43
47
10
44
13
10
4
65
4
35
18
8
16
11
14
4
14
46
8
6
4
35
10
10
4
10
11
4
4
39
8
8
13
9
8
20
8
4
41
28
10
65
4
16
21
4
8
29
10
12
18
4
12
12
27
14
4
12
35
53
29
16
4
6
34
14
8
16
10
2
6
6
8
41
10
2
8
15
8
60
13
42
10
47
8
13
6
55
6
8
10
6
11
5
8
6
8
8
4
49
27
6
9
5
4
19
24
46
8
8
6
9
8
9
44
22
8
0
18
20
21
19
9
9
31
19
12
25
27
48
35
16
17
25
16
21
13
6
17
15
8
