2
10
2
6
4
7
4
2
8
6
12
4
11
15
7
14
0
0
4
0
37
14
15
6
10
8
4
13
4
18
11
10
8
8
8
10
10
8
8
15
6
4
8
14
12
8
10
10
6
6
10
6
17
12
12
13
15
12
15
12
6
10
8
0
8
8
8
8
8
13
23
19
14
17
12
13
12
8
5
17
6
13
21
17
4
6
10
19
10
0
8
10
12
19
10
30
23
13
12
10
11
2
10
45
12
15
25
11
12
14
10
19
30
6
8
9
4
7
0
6
4
6
2
5
6
6
10
8
6
6
9
9
7
6
2
12
6
6
7
6
2
6
2
0
4
8
10
16
8
9
15
8
8
8
5
10
9
8
0
7
2
7
12
6
6
12
10
7
10
2
2
6
12
4
11
10
14
6
6
8
7
8
6
6
10
6
10
14
8
10
12
8
6
4
10
17
2
11
8
8
8
4
8
13
14
8
8
6
8
6
8
4
6
6
13
6
16
10
6
8
4
10
8
2
12
13
8
7
40
8
6
10
12
13
10
14
18
10
4
16
6
6
8
4
4
13
14
4
8
4
6
10
8
8
9
4
10
6
6
0
8
4
2
4
13
4
6
6
4
6
12
12
6
8
6
8
8
10
13
2
12
6
13
10
6
10
17
19
