9
6
6
6
6
6
4
6
8
2
6
4
8
6
6
6
8
6
4
13
13
4
7
4
4
4
4
6
4
6
10
4
4
2
2
7
4
8
4
10
6
8
4
6
15
2
6
4
4
8
8
6
11
6
6
4
10
4
8
6
4
2
4
6
6
2
8
4
6
6
6
8
6
14
6
4
6
4
2
4
6
2
8
9
10
6
6
4
2
10
4
10
4
8
2
5
4
6
9
10
0
2
6
0
6
6
13
7
0
3
12
9
8
2
9
4
8
10
12
6
12
4
4
10
4
4
6
2
6
12
6
0
10
3
4
8
7
2
4
6
4
4
8
6
5
4
6
7
4
9
12
4
6
8
6
2
2
10
8
4
0
6
6
6
2
4
4
10
8
4
2
6
5
4
5
2
6
6
6
4
2
4
7
4
9
6
10
9
0
10
8
4
10
8
8
6
8
4
8
4
4
7
12
8
4
11
7
6
6
4
6
2
2
8
8
8
11
12
0
2
10
6
11
4
9
10
2
4
6
4
5
4
4
6
6
2
8
8
6
6
2
6
8
8
13
4
4
8
6
4
4
2
4
7
8
6
4
8
8
2
11
4
5
11
10
9
3
4
4
2
2
4
2
6
3
5
7
2
2
4
4
6
7
4
9
4
0
4
