11
19
20
29
19
21
15
19
26
22
11
13
23
22
24
19
15
9
16
19
18
17
17
15
11
11
20
14
24
19
19
11
18
24
17
16
27
15
23
15
21
29
21
21
21
17
11
10
24
21
19
20
17
9
15
15
17
13
30
11
12
19
17
17
20
15
15
9
17
15
13
19
15
13
11
14
14
9
11
13
13
13
17
18
18
19
13
11
17
15
13
15
12
9
15
19
20
26
28
27
15
14
9
13
13
18
24
10
12
12
11
15
19
23
16
13
15
13
13
72
25
15
21
13
11
17
14
13
17
19
15
14
21
18
17
11
14
27
28
24
32
22
26
21
23
15
24
17
27
20
15
19
18
18
13
17
11
13
24
14
26
13
15
16
11
9
24
17
17
15
12
19
19
19
20
19
18
21
19
15
18
21
15
9
20
13
16
13
15
17
13
23
15
15
77
18
11
13
9
26
21
28
24
7
20
18
20
23
22
19
21
17
15
11
22
11
14
17
13
11
19
19
18
20
16
19
16
9
18
23
16
29
13
13
17
23
14
56
22
24
15
11
17
22
9
13
10
15
15
16
19
17
21
13
17
15
16
19
14
14
13
18
16
12
5
21
23
14
22
16
13
15
16
18
23
18
12
14
18
15
20
13
8
11
18
12
12
14
