4
3
6
4
1
6
7
4
5
3
10
4
7
6
4
4
8
1
5
8
6
7
4
4
5
6
8
4
4
2
1
6
6
6
7
8
5
4
4
7
6
4
5
8
9
7
5
4
5
3
6
8
6
9
4
5
4
6
5
7
5
3
3
5
4
7
1
4
4
4
2
4
4
6
3
6
5
3
6
2
5
5
3
5
6
8
4
5
2
4
3
2
3
5
4
2
4
2
2
2
4
2
6
7
5
8
7
3
6
5
2
8
6
8
2
5
5
6
5
3
4
3
1
3
3
4
3
4
4
2
4
5
4
4
5
4
3
7
6
4
5
5
7
6
4
4
3
7
7
4
3
4
7
7
7
5
7
5
3
4
4
5
7
6
2
6
7
2
4
4
4
6
6
1
6
5
6
3
4
5
3
5
8
7
7
4
5
4
5
2
6
4
4
5
5
5
8
5
4
5
3
2
5
4
7
6
5
4
4
8
7
4
4
4
4
8
6
5
7
5
3
6
3
5
3
4
7
5
6
4
4
5
8
5
5
6
7
3
3
3
2
5
5
5
5
5
5
4
4
4
5
6
5
4
4
4
6
4
6
3
6
6
7
6
4
6
6
3
5
7
6
7
3
2
1
3
6
3
4
3
2
6
8
5
3
5
3
4
