0
7
0
0
2
0
0
9
0
8
11
5
18
9
0
0
3
0
8
7
0
12
9
13
5
0
0
0
6
0
0
7
1
0
0
10
0
8
8
6
0
9
11
1
0
4
6
12
0
13
1
10
0
0
0
1
0
0
3
9
0
0
10
21
0
9
8
0
6
0
10
7
13
5
0
7
7
0
0
0
10
0
0
9
12
0
0
1
9
18
5
10
0
0
12
10
11
0
6
0
13
10
1
11
1
5
12
10
21
1
0
7
6
1
8
1
0
8
11
0
0
1
0
6
16
0
15
7
4
5
11
6
4
14
4
0
11
10
10
0
9
10
9
0
8
10
5
0
7
7
9
0
8
9
0
21
6
11
0
5
0
9
6
0
0
7
1
20
8
8
0
0
0
0
11
15
14
9
6
14
0
23
0
1
8
0
9
4
8
9
0
0
7
0
0
2
0
0
10
7
0
0
6
13
6
0
6
0
5
0
6
9
0
6
4
6
10
0
0
0
9
0
8
11
7
0
0
6
0
7
0
0
0
6
9
6
8
0
3
9
5
0
0
8
0
8
8
0
7
8
3
10
7
12
0
9
0
15
0
0
13
13
0
5
11
0
0
3
0
5
11
8
0
12
11
0
17
3
8
0
0
6
3
10
16
15
15
16
