12
10
11
20
18
10
11
11
24
18
12
28
13
14
9
7
11
9
7
16
13
14
11
24
13
19
14
15
16
21
15
17
20
13
18
13
14
13
9
12
12
14
17
15
16
11
15
13
12
14
11
18
20
12
11
24
19
11
14
11
14
21
17
16
31
20
13
21
24
17
16
12
29
13
16
18
12
18
25
30
27
11
14
18
16
18
22
18
15
22
14
11
16
12
14
18
15
20
24
15
14
20
7
12
13
16
21
16
24
20
31
13
31
14
10
24
26
23
20
28
14
14
12
15
15
14
26
14
27
12
14
16
10
20
20
33
28
9
15
16
14
21
9
19
30
18
27
11
25
24
26
11
28
26
14
13
22
20
24
29
23
44
39
23
14
32
12
18
14
20
30
44
16
14
38
27
19
13
25
36
41
13
14
12
14
19
16
20
12
33
24
12
17
34
11
15
11
15
15
11
13
13
10
31
24
15
12
11
13
20
11
23
11
13
10
36
33
9
40
29
21
13
9
18
13
16
15
27
21
11
15
14
13
23
11
11
16
24
28
24
9
22
9
11
35
20
8
10
18
13
21
16
18
19
11
11
9
11
18
16
11
9
9
9
13
15
11
7
14
9
23
24
13
7
13
13
4
20
11
12
11
8
9
7
9
5
11
5
