10
15
10
6
4
8
11
9
2
15
6
6
8
16
11
6
8
8
6
6
8
7
19
2
14
13
8
12
12
11
34
8
13
11
11
12
10
6
6
7
8
10
8
6
6
17
10
10
12
13
10
8
8
17
15
10
15
19
18
12
14
11
14
29
38
28
31
23
34
29
34
17
10
23
21
10
29
32
27
29
35
44
23
39
17
17
25
36
35
39
42
15
38
23
39
42
39
42
33
21
33
43
60
38
36
39
48
49
44
37
52
32
48
44
17
38
32
27
46
54
58
30
36
42
11
12
15
7
10
24
10
21
19
4
9
19
8
30
6
8
8
15
19
8
14
2
2
4
11
4
25
6
10
6
4
10
6
10
4
10
12
4
8
13
4
9
8
8
6
8
10
4
4
8
11
6
8
4
6
10
6
6
12
14
6
6
8
6
2
14
10
8
10
4
8
10
9
9
9
8
8
8
14
13
8
4
11
6
2
6
6
6
2
4
4
6
6
4
10
4
8
4
8
4
6
4
6
4
4
4
14
4
14
16
6
12
15
10
11
6
13
8
4
15
13
8
4
10
8
6
11
8
6
6
8
4
23
8
6
4
10
8
8
12
25
8
8
6
12
6
15
15
11
2
17
17
23
6
6
10
8
20
8
21
21
10
4
17
