0
0
0
0
22
3
5
0
0
0
5
0
6
1
0
3
5
64
0
3
3
1
0
3
36
1
3
3
1
1
3
1
9
1
3
0
1
1
3
1
0
4
0
3
1
0
7
1
1
1
3
3
3
1
3
1
1
0
30
3
3
1
0
0
3
3
0
0
0
0
1
0
1
1
1
0
0
3
1
3
1
3
1
0
0
0
1
5
3
5
1
1
1
1
1
32
1
5
4
1
0
1
3
0
0
1
0
42
1
6
3
3
0
0
1
1
1
5
1
0
0
1
0
1
1
22
1
1
0
3
1
3
3
3
3
3
1
0
0
1
0
25
1
1
1
1
0
3
1
1
4
0
0
0
3
3
1
0
1
0
13
0
3
0
3
3
1
1
13
1
0
0
1
1
1
1
3
46
1
0
1
3
1
5
0
0
3
5
0
1
1
1
1
1
69
3
0
1
1
1
1
1
1
0
18
0
3
1
0
0
3
5
0
1
3
1
0
0
3
0
20
3
0
3
1
0
1
0
1
5
0
0
1
1
1
3
3
1
3
0
0
52
3
0
1
3
0
1
3
3
3
1
32
1
5
1
0
1
0
1
0
37
0
0
57
1
5
3
1
1
3
0
1
1
3
33
0
1
3
0
1
1
7
1
1
1
5
1
