3
65
1
51
1
0
1
36
1
1
1
1
0
45
34
0
5
10
42
0
45
0
11
39
1
27
49
3
57
5
1
5
7
40
3
55
1
50
1
29
1
19
32
43
47
1
6
1
0
37
3
27
1
22
22
55
51
34
1
1
1
3
0
13
48
22
26
34
15
27
3
48
30
22
3
19
39
25
35
52
47
25
29
5
51
32
15
8
7
31
29
5
32
6
3
3
19
42
25
36
4
5
41
47
27
5
27
47
13
1
23
24
1
0
41
35
36
43
0
1
21
31
3
29
37
28
1
43
32
26
9
19
28
6
21
3
49
35
0
22
44
35
4
55
23
38
6
3
0
34
8
1
45
30
35
0
39
55
47
3
31
32
36
1
4
0
29
0
24
44
26
16
18
25
21
3
22
25
1
20
21
8
33
31
29
20
32
3
0
31
36
3
51
50
24
5
19
24
3
30
22
26
20
16
28
1
14
31
1
0
30
18
30
25
23
6
25
1
11
19
17
35
7
1
15
13
17
1
22
37
35
49
1
4
40
17
25
1
51
21
68
23
24
21
6
6
42
22
41
1
13
3
15
20
0
27
3
13
29
23
32
15
17
15
3
32
24
0
6
1
34
4
25
3
40
8
51
37
31
24
30
1
1
36
15
52
21
40
