3
19
21
9
5
9
11
17
19
13
33
17
9
5
9
11
9
9
29
7
7
11
7
15
13
2
11
15
13
11
19
17
15
17
15
7
7
3
9
17
13
13
7
19
13
7
11
15
23
7
17
27
9
21
7
9
5
11
21
23
15
7
17
29
7
7
7
13
5
11
5
19
5
7
13
5
23
3
17
5
25
19
15
7
5
9
13
15
11
9
5
9
9
7
11
9
7
21
21
15
13
9
9
13
5
19
19
9
7
9
13
11
11
11
13
9
11
7
13
7
15
11
9
15
21
17
19
9
17
5
5
5
25
11
11
9
29
3
11
21
9
19
19
11
23
13
9
49
45
15
27
11
41
17
11
31
21
11
25
17
41
27
5
23
51
15
11
13
17
27
7
27
5
7
17
29
45
31
7
35
7
27
15
13
7
25
9
9
27
19
19
37
9
49
29
21
29
33
15
27
15
15
21
21
9
17
11
43
19
13
11
17
31
33
7
11
27
17
11
19
9
27
19
35
17
23
19
11
29
9
3
9
11
15
17
23
23
23
11
27
41
19
21
19
19
17
35
17
15
17
9
2
9
2
3
3
9
5
7
5
7
3
2
2
2
2
2
3
2
9
5
2
5
17
2
2
7
2
5
5
9
3
2
5
7
3
5
7
