4
4
6
8
6
4
8
8
6
6
4
2
21
4
6
8
4
6
4
6
6
6
6
10
12
6
6
4
10
12
8
4
10
2
8
8
10
6
4
8
8
4
4
12
10
12
6
4
8
6
4
8
8
10
10
14
8
14
10
10
6
6
14
10
12
12
16
4
16
10
6
14
6
6
8
10
6
16
29
21
10
10
16
16
8
6
8
10
6
14
18
8
16
4
12
14
12
20
6
18
12
10
4
16
14
18
4
14
12
10
4
10
6
8
12
6
12
8
14
0
10
16
8
12
15
14
8
6
16
12
6
14
4
12
12
8
8
2
16
14
20
21
25
23
10
6
2
4
8
18
8
4
6
6
19
10
10
12
6
8
6
4
8
2
6
4
2
4
8
4
6
6
4
8
4
2
4
6
6
4
6
4
0
4
2
2
2
4
4
4
2
4
4
4
2
8
2
8
4
6
0
2
6
6
2
4
2
6
2
4
6
4
6
6
2
4
0
2
4
4
4
6
4
4
6
2
2
2
4
4
4
4
2
2
2
2
4
2
2
6
2
2
2
2
6
2
2
6
2
12
2
2
2
2
2
4
43
4
10
2
8
6
2
6
4
6
6
4
2
6
2
8
6
6
6
8
6
4
2
8
8
4
8
6
4
10
4
8
