4
8
6
4
6
32
2
8
6
2
14
16
4
8
4
6
12
6
12
10
8
6
4
14
4
46
15
6
4
4
4
0
4
4
4
4
8
25
6
4
4
8
4
40
4
9
6
8
2
4
6
10
8
4
6
21
8
8
6
17
8
8
2
23
8
27
6
10
10
4
6
8
19
0
0
0
0
0
0
0
0
0
0
0
0
0
0
0
0
0
0
0
0
0
0
0
0
26
17
14
4
4
6
10
8
7
0
10
2
10
7
37
60
10
4
10
8
4
4
12
8
6
56
12
17
4
6
6
6
4
6
36
17
17
6
8
27
2
8
4
71
15
2
2
6
6
24
62
8
4
4
4
2
4
69
2
4
4
8
6
19
8
8
18
83
9
11
10
15
6
4
66
9
0
12
8
6
4
12
13
43
10
6
4
19
2
4
8
12
4
8
8
6
6
8
4
27
8
35
6
8
29
6
11
10
17
13
8
69
6
10
4
23
10
18
10
6
6
6
33
10
44
12
8
8
50
13
6
62
7
6
7
9
4
11
9
10
8
19
13
32
21
23
16
19
28
21
12
17
17
15
10
16
2
8
2
10
17
21
13
0
6
24
15
19
38
15
10
0
27
17
4
14
15
10
18
8
13
19
19
12
19
27
21
20
13
12
17
