5
7
13
1
4
10
4
0
4
0
5
0
15
9
1
0
9
0
6
0
6
2
7
7
1
11
6
6
6
10
7
8
5
0
5
0
6
1
9
1
6
1
6
1
0
9
0
5
9
14
6
0
12
9
2
0
7
0
8
0
0
8
7
10
1
6
11
4
0
4
4
0
0
9
0
6
13
0
0
7
8
0
6
0
4
11
9
0
1
4
0
7
0
0
0
11
6
0
6
0
11
1
5
8
0
0
12
1
7
0
8
10
7
0
0
7
7
9
0
0
5
7
11
0
5
6
9
0
4
4
9
2
0
9
0
11
0
1
11
9
0
4
14
0
4
0
14
0
11
0
0
7
0
5
5
0
7
11
0
0
6
8
1
0
9
0
7
0
8
2
6
8
4
6
10
0
7
12
0
7
13
11
1
3
1
7
2
8
5
12
4
0
4
0
5
1
10
4
0
9
6
0
7
2
0
0
3
6
0
0
8
1
5
0
5
1
6
0
12
0
0
7
15
0
0
9
1
0
7
14
0
10
2
8
8
9
1
0
45
14
8
1
11
0
5
7
0
8
0
0
7
0
0
5
14
0
0
7
12
0
2
0
0
0
3
0
0
0
0
0
0
0
0
1
0
0
0
6
0
0
9
1
2
7
4
1
1
5
