2
2
4
0
2
0
0
2
7
0
2
2
4
2
2
2
0
0
2
0
4
2
2
0
4
4
2
0
2
2
0
0
0
2
0
4
4
0
2
2
0
4
0
4
4
6
0
2
2
0
2
4
2
2
2
0
0
0
2
7
2
2
2
2
4
2
2
0
0
2
2
2
2
2
0
0
0
2
0
2
0
0
2
4
6
2
2
2
6
4
2
0
0
2
2
2
2
0
0
2
0
4
2
0
0
2
0
2
2
4
2
4
2
2
2
6
0
2
2
0
0
6
4
0
2
4
2
4
0
10
2
4
2
6
0
4
2
2
0
0
0
2
4
0
2
2
0
2
4
0
2
6
2
4
0
2
0
2
0
0
0
0
4
2
2
2
2
0
4
0
0
0
2
2
2
0
2
2
2
4
0
4
2
0
0
2
0
2
2
0
4
0
0
0
2
2
2
0
0
2
2
2
4
2
2
0
0
2
2
4
0
2
4
4
2
0
2
0
0
0
2
0
4
0
4
4
4
2
0
0
2
0
2
0
4
2
0
2
4
0
4
0
4
0
2
0
2
0
0
7
4
2
4
2
4
2
0
0
2
4
0
3
0
2
2
2
4
2
0
0
0
0
4
2
0
0
2
2
4
2
9
2
0
2
0
2
2
4
