8
29
12
6
10
47
8
35
10
47
6
6
2
10
8
6
12
2
8
25
8
8
10
2
57
53
20
12
2
6
4
4
4
4
12
14
4
16
10
6
6
10
12
12
4
6
6
10
6
57
12
10
8
31
6
10
8
6
8
10
62
10
8
6
8
12
16
6
4
8
27
8
4
53
6
39
6
6
51
4
6
4
4
8
14
8
8
6
2
70
10
47
18
14
4
14
8
8
16
8
49
6
10
37
16
8
10
14
62
12
6
4
6
12
8
6
62
4
66
16
8
8
6
8
16
62
12
4
12
12
12
12
8
6
8
10
68
6
4
6
4
8
25
8
4
12
8
8
14
6
18
78
8
6
6
14
31
6
12
61
6
8
8
10
6
6
76
27
8
23
6
8
6
4
6
6
10
6
17
10
6
80
4
12
6
49
6
10
6
4
12
49
8
10
8
10
12
8
8
6
10
10
6
23
12
12
12
12
70
6
8
10
80
12
6
12
4
14
8
14
16
14
12
25
10
14
8
10
4
21
19
12
16
10
27
23
27
10
14
10
8
27
27
16
10
19
23
14
12
12
12
55
18
10
10
8
14
8
23
20
16
8
18
12
12
10
14
16
10
16
14
12
10
29
33
12
8
18
21
18
19
17
27
19
25
17
10
19
