8
2
6
10
4
10
5
10
2
8
5
17
2
6
2
5
6
16
8
10
4
4
2
4
6
2
6
4
6
10
2
6
4
4
9
4
2
4
4
0
4
8
48
5
6
6
2
7
2
0
63
4
5
8
2
4
2
2
14
8
5
12
0
2
2
4
8
2
6
8
0
10
4
2
4
0
10
10
2
12
10
0
0
0
4
8
6
49
4
0
4
5
4
92
5
2
4
6
13
0
4
4
26
4
4
6
4
6
4
9
0
4
2
6
6
2
0
2
6
6
4
7
6
2
4
10
2
2
6
12
8
6
4
4
6
4
0
4
0
6
0
4
2
2
6
4
4
5
7
12
6
4
8
6
10
20
8
4
8
2
10
10
40
2
8
2
2
4
4
8
6
8
4
6
4
47
2
4
2
2
2
4
2
2
4
4
0
4
2
0
2
2
52
6
4
39
4
8
0
4
4
12
4
9
4
11
12
6
4
14
6
2
94
6
2
8
8
8
2
7
7
24
2
4
20
8
6
35
2
0
8
4
6
2
8
4
8
2
4
2
0
0
7
6
2
8
0
85
11
0
6
2
6
8
7
0
0
0
25
0
0
0
40
4
6
4
2
0
2
2
45
8
8
4
55
2
42
92
6
8
6
80
0
2
4
6
8
4
