6
2
4
10
4
6
2
8
6
6
6
8
6
4
8
6
17
2
6
6
10
6
2
10
8
4
10
13
8
18
8
8
8
4
10
8
6
6
6
2
12
10
6
10
10
4
10
4
8
8
6
6
4
4
6
6
12
6
6
6
4
8
6
6
6
4
8
4
4
12
4
8
14
10
13
4
8
6
4
4
6
4
4
6
14
6
6
8
6
4
8
8
10
10
6
10
8
8
8
8
12
4
10
8
8
6
6
8
14
6
6
6
6
12
10
14
16
8
6
8
6
6
10
12
8
14
8
16
6
4
8
10
14
10
8
6
10
18
18
10
10
6
4
6
6
12
6
12
8
4
8
2
12
17
15
4
8
10
14
12
8
16
14
12
6
4
10
8
10
13
14
14
16
14
10
21
14
15
10
14
8
4
8
12
15
12
10
10
12
8
23
10
10
8
2
4
4
8
10
21
6
4
4
6
14
8
4
4
4
10
8
16
6
14
10
10
6
6
4
15
6
6
6
10
4
6
4
6
6
10
8
8
8
8
16
4
2
4
6
8
6
8
6
6
8
8
4
10
6
8
4
6
6
12
39
10
10
8
8
14
6
8
18
2
6
12
4
6
6
8
8
12
6
8
10
6
6
6
6
12
6
28
12
12
12
6
10
12
