4
7
6
8
14
8
10
14
15
7
11
10
6
21
8
12
12
4
6
8
8
2
11
8
4
6
2
10
12
4
6
4
12
10
6
10
10
10
6
8
14
22
8
10
18
8
16
4
8
12
15
13
16
10
8
18
16
9
8
16
12
10
10
14
6
4
8
10
12
16
15
8
10
12
18
19
15
10
6
6
6
10
25
20
6
11
10
4
10
16
29
8
12
10
9
21
4
8
6
6
18
8
10
10
15
8
6
17
10
10
10
21
14
8
17
10
10
11
13
10
6
6
10
10
11
9
15
19
12
12
15
10
10
10
27
19
8
12
6
10
10
14
11
6
4
14
16
12
10
12
16
10
15
14
14
13
12
17
14
15
9
13
6
6
13
8
21
12
12
8
6
21
14
17
9
12
15
8
14
11
14
17
6
14
14
12
15
21
15
10
13
21
17
21
10
19
14
12
10
17
15
13
13
14
12
10
17
11
67
10
12
15
17
21
15
6
15
14
4
16
18
12
12
12
10
16
21
12
6
6
19
12
10
8
12
14
10
6
7
20
16
10
11
14
8
6
15
13
21
11
19
9
9
11
5
7
13
10
11
15
11
14
9
8
9
12
4
6
2
4
8
2
2
4
4
2
2
2
4
6
2
0
2
4
10
2
6
6
