32
20
18
17
36
82
22
65
18
8
24
30
23
46
11
28
17
26
26
24
25
11
11
46
17
41
42
70
34
26
22
39
21
18
9
26
30
8
13
25
11
28
16
14
19
25
9
15
30
20
38
38
45
19
48
40
46
58
45
46
22
19
13
13
24
17
51
28
17
24
28
26
44
30
67
25
60
18
63
34
35
36
26
31
82
33
37
70
30
24
30
54
30
32
30
60
17
38
50
53
39
41
26
36
77
32
66
33
38
11
52
55
32
30
24
51
61
56
32
29
36
39
21
43
22
40
28
43
35
63
45
52
42
26
49
36
43
42
41
52
34
46
54
70
53
57
60
40
26
28
30
45
33
37
40
27
32
52
38
69
66
64
43
21
79
30
59
55
30
27
59
41
55
52
36
31
86
18
51
21
42
40
34
50
53
25
62
45
68
68
23
38
51
36
28
66
19
56
57
56
54
56
48
28
57
49
44
34
21
32
24
47
50
38
34
66
35
47
76
42
27
40
72
34
21
37
51
28
33
36
40
32
38
24
63
41
30
22
11
31
13
80
53
71
24
24
17
37
19
48
41
25
31
33
36
30
15
23
43
11
16
51
22
24
42
66
18
17
19
16
30
62
46
24
56
34
26
37
27
8
8
21
13
33
20
15
13
30
