50
39
35
45
35
30
34
23
45
34
29
47
33
43
24
35
32
45
29
24
53
29
47
30
28
30
29
45
23
28
39
48
28
33
33
42
36
30
33
35
28
43
44
33
39
28
48
30
43
32
33
28
52
39
28
51
52
29
29
40
26
37
28
34
47
31
57
28
27
40
54
35
36
43
33
42
32
40
32
31
38
31
40
41
32
26
48
39
31
29
44
34
38
53
28
41
29
39
37
39
35
32
33
28
67
41
32
36
42
36
25
44
38
35
43
42
27
46
33
26
35
65
37
35
46
37
28
44
38
61
29
45
37
38
38
33
33
28
44
46
26
35
27
29
29
47
32
42
25
32
29
52
28
30
41
43
39
28
40
48
37
32
22
51
50
28
27
49
40
44
42
52
39
24
39
40
53
39
27
35
26
45
32
33
34
27
36
35
28
23
28
46
32
29
42
38
35
34
29
47
35
38
38
40
31
44
36
45
45
35
39
26
33
37
25
53
41
33
25
41
41
35
40
45
31
34
47
47
36
28
31
50
30
37
39
30
41
40
35
34
48
66
29
35
44
53
49
36
31
47
44
39
32
46
44
48
28
50
27
40
33
45
50
36
33
50
49
31
36
52
35
36
43
50
33
32
37
44
33
28
50
47
46
31
47
42
37
33
