0
14
0
3
3
10
0
0
32
0
9
2
0
6
0
1
1
3
19
0
8
0
0
11
0
17
3
0
14
0
1
0
4
13
1
0
9
13
10
24
0
31
0
1
10
0
18
0
11
0
24
10
7
7
0
7
0
0
6
4
0
8
7
0
7
0
7
0
12
1
0
4
0
13
0
8
0
0
0
13
1
0
6
4
0
10
0
0
0
0
3
15
0
10
5
8
0
11
0
9
0
0
0
11
0
0
45
8
10
0
9
6
3
8
1
9
0
24
0
0
5
8
8
0
0
3
10
1
0
4
6
9
0
19
10
0
9
10
15
0
9
0
0
6
3
9
3
10
1
0
5
0
13
30
10
0
9
0
18
0
7
1
7
0
0
10
15
0
7
0
0
9
0
9
7
0
34
0
4
0
7
0
0
0
11
6
0
6
3
0
8
0
18
0
27
0
8
0
6
1
0
7
13
0
0
5
0
9
1
0
8
8
15
0
4
4
10
5
10
6
12
13
0
12
19
1
0
0
0
2
0
29
9
0
11
0
0
2
0
0
15
2
1
1
4
6
9
0
11
7
5
14
1
8
13
0
10
3
7
0
14
0
10
0
0
17
0
0
0
0
4
35
8
1
15
1
25
0
13
1
13
25
7
0
8
0
0
16
