6
12
13
7
10
7
7
15
19
16
11
7
11
17
13
18
7
25
6
29
17
11
21
15
6
13
8
10
18
3
18
19
5
7
17
7
13
7
7
11
13
9
19
17
6
9
24
12
14
14
19
18
5
16
7
23
26
5
7
6
13
19
6
15
16
7
7
13
8
13
10
15
9
18
9
7
6
7
5
7
7
21
17
4
14
6
15
24
9
12
18
19
6
24
22
9
6
15
10
14
18
6
6
24
17
8
12
11
5
18
16
27
20
12
7
11
7
8
15
21
15
17
7
12
13
13
7
11
15
23
20
7
9
21
5
6
20
17
10
5
16
9
15
14
12
19
8
9
7
14
19
20
5
25
10
11
17
24
5
6
15
22
6
20
8
10
14
11
9
22
10
5
18
8
6
11
14
13
7
6
7
8
8
11
12
10
8
8
10
10
13
7
7
13
24
22
19
7
15
5
7
6
17
15
20
7
10
20
16
14
23
20
20
28
16
18
8
16
20
5
13
11
21
5
8
3
12
12
7
6
10
17
19
10
14
21
8
13
6
15
27
11
11
4
19
7
16
5
16
11
7
15
5
8
14
17
20
9
10
17
20
3
22
10
24
5
7
3
25
12
12
6
23
20
9
14
9
12
21
4
14
7
21
8
15
9
7
5
