9
11
11
9
9
18
16
11
3
12
7
5
9
13
5
7
5
9
13
13
28
11
15
9
13
11
14
11
20
7
24
11
3
7
9
9
5
11
9
13
5
21
9
13
7
7
11
9
15
9
9
7
15
5
5
13
7
15
9
19
21
15
9
9
13
11
9
17
15
5
7
17
19
11
19
15
13
9
13
9
1
9
23
7
11
17
9
3
13
7
7
13
5
17
13
5
11
11
9
20
17
9
17
12
5
13
17
13
25
16
17
15
15
11
5
15
13
9
17
17
14
7
7
23
20
11
15
11
11
13
11
18
13
21
24
9
9
17
13
15
9
3
7
25
17
15
5
7
15
16
19
9
13
28
5
15
7
20
13
22
27
13
14
11
13
11
7
5
9
19
15
14
9
25
19
40
11
19
9
11
25
17
18
21
16
23
7
31
15
21
17
23
7
13
19
13
13
11
18
21
15
11
19
13
7
7
9
38
13
11
15
9
5
11
14
15
9
20
11
9
9
7
15
11
15
3
9
9
3
9
7
7
15
9
7
11
19
13
7
5
14
3
11
15
12
5
15
7
7
17
11
7
12
11
7
15
11
5
11
5
11
11
7
9
13
5
11
11
7
9
7
7
7
5
3
9
11
1
5
3
10
13
11
34
9
9
7
3
