2
6
1
1
29
0
22
0
2
4
0
2
0
3
0
5
1
0
1
0
3
13
6
0
4
0
0
2
4
7
0
4
0
2
0
2
0
3
2
0
1
0
34
6
0
0
2
2
0
4
4
0
1
0
38
42
0
8
0
2
1
32
0
1
2
3
2
0
10
2
0
2
2
0
0
3
4
0
2
2
5
2
4
3
4
2
0
0
0
19
11
2
12
0
10
2
10
2
0
2
0
0
4
0
4
2
0
0
12
2
2
1
2
2
0
2
0
2
0
2
4
3
1
2
0
0
2
4
2
4
4
2
2
2
0
2
7
2
2
2
0
0
2
0
4
2
41
2
0
4
0
0
37
4
1
6
2
3
3
4
2
2
2
0
45
0
2
2
5
0
1
0
2
2
35
2
0
1
2
4
0
2
2
2
2
2
0
2
0
2
2
2
4
4
2
6
2
1
20
0
2
0
29
2
0
0
0
0
2
33
0
0
1
4
5
2
4
4
4
6
0
6
2
2
2
4
2
0
2
0
2
2
0
8
0
0
0
4
1
2
2
1
0
2
6
0
4
2
4
2
42
0
2
2
0
0
34
4
0
2
2
2
47
0
2
2
4
2
2
0
2
4
16
0
2
0
2
3
2
2
0
0
27
2
1
4
12
0
