35
28
36
29
28
34
35
28
30
36
24
25
29
48
25
34
34
28
33
26
27
26
22
35
37
34
32
29
32
27
33
29
35
32
30
31
25
26
30
22
33
32
20
26
29
40
32
40
34
27
22
35
19
49
27
38
36
35
35
32
32
38
35
42
31
24
35
37
27
34
27
34
31
30
34
22
37
30
27
19
38
38
26
31
39
26
36
25
38
26
63
23
27
31
31
44
30
22
23
22
25
37
34
30
32
36
40
29
21
18
23
35
44
34
37
35
26
25
28
28
27
33
28
35
21
34
35
27
26
23
18
39
18
32
29
45
33
19
30
38
31
33
43
21
30
21
30
23
42
35
34
13
29
30
41
33
41
34
43
21
30
37
10
34
37
26
24
15
34
24
23
60
35
29
61
27
33
18
34
34
32
28
26
36
36
32
27
34
25
28
30
28
35
31
32
36
22
21
20
27
30
38
24
25
31
26
35
29
38
22
28
22
36
35
57
32
36
28
28
35
24
35
29
39
30
19
36
40
54
18
29
35
23
31
42
22
30
29
31
30
32
30
30
30
29
36
35
42
36
21
28
26
35
29
36
13
20
28
29
35
33
29
24
35
44
28
32
38
37
32
25
18
37
38
30
26
28
25
43
46
22
27
24
43
44
36
41
25
