57
20
40
11
9
25
33
29
17
53
20
34
23
30
42
29
24
32
28
44
28
37
45
30
32
29
9
24
26
26
35
63
49
32
58
47
84
29
35
59
27
48
53
62
61
34
31
36
52
33
39
54
1
52
45
43
20
63
14
34
63
45
30
41
37
43
57
7
24
49
86
61
46
56
44
44
79
36
62
55
52
84
58
68
75
3
0
58
1
78
5
79
0
44
57
0
88
31
51
15
56
72
48
37
73
60
41
35
93
58
47
16
20
56
22
73
27
46
37
32
78
33
51
49
26
54
35
26
33
55
52
46
59
45
40
32
53
62
55
47
33
52
38
54
41
15
25
52
34
48
35
54
37
44
37
43
52
45
39
23
54
66
49
36
70
16
56
53
39
76
32
79
22
51
48
68
45
51
50
61
58
63
62
37
54
28
71
56
57
46
57
72
56
53
44
55
59
52
68
58
52
40
62
55
56
79
51
63
58
64
62
70
68
22
20
34
56
27
45
27
41
60
52
54
60
31
44
76
48
48
57
31
65
44
49
24
37
60
15
28
31
18
28
11
46
40
28
24
16
30
37
37
42
18
37
24
54
21
3
17
47
33
22
47
28
39
26
24
35
39
24
28
19
26
51
19
70
36
16
44
19
18
54
4
43
70
20
34
