7
6
8
11
9
8
10
9
10
8
7
9
8
9
10
9
13
8
6
7
9
13
7
12
8
10
12
10
8
7
16
9
12
9
10
20
13
7
9
6
6
12
11
7
12
6
9
13
12
8
5
7
6
7
6
10
9
6
9
7
7
5
8
10
11
15
12
9
6
5
12
9
6
6
5
7
7
7
7
9
6
9
7
9
8
8
7
8
16
9
10
11
9
8
17
8
7
6
6
7
13
6
8
7
5
7
9
8
7
5
7
7
11
6
6
9
6
8
8
7
8
11
9
4
7
14
9
6
6
6
7
7
9
14
7
9
9
13
7
5
9
6
11
7
9
6
7
5
9
5
8
8
4
6
7
8
10
8
10
6
17
14
7
9
10
11
6
5
9
6
6
14
6
8
9
6
6
9
6
9
8
7
15
16
8
9
9
9
12
8
7
5
12
8
7
14
8
8
14
7
7
7
5
8
18
9
10
9
6
9
13
7
8
5
7
7
6
9
6
7
6
8
12
9
10
8
8
7
9
6
6
13
17
7
6
7
6
9
5
6
8
6
6
12
6
6
9
7
6
6
6
8
10
11
8
6
5
6
7
7
9
14
9
5
10
6
9
5
7
7
10
6
7
7
12
7
7
8
7
7
5
7
11
6
7
5
8
8
