4
4
4
6
2
8
8
8
4
6
12
11
12
11
12
15
8
6
2
6
12
13
11
4
4
4
2
13
4
8
9
15
8
13
2
2
2
4
17
17
4
2
8
2
0
4
8
2
14
13
8
13
11
10
2
6
10
2
17
8
6
0
2
27
4
6
6
6
4
4
6
2
14
11
14
15
2
8
4
6
25
17
25
10
4
0
2
6
11
4
4
2
4
2
4
8
0
2
15
29
20
8
6
4
10
4
2
12
4
8
18
8
4
6
2
4
4
13
27
6
19
2
2
2
4
12
10
13
9
2
4
0
19
0
10
14
4
4
0
6
2
4
4
25
13
12
8
2
4
6
4
9
17
6
8
19
4
4
4
2
4
4
4
21
4
4
11
4
8
2
0
0
6
4
4
4
4
4
21
2
6
4
17
17
15
4
4
8
2
4
0
6
17
2
11
2
8
2
6
6
12
2
2
2
13
25
28
2
2
8
4
6
4
2
13
16
11
2
2
4
6
6
2
6
10
4
13
6
2
17
6
21
6
2
6
12
13
2
8
6
2
4
4
13
2
6
4
2
12
13
15
9
6
19
2
6
6
6
19
6
6
17
2
4
2
2
2
21
4
4
4
4
6
13
8
10
4
2
2
4
2
13
4
2
2
10
11
13
