32
21
46
33
63
34
45
46
38
21
31
50
32
30
34
29
34
34
48
33
47
24
40
43
46
33
46
30
42
47
43
45
34
31
32
45
48
33
47
46
47
35
45
32
46
33
32
37
45
31
32
27
42
35
44
34
46
33
29
32
32
33
33
29
43
39
44
33
43
28
35
35
46
42
41
31
30
45
42
50
45
33
25
46
48
23
44
31
32
44
46
46
33
33
46
43
47
23
47
35
31
34
46
45
41
42
34
42
46
31
44
33
33
46
32
43
47
44
48
46
46
32
47
33
33
34
37
45
48
40
46
48
32
27
43
33
31
46
41
41
48
30
43
41
46
36
61
25
33
73
46
50
43
29
45
46
46
42
46
29
32
33
41
33
42
23
41
61
48
33
57
24
31
44
38
45
43
34
74
44
41
29
31
30
33
36
43
43
41
29
32
45
30
34
48
36
33
31
41
32
32
24
45
43
44
46
46
33
42
29
45
46
45
35
43
41
32
44
44
27
35
39
65
32
31
45
31
46
44
22
37
34
35
42
44
56
28
30
46
48
83
29
31
44
33
46
33
46
56
24
36
46
48
31
45
31
33
45
31
46
30
29
46
60
48
34
48
45
45
34
45
43
34
59
40
40
47
42
46
31
40
23
48
34
42
38
24
47
