2
2
6
0
4
2
4
10
7
2
6
4
2
2
0
4
6
2
2
4
2
6
6
4
4
9
2
6
2
4
0
4
4
4
4
2
2
0
4
6
4
0
0
4
2
2
4
2
2
6
6
2
4
6
2
6
8
2
6
6
6
4
8
2
2
2
4
2
2
2
4
4
9
8
11
4
7
2
4
2
4
0
6
15
7
4
7
5
2
4
2
6
2
9
4
7
8
4
12
4
4
4
4
13
6
11
2
13
11
13
16
11
7
11
13
15
19
9
10
7
10
11
11
9
4
12
7
10
13
9
7
9
7
11
11
12
9
7
9
11
11
11
9
10
6
11
15
11
7
9
7
15
6
10
8
7
5
11
7
9
15
7
15
7
8
20
8
11
11
7
14
11
6
15
9
19
7
6
8
13
19
9
7
13
7
19
13
17
12
11
15
15
15
15
8
22
22
24
11
13
6
15
13
15
25
13
21
23
11
11
9
7
6
12
13
9
17
14
16
15
6
4
15
13
11
10
7
15
13
15
7
15
11
10
9
8
13
13
9
23
17
7
17
15
15
8
23
13
13
15
19
6
11
9
6
15
11
6
9
13
10
4
10
11
12
6
8
10
6
9
15
17
7
7
11
8
7
11
13
5
6
13
10
9
9
7
13
10
