15
17
29
8
17
17
17
27
43
21
13
0
16
13
8
28
4
19
8
13
11
10
27
10
19
14
15
12
14
29
15
10
17
14
6
21
19
17
10
12
8
10
4
12
10
16
27
21
10
31
12
31
16
19
27
4
25
31
12
4
15
12
15
45
57
41
36
17
17
15
41
15
6
13
17
10
16
11
4
10
2
34
73
10
17
15
21
8
19
29
10
49
19
8
15
10
15
15
17
25
23
8
53
19
42
40
11
11
40
40
19
25
46
21
29
19
17
13
27
31
36
27
37
37
29
50
13
32
23
25
21
40
28
10
23
25
27
38
38
21
22
32
31
25
31
42
27
27
37
33
43
27
78
26
11
12
38
33
35
29
35
25
25
38
21
21
21
28
44
23
75
33
37
23
17
42
33
33
33
42
0
29
13
44
31
30
10
35
23
38
33
21
15
15
12
27
34
23
19
17
21
25
17
13
19
34
25
25
23
36
15
25
0
19
23
23
31
19
21
21
13
0
18
13
19
12
44
27
36
17
29
33
11
9
18
21
13
31
19
15
19
17
15
29
21
13
15
17
15
12
21
12
20
9
10
17
17
12
19
15
9
11
2
14
13
11
12
13
29
13
17
14
10
14
13
12
14
27
29
12
8
17
21
13
11
12
10
18
