0
7
0
0
7
7
0
4
57
7
9
0
0
0
7
0
7
0
0
7
0
7
0
0
0
7
0
7
0
0
0
0
5
7
0
0
7
0
0
5
0
2
0
0
0
7
0
9
0
0
0
7
7
0
0
0
0
7
5
0
7
0
0
7
0
0
2
0
2
7
0
0
0
3
0
0
0
0
9
0
0
7
2
0
11
2
7
11
0
0
0
0
7
5
0
0
0
0
0
0
2
2
2
0
7
15
0
0
59
0
0
0
0
0
0
0
7
9
0
2
0
9
7
0
5
0
7
0
0
5
2
0
65
2
0
0
2
2
13
7
0
7
7
0
9
74
5
7
2
9
2
0
0
7
0
9
4
0
0
7
9
5
0
7
2
9
0
0
0
11
0
7
0
2
61
0
0
5
0
7
2
11
74
9
0
0
7
0
9
9
7
5
7
0
11
5
0
0
0
2
11
9
0
4
2
0
13
0
0
5
0
0
7
2
2
2
9
9
7
7
2
0
13
0
9
2
7
0
7
5
7
0
2
0
7
7
7
4
0
7
0
7
7
0
0
0
9
0
9
7
7
0
79
0
7
0
9
2
7
0
7
7
0
7
0
2
7
0
0
7
0
0
7
0
0
0
0
0
5
0
7
0
0
7
13
7
0
2
