9
5
9
9
9
9
7
9
9
11
7
9
9
11
9
9
5
5
11
7
7
13
9
9
5
9
7
9
9
9
3
5
9
5
7
3
7
13
11
7
5
3
7
9
3
5
11
9
7
9
9
9
9
17
7
3
7
9
5
7
5
3
15
9
9
9
7
13
7
9
3
5
9
5
9
11
7
9
11
5
7
9
3
1
9
7
7
7
11
7
9
13
5
9
13
9
7
13
9
7
5
11
5
9
13
5
7
9
9
5
3
7
5
9
11
9
7
7
5
5
5
9
9
3
5
1
11
9
9
9
5
9
9
5
5
9
7
9
7
7
9
13
7
11
11
7
5
9
5
13
5
1
5
5
5
13
5
13
7
3
11
9
9
10
5
9
5
5
3
13
11
7
9
9
11
9
7
7
9
7
7
9
5
9
9
9
11
7
9
1
7
9
9
7
5
9
1
5
7
5
7
7
9
11
5
5
11
9
11
5
11
11
13
5
7
3
3
9
13
9
5
0
5
13
9
3
7
7
7
9
9
7
11
3
9
3
11
9
7
9
5
11
5
7
15
11
13
11
7
14
10
7
3
9
11
5
11
9
13
9
9
7
11
7
5
11
9
13
5
7
5
7
9
5
9
13
7
9
5
11
5
9
11
11
9
11
9
7
