13
7
7
11
15
11
13
29
5
11
15
5
19
7
13
5
7
5
7
15
5
13
3
11
9
11
7
5
9
13
7
7
7
7
15
11
11
15
3
5
5
9
17
17
9
15
21
11
15
21
15
11
15
19
17
9
19
13
4
9
19
4
11
7
29
13
19
19
17
19
13
23
7
19
13
15
11
21
7
7
23
9
15
15
9
13
17
15
15
13
11
9
7
11
15
9
9
17
7
23
11
9
13
4
5
13
2
13
9
17
5
5
7
5
23
13
11
5
13
3
2
5
5
7
7
4
5
2
11
19
9
13
4
5
13
3
11
5
11
7
15
5
5
5
15
7
5
11
9
7
3
5
4
25
7
4
7
15
7
3
4
9
7
9
5
2
5
5
21
11
4
5
5
15
5
4
19
25
11
7
7
7
11
9
7
9
5
15
9
29
5
13
47
13
19
15
5
9
13
5
5
19
13
11
17
5
23
9
21
17
11
19
17
17
15
19
13
11
21
3
15
17
11
11
15
19
17
15
13
7
11
5
21
5
11
35
5
3
15
15
13
11
15
9
5
9
19
11
7
7
15
15
17
13
11
9
15
11
15
9
21
9
9
3
15
5
2
7
9
13
11
9
7
9
5
15
23
7
15
17
17
5
21
9
13
7
21
19
