13
21
10
17
15
19
11
8
17
9
17
13
8
17
19
4
15
7
15
4
10
15
13
10
12
14
12
10
10
15
19
17
12
6
27
13
19
13
27
15
6
13
6
21
15
12
21
8
17
11
10
12
10
12
12
12
19
15
34
15
23
12
9
6
13
15
17
17
17
10
21
10
17
6
10
19
12
8
10
19
19
10
13
13
31
6
17
15
25
13
29
15
23
13
10
11
13
17
25
25
10
10
6
8
10
15
15
30
4
19
23
30
21
10
13
18
8
21
15
15
17
8
8
19
25
15
19
12
12
8
13
8
8
23
12
17
17
8
8
17
21
41
10
21
27
21
29
10
21
6
25
21
29
21
6
12
6
25
31
8
14
25
8
13
21
23
12
12
12
23
4
19
14
23
25
31
6
23
14
23
8
19
19
10
8
19
25
14
17
8
35
21
21
39
29
25
8
17
6
15
4
25
12
12
23
12
13
21
10
23
8
17
14
17
10
14
11
15
15
17
10
19
56
21
8
14
13
19
21
13
12
10
12
29
21
21
23
37
23
15
15
14
10
13
17
14
10
21
19
17
29
17
23
10
13
10
10
19
17
12
23
10
17
14
8
19
14
19
8
23
10
29
23
10
12
8
12
12
13
12
12
13
10
12
21
12
12
10
