44
35
9
36
23
24
27
19
33
14
55
20
35
11
11
10
13
28
19
30
26
40
15
9
13
18
19
13
27
9
11
27
23
9
15
24
11
16
15
15
24
15
23
23
30
21
17
17
38
40
23
46
43
31
45
32
44
46
44
37
47
40
24
13
40
28
38
4
7
23
41
17
17
30
13
44
11
17
11
11
9
4
11
9
25
7
11
19
8
28
22
43
11
20
9
22
17
8
26
7
9
30
9
46
23
27
9
17
11
18
11
11
17
13
9
20
13
6
13
15
16
9
30
8
23
11
5
9
11
37
8
7
24
11
40
28
7
11
33
13
11
11
4
15
9
4
9
11
15
17
8
29
8
7
9
11
8
6
13
11
9
30
9
9
17
11
28
15
26
49
32
13
15
11
25
29
33
22
33
23
36
26
9
13
22
25
29
29
26
36
35
36
30
28
19
29
39
22
38
32
36
7
31
11
38
21
11
28
31
13
37
29
32
15
31
26
45
38
22
9
35
14
51
33
22
32
29
19
29
20
22
28
48
39
25
36
38
42
26
34
13
20
38
22
39
46
31
30
18
36
37
36
19
58
13
41
40
34
47
16
29
9
7
30
9
23
27
11
12
5
13
15
11
17
13
29
22
39
18
27
15
19
13
25
22
30
9
6
