16
15
18
14
20
14
14
14
14
16
16
14
18
18
18
18
18
12
16
14
16
18
20
16
14
16
14
16
16
18
16
16
16
18
16
14
18
20
14
16
18
18
18
16
14
14
16
16
15
18
14
18
14
18
18
16
14
18
16
14
16
18
18
16
16
16
16
12
14
12
18
16
16
14
18
14
16
14
16
16
19
16
16
16
16
16
18
14
18
12
12
16
14
16
18
16
16
14
14
16
14
14
18
18
16
14
18
12
16
16
16
12
14
14
18
18
14
16
16
18
14
16
16
14
16
18
16
14
14
18
14
16
16
16
18
18
18
16
18
14
16
14
16
16
16
17
16
16
16
16
12
16
16
16
16
18
14
18
18
18
16
18
16
18
16
16
16
16
14
14
16
14
16
14
14
14
16
14
18
16
18
14
14
14
14
16
18
16
16
16
18
14
16
16
16
14
16
14
16
20
14
16
16
18
16
16
16
16
12
20
18
16
14
18
16
16
16
14
16
16
18
16
14
16
20
14
14
14
14
14
16
16
16
16
18
16
14
14
18
16
14
16
18
14
18
16
14
16
16
16
18
16
14
16
16
12
16
14
14
14
16
14
14
18
14
14
14
16
18
16
16
14
16
20
16
18
16
16
16
16
16
14
16
18
14
16
18
16
