9
9
5
7
5
9
3
7
11
17
5
5
19
3
7
9
11
11
7
19
15
23
9
5
5
19
19
11
15
15
11
13
13
15
13
5
7
58
7
23
9
13
9
5
13
9
19
7
27
21
21
13
19
13
7
19
13
66
11
29
9
11
3
7
13
17
27
25
3
21
29
9
5
3
2
19
27
17
56
13
5
17
7
7
64
23
11
11
7
7
19
23
11
15
9
13
15
17
11
15
7
5
17
9
25
2
9
11
15
13
7
9
2
7
7
11
23
11
2
25
3
13
5
19
5
23
7
11
3
5
23
19
17
11
3
11
29
7
17
15
29
33
11
9
5
3
9
23
11
9
19
13
9
5
9
2
2
17
5
3
0
13
7
7
27
7
9
5
15
7
9
9
2
9
0
9
7
7
7
3
5
7
11
11
7
11
17
3
9
15
13
9
9
13
2
15
19
3
5
5
13
5
9
7
7
3
5
56
25
2
3
23
5
15
5
15
11
13
19
7
11
15
17
21
5
7
7
0
27
13
21
13
5
2
5
11
5
7
7
25
5
2
7
3
19
9
13
5
7
2
3
15
35
7
15
3
3
3
3
9
11
21
15
9
5
17
43
3
9
5
5
5
45
3
7
13
3
11
11
7
7
5
11
13
13
7
7
7
