4
1
2
3
4
1
3
7
2
5
17
4
6
0
2
0
33
2
0
2
2
21
2
5
4
7
2
2
2
6
1
4
0
7
2
2
0
2
5
17
3
0
7
2
2
4
4
2
3
5
5
3
4
4
7
5
4
2
4
3
1
2
0
15
4
2
0
4
1
5
4
3
4
2
0
0
3
0
0
15
5
0
6
2
0
4
2
0
0
3
1
0
2
0
1
1
2
3
2
0
2
2
4
0
4
3
7
0
2
1
4
2
15
2
7
4
4
2
3
4
0
7
4
0
4
3
5
2
0
4
7
4
1
2
5
3
6
41
0
5
2
5
3
1
7
5
3
4
1
0
1
7
4
2
4
6
1
4
4
5
4
5
7
21
2
1
17
2
2
1
6
3
2
2
0
3
4
1
4
3
2
3
1
0
2
5
0
0
4
7
4
3
4
0
0
1
3
2
1
2
4
5
5
3
1
7
2
4
5
1
2
4
5
5
7
4
19
2
1
2
3
6
2
0
7
2
2
5
31
7
2
5
3
0
5
7
2
1
5
4
7
5
2
31
3
4
2
2
2
4
4
2
2
4
2
4
1
5
2
2
2
0
2
5
0
2
4
4
6
4
4
4
3
1
4
3
2
4
2
0
3
2
1
7
2
2
9
4
