32
30
30
22
34
30
28
34
25
33
19
18
20
37
29
38
20
25
32
42
29
23
26
30
26
31
29
69
45
36
30
22
20
26
17
16
21
28
29
19
24
37
3
34
32
28
21
22
29
27
27
30
33
23
19
31
27
24
28
13
34
23
20
31
34
20
40
29
15
21
30
10
32
35
31
20
20
21
34
28
32
32
23
28
26
44
23
33
41
37
33
30
29
17
25
50
27
23
25
43
46
46
28
31
26
20
20
25
30
44
23
34
39
51
34
37
45
22
22
28
26
23
25
32
42
26
27
28
25
27
24
28
24
25
23
29
39
35
2
28
26
26
29
31
26
29
24
31
41
36
35
33
21
19
31
25
20
26
28
25
45
25
45
42
37
22
31
35
29
24
28
46
41
43
31
27
44
28
34
43
87
38
30
27
42
39
40
26
40
33
25
28
25
35
25
31
43
21
6
34
20
20
20
29
28
44
32
22
41
12
36
24
29
22
27
30
27
31
32
43
24
33
30
35
27
30
30
29
20
23
21
38
0
30
28
24
23
21
23
42
39
23
23
38
24
31
27
21
26
24
31
34
28
53
61
37
40
42
39
25
32
17
21
24
26
29
14
47
35
30
35
26
21
22
25
21
53
27
33
35
30
29
42
34
18
24
25
22
