48
46
9
79
44
32
29
43
62
35
35
34
25
27
13
17
30
10
49
25
19
22
32
38
36
29
22
24
28
22
30
29
39
30
28
32
22
13
46
16
22
35
23
18
22
47
51
33
32
32
32
30
44
29
41
33
32
17
28
24
56
43
38
82
29
36
29
47
13
55
47
33
47
37
34
38
42
18
22
17
19
28
40
27
55
37
42
28
28
31
20
55
27
86
43
41
47
74
36
52
28
41
36
21
41
23
22
44
49
49
59
41
34
30
26
48
30
35
44
44
59
13
52
39
41
29
30
30
23
49
41
42
47
49
44
40
46
32
23
25
52
33
39
44
60
63
39
54
63
32
18
43
21
39
88
54
23
53
43
42
55
48
36
33
45
26
48
19
41
37
19
32
31
26
20
56
38
32
23
39
36
39
20
16
30
30
19
20
32
21
30
28
32
11
28
20
22
23
30
11
16
13
21
21
25
13
33
29
17
27
22
38
35
11
31
28
30
10
20
18
15
40
19
32
28
17
24
30
22
37
35
39
38
14
22
36
6
10
11
33
24
38
36
55
66
29
56
40
20
42
41
11
13
18
9
23
32
25
28
27
26
22
16
15
31
33
71
33
23
12
27
37
26
25
23
51
32
61
26
28
40
41
32
19
35
36
30
20
