10
6
2
4
4
4
4
4
10
12
8
6
4
12
8
4
0
2
4
10
6
4
6
6
10
8
4
2
6
8
4
2
2
6
4
4
2
0
2
4
4
6
6
6
8
4
10
6
0
2
2
4
14
6
4
14
0
4
6
8
6
2
4
2
6
6
2
4
8
2
6
0
0
6
0
6
4
4
4
4
8
10
0
8
4
10
2
8
4
4
4
6
4
2
6
2
14
2
4
2
4
4
0
8
12
6
4
8
2
4
2
2
2
2
16
4
2
4
6
6
0
4
12
0
6
2
6
4
4
8
6
0
6
6
2
2
0
8
2
8
8
0
4
8
2
8
2
0
6
0
10
2
10
10
10
12
2
6
4
4
4
8
4
6
6
2
8
4
6
10
12
4
4
4
2
4
0
4
8
8
4
2
10
2
6
2
0
6
0
10
6
4
2
8
10
4
14
0
4
10
16
4
0
6
4
2
4
4
8
6
6
4
6
2
2
4
2
6
4
2
10
6
0
10
12
6
0
2
12
4
0
6
6
2
12
4
0
0
4
2
4
18
2
2
6
0
2
6
0
8
4
14
6
6
0
6
4
6
4
6
10
2
6
4
4
2
4
4
2
4
4
2
4
8
6
4
6
4
0
4
4
4
0
4
4
4
4
6
