0
0
8
2
7
0
8
8
0
6
8
5
7
8
8
8
8
8
8
8
0
7
7
8
0
8
8
7
7
8
8
3
87
8
0
8
0
0
69
0
8
8
8
8
8
8
8
7
0
8
40
7
8
2
8
8
0
8
1
8
8
0
0
8
7
7
8
16
0
8
0
3
7
8
30
0
8
8
8
8
22
8
16
7
8
0
8
23
6
5
8
43
8
0
7
8
2
8
0
8
5
0
8
8
49
8
0
8
0
7
8
0
0
0
8
8
0
8
7
0
8
8
8
8
8
8
19
8
0
8
8
0
7
26
8
8
38
8
5
67
8
0
0
8
5
0
8
5
8
8
7
8
8
8
0
8
8
8
8
0
8
8
3
0
0
0
8
8
7
8
8
0
0
0
8
0
7
8
3
8
0
31
8
0
60
0
24
0
7
8
7
8
8
8
8
8
8
8
8
8
8
0
8
8
8
8
0
8
8
7
7
8
8
7
8
0
7
0
42
8
0
0
3
64
8
0
8
0
0
8
8
15
8
8
8
0
47
8
0
0
8
8
3
44
0
0
8
8
0
0
8
8
8
31
8
8
0
8
7
0
0
7
20
0
0
0
0
8
7
7
8
7
0
8
8
0
0
0
31
6
8
6
2
2
8
8
8
38
