8
8
12
6
12
6
21
10
16
4
6
14
19
12
21
8
14
8
12
23
10
6
14
10
17
12
6
14
23
17
17
33
8
15
12
4
19
12
4
6
6
23
14
15
17
12
10
14
19
21
14
31
14
17
12
12
4
48
15
12
25
10
12
21
48
21
25
6
10
17
8
23
31
10
19
8
23
6
33
27
12
10
31
12
37
10
23
15
10
14
21
19
15
19
8
27
19
10
19
21
19
25
14
12
25
21
10
19
4
27
29
8
35
19
13
29
27
25
15
10
12
15
17
15
19
25
37
14
15
21
35
27
23
17
15
17
21
10
17
12
10
21
25
21
17
31
31
14
39
29
17
8
15
10
35
21
13
12
15
44
27
15
19
23
14
25
14
21
19
35
14
33
19
13
33
21
17
13
15
31
14
10
17
10
16
13
12
12
12
31
33
15
15
19
23
29
23
19
21
46
14
12
41
16
4
10
21
17
16
19
19
23
12
21
19
21
17
23
12
12
19
14
27
19
17
14
25
14
33
33
23
10
25
12
27
25
19
15
14
14
25
12
12
27
15
14
23
8
12
19
19
10
15
13
10
15
62
6
14
23
19
23
17
17
10
19
17
27
19
10
17
21
15
12
15
23
15
17
27
15
15
21
17
17
12
17
14
21
