12
29
45
5
10
14
6
13
11
16
7
12
25
14
10
10
11
5
10
9
23
26
8
14
11
9
23
16
9
10
8
6
11
7
17
11
12
10
13
18
14
20
10
15
11
15
12
10
17
7
12
9
10
16
7
10
5
17
16
13
10
11
21
12
7
34
9
15
19
16
13
9
10
5
9
9
11
7
9
7
3
8
9
8
8
8
13
18
15
20
8
7
7
11
43
9
16
9
9
8
5
7
18
12
7
7
3
7
6
9
8
7
8
7
16
8
13
12
14
8
7
9
7
9
8
11
6
10
9
8
9
9
7
33
10
32
11
15
15
8
10
23
9
5
7
9
9
7
12
14
7
7
17
12
7
5
11
6
10
7
5
5
7
4
9
9
12
9
7
10
14
3
7
5
5
10
24
31
10
5
7
3
38
7
10
7
5
5
9
6
6
7
30
5
32
13
7
6
50
11
12
14
5
5
7
8
24
5
2
5
4
14
4
5
5
5
4
10
7
7
5
4
11
5
7
5
5
4
26
4
5
2
7
5
11
11
2
7
2
8
11
6
3
4
5
8
22
4
7
5
5
9
7
46
33
3
7
9
6
6
11
5
8
12
3
4
8
5
24
5
5
5
7
5
5
2
2
2
8
4
3
3
6
4
3
34
5
6
