27
27
25
27
38
2
38
9
38
29
8
22
17
12
27
21
19
56
21
32
13
19
11
25
34
17
32
17
37
8
30
45
25
30
31
21
15
19
23
40
12
12
37
19
29
24
27
11
13
79
26
32
17
29
13
34
28
37
13
17
13
19
21
48
17
15
15
32
15
32
25
31
25
37
50
27
33
13
30
24
19
15
9
30
36
19
21
25
8
27
32
33
15
17
10
35
31
29
27
13
39
17
29
17
13
29
10
14
31
27
18
17
34
23
17
20
11
45
37
15
60
23
27
29
26
31
38
30
40
15
40
31
15
56
34
33
46
33
33
15
34
47
38
23
34
14
17
10
44
44
13
24
30
32
10
23
31
38
50
27
27
29
32
19
50
12
38
27
11
40
15
52
19
15
23
25
25
15
23
21
40
36
29
42
19
46
19
39
23
17
27
42
27
36
27
31
44
22
40
38
32
23
15
25
31
36
32
22
23
33
26
37
47
33
25
42
19
19
33
39
20
27
44
34
33
18
27
42
50
46
46
58
13
19
34
19
42
44
26
39
28
17
24
31
36
24
15
54
20
17
25
35
44
27
40
27
29
15
46
17
29
22
37
25
27
39
19
48
23
11
29
15
31
36
26
37
59
21
21
19
15
21
21
28
17
13
19
15
