4
2
0
2
2
6
2
4
4
2
4
4
4
16
6
4
6
30
5
2
8
6
4
4
11
2
6
4
4
4
4
2
7
6
0
4
0
4
4
3
2
2
0
4
2
2
3
0
0
38
5
3
4
4
10
4
6
6
4
2
0
5
0
2
4
0
2
2
0
0
2
4
4
4
2
0
2
0
8
2
21
4
4
5
25
6
0
2
4
6
26
2
10
4
2
0
2
5
6
6
33
2
5
4
4
3
4
4
2
4
6
6
6
4
5
6
2
18
4
3
2
2
2
10
4
4
6
5
9
3
6
4
6
5
6
6
4
5
2
2
2
6
9
4
6
0
4
5
4
4
3
44
4
6
34
10
10
2
4
4
4
10
4
2
2
4
2
5
4
4
52
4
10
4
5
2
2
2
4
11
4
7
7
2
5
4
4
7
4
2
4
0
4
2
2
2
2
4
2
6
4
6
4
4
2
2
13
0
6
2
0
2
2
4
2
2
4
4
4
6
2
2
2
4
2
4
7
2
3
4
2
2
3
6
0
2
2
2
2
2
4
7
6
1
2
0
6
2
4
4
9
3
5
6
3
0
0
4
12
4
2
2
6
0
6
0
4
2
2
6
2
6
12
37
4
0
0
0
34
5
4
2
7
62
2
0
4
6
