4
19
8
8
17
6
9
5
21
8
8
11
25
13
6
8
19
13
29
29
15
15
11
10
13
11
27
19
21
19
21
11
4
9
17
13
23
24
33
10
9
32
13
11
18
25
48
19
15
23
25
44
11
15
19
13
12
12
36
13
25
31
11
35
13
6
15
29
15
14
15
15
35
17
15
20
42
13
51
17
28
29
35
17
13
33
32
29
33
17
32
9
13
30
19
35
27
17
27
33
27
0
21
34
6
25
19
33
40
37
23
24
8
39
28
22
23
27
47
37
17
27
26
42
11
17
36
40
40
19
21
10
9
17
17
15
23
7
46
23
44
40
17
37
10
9
21
36
27
13
13
77
13
39
23
33
59
36
33
28
36
19
23
24
27
19
21
19
48
11
13
17
8
27
48
38
10
24
25
48
13
37
13
23
27
12
34
31
8
25
29
11
10
29
30
10
27
31
30
14
27
12
24
27
35
15
19
15
30
19
36
6
25
15
19
8
11
40
27
10
34
40
6
4
21
8
10
23
9
8
23
15
9
8
8
31
8
13
6
8
12
8
17
10
10
11
8
13
8
6
8
10
19
11
13
14
9
12
9
11
12
17
6
14
8
7
8
15
15
8
11
6
20
6
10
15
17
49
13
9
12
9
10
10
13
4
8
17
