6
8
0
40
0
4
2
4
4
8
6
4
4
4
6
6
0
64
97
8
4
23
54
0
2
71
6
0
8
0
0
4
6
4
8
4
6
6
6
0
4
8
4
6
54
8
4
6
6
4
8
8
6
14
4
4
0
8
0
19
6
4
2
0
54
2
6
6
4
0
6
2
6
54
4
4
4
4
65
0
70
6
4
0
0
0
53
16
2
2
6
4
0
2
0
4
6
8
4
6
4
0
6
0
8
6
4
8
6
0
0
4
47
2
6
56
12
0
59
0
4
4
4
2
6
4
66
0
4
0
6
4
2
4
6
49
8
2
6
2
8
6
2
0
0
4
4
8
18
12
6
0
8
6
4
4
4
4
6
8
4
4
10
4
4
6
4
2
2
31
6
7
6
6
8
4
82
6
0
4
0
6
6
10
0
0
8
4
4
2
6
4
6
2
0
0
10
4
0
4
6
6
26
6
17
2
10
8
8
2
0
4
8
56
6
8
2
4
8
8
6
6
4
6
6
23
4
2
4
8
4
2
2
6
82
4
10
0
8
4
19
6
8
10
0
2
8
6
6
2
2
0
87
8
6
2
4
10
8
8
4
11
2
6
10
6
8
8
6
85
10
8
8
2
2
10
2
76
10
4
6
4
6
6
2
8
0
2
