6
6
9
15
8
11
7
8
24
11
11
10
8
7
17
12
19
8
8
15
12
17
17
13
13
13
12
9
12
14
12
21
17
10
40
13
8
21
6
6
12
8
13
10
4
41
8
10
14
15
5
17
27
12
9
8
23
10
11
14
11
6
11
10
19
12
14
9
6
9
8
11
9
9
15
37
15
17
21
21
10
21
8
23
6
19
8
19
19
19
14
15
2
6
6
22
8
4
6
8
21
6
19
19
15
10
17
9
29
19
9
21
19
15
13
6
13
12
8
7
15
4
12
11
13
12
19
11
19
23
13
12
8
4
16
10
4
9
19
13
10
11
6
12
12
10
13
15
8
29
19
13
6
21
11
17
15
13
13
10
6
12
4
13
17
9
11
19
14
9
29
14
11
21
14
10
27
20
9
23
6
7
20
12
8
4
13
12
9
11
8
19
4
7
19
10
8
12
4
11
9
21
9
11
5
13
10
17
4
11
6
2
19
15
8
13
14
8
13
8
13
17
4
19
12
10
4
11
4
4
9
13
14
6
6
10
16
15
7
15
8
9
9
14
19
6
4
17
2
15
15
9
4
18
9
9
10
8
8
6
6
17
11
17
10
19
6
6
8
15
12
6
8
13
6
15
11
8
15
6
17
6
22
8
10
6
8
4
