18
18
19
19
17
18
19
18
18
18
18
18
19
19
19
19
18
19
16
18
19
18
18
18
18
18
16
19
17
18
18
19
18
18
18
19
18
19
19
18
18
19
19
19
18
18
19
19
19
18
18
19
18
19
19
19
19
17
18
18
19
19
18
19
18
19
19
19
19
19
17
19
19
19
18
19
19
19
19
20
19
19
19
19
19
15
19
19
18
18
19
19
19
19
19
19
19
19
19
19
18
17
19
19
18
17
19
18
19
15
19
17
19
19
19
18
16
16
18
17
18
18
19
17
19
16
18
19
18
15
19
18
18
17
18
18
19
19
19
16
18
17
18
18
18
17
17
17
19
19
18
18
18
18
19
18
18
19
18
17
17
18
19
17
18
18
17
19
20
18
19
17
18
18
19
18
19
18
19
18
18
19
19
19
19
18
19
18
19
18
17
17
18
19
18
18
18
19
16
17
18
18
18
18
18
16
18
19
19
18
19
17
18
18
18
18
17
18
20
19
17
18
18
19
18
17
19
18
18
18
19
18
18
18
18
18
18
19
16
19
19
18
13
18
17
18
14
19
18
18
17
19
17
19
18
18
19
18
16
19
19
18
18
19
18
19
18
19
16
18
18
16
16
18
18
19
19
18
19
18
19
19
19
18
16
18
18
18
