0
7
0
5
0
4
3
0
0
16
0
9
0
7
3
0
0
3
2
2
0
2
5
0
7
4
0
7
0
0
0
0
0
7
5
0
2
1
2
7
7
2
2
0
2
9
9
5
7
9
9
5
8
5
1
0
4
4
11
0
5
0
7
0
0
0
15
5
0
0
0
6
0
2
4
5
0
0
8
9
0
5
5
5
5
4
5
1
5
3
0
11
2
0
9
7
3
5
5
3
2
6
0
0
5
5
5
2
7
5
0
3
6
5
0
0
3
0
0
0
4
2
9
5
0
3
7
0
0
2
0
7
2
2
4
0
5
9
0
0
0
3
0
0
7
0
9
0
0
0
10
0
3
7
9
3
4
5
7
5
0
7
5
7
0
16
11
3
5
0
0
0
6
0
0
4
1
2
2
7
1
0
2
0
7
4
9
5
7
0
2
1
0
2
4
0
0
7
4
0
0
5
0
4
0
2
4
0
7
0
5
5
5
11
0
5
1
7
1
2
5
0
9
7
4
0
0
0
5
5
3
5
10
7
7
0
0
7
0
6
0
0
4
2
11
2
5
4
5
5
7
2
0
0
0
0
0
0
3
2
7
0
2
7
0
7
7
5
0
0
0
5
5
0
0
11
7
6
0
7
0
9
0
5
11
0
0
5
