8
8
8
8
3
8
8
8
6
0
5
0
5
8
8
8
8
0
8
0
8
7
7
8
6
0
39
7
7
8
8
8
0
8
8
8
0
8
8
8
6
8
8
8
8
8
24
0
74
8
7
7
8
0
8
8
8
32
7
0
3
27
8
0
4
7
16
18
0
8
8
8
3
83
8
8
8
8
2
8
3
3
3
0
8
5
8
8
0
8
8
0
0
8
7
8
8
8
8
8
0
8
8
8
0
2
0
8
8
7
3
8
8
0
8
8
0
8
7
0
0
8
8
8
8
8
7
70
8
8
0
60
7
8
3
8
0
8
0
8
8
0
0
63
8
8
8
0
38
8
7
8
8
8
8
0
8
67
8
0
8
0
0
0
0
16
3
8
7
24
6
8
8
8
63
0
7
8
8
0
8
3
8
8
0
8
8
8
7
8
7
0
0
8
0
8
0
8
0
0
8
8
0
8
6
7
8
0
8
7
79
8
0
1
8
8
7
8
6
8
8
70
8
8
8
58
24
8
8
26
8
8
8
8
6
0
8
0
8
0
0
84
8
0
3
8
8
8
8
0
8
8
8
8
15
24
0
8
7
8
15
0
8
0
8
0
0
8
7
7
0
0
0
0
8
8
0
0
6
8
8
41
3
0
0
8
0
8
