11
6
11
9
9
6
0
10
15
0
0
11
1
7
6
13
0
10
0
7
11
0
13
0
9
6
6
0
0
6
0
17
9
10
0
0
8
0
12
4
5
4
7
5
0
8
8
3
9
7
15
0
0
13
0
0
6
13
6
8
7
0
8
9
4
7
0
0
12
9
6
8
0
3
6
1
9
4
8
0
10
8
0
22
10
7
0
16
8
0
7
5
0
13
0
3
0
6
0
1
21
0
12
2
6
14
8
5
10
1
1
7
0
16
4
1
5
0
18
0
19
2
17
0
13
0
0
4
6
3
0
9
0
7
18
2
0
0
6
6
5
5
0
12
1
8
3
0
7
2
0
5
1
1
5
7
4
7
0
3
5
3
4
6
0
0
16
10
2
3
1
11
0
4
0
0
6
0
0
10
0
6
10
0
8
0
9
8
7
12
0
9
0
8
10
0
3
0
7
0
0
6
3
8
0
15
5
7
0
1
0
0
7
5
11
18
8
15
9
4
0
15
5
0
0
0
6
10
0
12
0
8
8
4
2
1
7
0
9
1
7
0
12
13
1
2
5
0
6
8
10
0
8
1
10
5
3
7
14
6
7
0
15
8
0
10
0
10
1
0
7
0
4
8
0
0
16
9
1
0
6
7
0
6
11
5
0
0
