10
8
10
8
13
6
6
12
8
13
16
10
19
10
15
0
10
12
2
12
10
8
14
8
6
17
10
4
17
10
10
17
17
10
17
10
8
21
12
6
14
4
6
4
16
10
12
17
19
14
8
12
17
8
10
15
21
16
16
17
27
54
17
12
21
10
12
14
23
17
23
27
10
21
10
6
25
9
12
29
10
19
31
27
21
16
4
48
27
12
20
16
8
21
31
39
25
17
27
8
23
14
22
29
16
17
58
14
14
4
12
2
14
4
8
14
9
16
23
8
14
8
14
8
6
8
8
10
8
10
16
8
16
8
12
6
21
6
4
12
8
6
16
8
8
12
4
8
10
2
14
10
16
17
8
12
6
19
15
2
8
2
6
8
10
6
4
12
8
10
8
6
10
8
17
10
16
6
17
16
8
12
4
0
8
8
6
10
14
12
12
8
12
8
20
10
14
17
14
14
6
10
23
25
10
10
19
8
10
12
20
6
12
14
12
12
8
14
14
11
10
4
6
23
10
27
14
6
19
16
14
6
8
4
6
37
25
10
12
10
29
6
6
12
16
4
8
14
14
14
16
8
10
17
23
4
21
10
2
15
12
6
14
17
14
17
10
2
12
4
4
10
19
8
8
12
14
15
4
14
16
8
8
12
14
19
13
15
