89
8
6
10
4
8
6
6
2
4
70
2
8
6
6
8
21
8
10
8
8
8
6
8
4
6
4
4
10
6
8
4
7
11
8
2
2
4
8
6
8
6
2
6
6
6
4
8
6
2
4
6
8
4
6
10
10
10
6
8
8
8
10
8
4
8
9
12
12
6
10
10
10
4
10
12
8
4
8
4
8
10
4
2
4
8
4
2
10
6
8
8
6
4
6
10
4
4
8
10
2
4
4
6
4
8
6
6
8
2
6
6
2
6
4
8
10
4
4
10
8
12
8
12
6
6
6
12
23
8
8
11
10
6
10
10
6
10
6
8
6
5
8
4
8
10
12
8
10
11
4
6
10
6
6
6
10
8
11
6
11
16
4
8
6
6
8
10
10
10
10
10
12
8
10
10
6
8
10
10
10
8
8
8
10
14
15
16
15
10
20
10
12
12
11
16
8
6
8
10
12
12
19
15
12
12
10
6
6
10
8
8
6
10
7
8
6
9
4
14
18
7
10
10
14
11
11
8
8
10
8
12
12
8
8
10
6
8
8
10
8
4
8
11
14
8
12
4
8
8
14
6
12
8
10
12
10
10
12
12
14
11
8
8
4
8
6
8
6
14
10
12
5
32
18
8
6
8
10
10
8
10
8
16
13
6
4
6
