6
10
0
4
8
90
6
4
0
7
2
6
2
4
6
4
2
8
8
4
0
4
0
2
0
4
2
4
0
2
4
8
6
6
4
2
0
0
8
6
4
6
0
12
6
0
0
0
0
6
0
6
2
0
0
4
0
0
2
8
4
2
0
0
0
2
6
0
2
6
0
0
3
2
0
8
6
0
4
4
2
6
0
4
0
2
0
0
0
4
2
2
0
2
0
0
0
2
0
0
4
0
6
2
4
2
0
0
6
0
2
0
4
6
0
4
0
2
2
0
99
12
6
4
0
10
8
0
0
0
6
4
0
2
0
0
6
0
0
6
4
2
8
4
2
2
6
6
0
6
0
4
6
0
0
8
4
0
4
4
0
2
2
4
0
6
2
2
0
6
4
0
4
4
2
0
0
0
0
6
0
4
4
0
2
2
0
0
0
2
0
6
0
0
2
0
0
65
4
2
2
6
4
2
0
2
0
8
2
6
0
8
0
4
2
6
6
11
2
10
6
6
0
68
8
4
0
6
6
6
6
4
8
0
6
10
6
0
2
18
0
0
8
2
2
89
4
0
6
6
2
6
8
2
0
2
6
0
0
6
4
2
0
0
0
0
0
8
4
2
0
6
7
0
20
0
2
6
6
4
6
0
2
8
6
0
2
6
