22
26
37
20
22
19
47
35
19
24
28
35
20
21
15
76
17
26
24
22
27
23
24
21
19
32
39
10
49
38
25
20
39
58
23
18
22
12
18
45
23
48
17
23
24
19
34
27
21
26
28
35
28
31
28
34
26
17
22
19
32
20
38
15
18
34
38
18
39
10
32
32
25
17
29
30
23
37
41
60
24
17
16
36
28
30
29
35
18
44
25
29
24
18
23
26
22
54
28
54
24
38
54
50
17
20
72
25
39
58
38
21
61
54
25
37
43
27
30
50
45
18
44
24
19
48
74
34
20
54
29
35
26
14
22
34
27
31
39
35
39
23
16
39
21
38
23
19
26
36
20
34
39
17
47
39
19
23
19
20
30
51
29
27
25
23
34
50
27
49
25
28
45
45
31
19
45
34
53
16
58
28
34
24
37
37
32
38
29
32
43
26
72
24
34
27
27
28
22
55
19
34
74
33
75
29
17
37
28
24
47
43
15
22
19
32
23
15
21
35
69
47
36
31
39
22
38
35
30
62
30
54
25
32
73
33
26
37
35
18
31
21
31
21
25
37
36
26
55
33
35
55
29
22
25
33
27
27
21
19
31
17
37
30
12
52
26
34
28
30
18
28
38
26
26
22
28
17
25
30
23
26
26
16
71
27
23
22
