8
4
14
4
10
10
11
6
8
8
10
6
4
5
10
11
13
7
9
6
11
11
11
6
10
5
7
10
4
9
16
10
9
5
3
7
8
9
7
10
10
11
12
20
15
10
3
9
9
15
12
10
10
6
4
8
7
6
9
6
4
10
13
12
2
6
5
2
7
10
4
5
11
4
8
4
11
6
4
5
8
6
10
7
2
4
8
7
4
8
7
8
3
6
10
10
11
8
2
9
8
4
6
6
8
2
2
8
4
6
4
8
4
9
11
4
10
32
8
5
2
5
7
9
7
9
4
6
6
13
9
10
4
0
9
8
10
10
10
6
8
7
7
2
6
4
11
14
10
2
6
6
1
9
5
7
2
8
2
6
6
6
5
7
5
8
4
3
5
6
15
6
7
3
6
8
7
4
2
10
4
8
0
2
4
8
7
6
4
4
11
8
24
5
11
12
8
6
2
5
9
6
4
3
4
3
9
0
4
10
6
12
6
16
11
6
4
4
6
5
9
8
7
11
12
16
10
5
5
3
11
10
8
6
9
2
2
8
12
6
8
3
2
6
4
12
4
8
4
3
6
2
3
7
3
11
4
10
14
12
6
5
6
8
6
6
6
8
9
4
4
5
5
6
6
4
4
4
4
7
9
10
10
8
6
5
5
6
