2
2
2
2
0
2
2
2
0
2
0
2
0
2
2
2
2
2
2
4
2
2
0
0
4
4
2
2
2
4
0
2
0
2
0
0
0
0
2
0
2
2
2
2
2
2
2
2
2
2
2
0
2
2
2
2
0
2
2
2
2
2
2
2
2
0
0
2
2
2
2
2
2
4
2
2
2
2
2
4
2
0
2
2
2
0
2
0
0
2
2
2
2
2
0
0
2
0
4
7
2
2
11
2
0
2
2
2
2
4
4
2
2
2
2
2
2
0
2
2
0
2
2
2
2
4
2
0
2
2
4
2
2
4
2
2
2
2
2
0
2
2
3
2
2
2
2
2
2
2
2
2
4
2
2
2
2
2
2
2
2
2
4
0
2
2
0
2
2
2
2
2
2
2
2
2
0
2
2
0
2
2
2
0
2
2
2
0
2
0
2
4
2
2
4
2
2
2
0
2
2
0
2
2
2
2
0
0
2
0
2
2
2
2
2
2
2
2
2
2
2
2
0
2
0
2
2
2
0
2
0
2
2
2
2
2
2
2
4
0
0
2
2
0
2
2
0
0
0
0
2
2
2
2
4
2
0
2
2
0
2
4
4
2
2
2
2
0
2
7
2
0
2
0
2
2
4
2
2
2
2
2
2
0
4
0
2
0
