13
13
21
3
17
9
35
15
17
11
14
11
31
13
29
12
10
15
8
6
11
23
12
16
14
17
17
17
29
14
12
31
19
15
31
31
17
25
15
21
12
15
8
15
15
20
25
34
54
23
7
7
0
37
7
45
32
35
10
41
15
12
12
11
33
21
15
21
16
13
12
19
15
31
15
29
21
8
21
27
37
12
17
32
12
17
24
19
34
17
31
29
7
21
12
23
19
15
19
37
8
28
17
14
4
4
33
13
10
17
19
15
25
16
44
21
21
21
41
23
15
8
16
25
29
10
13
6
12
21
25
23
6
28
21
29
19
7
31
15
31
23
23
17
21
8
17
18
17
10
27
29
21
13
27
37
14
25
21
25
29
12
8
19
35
15
33
17
23
37
25
10
6
10
8
29
31
11
6
31
37
6
13
29
23
35
15
12
35
30
15
29
14
23
10
21
14
27
25
27
23
29
15
15
10
12
25
29
33
13
35
72
14
15
12
25
17
17
15
8
14
23
12
19
8
12
17
10
20
13
8
17
17
14
12
19
12
12
16
14
13
13
10
17
12
13
15
9
25
21
10
7
14
10
16
14
10
6
12
8
6
21
12
12
12
15
12
13
6
8
8
15
39
12
10
15
43
19
29
6
10
21
17
8
17
25
8
10
