81
35
48
35
22
22
32
31
35
19
75
32
32
35
41
40
46
22
20
22
47
26
47
27
30
41
28
35
25
32
28
27
15
34
40
33
43
48
40
23
19
37
24
34
50
39
52
45
45
45
44
32
29
32
24
31
26
40
28
25
35
39
29
36
26
19
36
32
26
60
40
33
32
39
45
31
29
23
26
43
34
40
40
26
31
27
44
34
36
28
27
26
20
69
43
29
38
55
39
26
29
35
32
32
37
30
40
41
81
38
32
36
37
21
29
34
32
26
50
45
31
45
38
29
22
24
21
23
65
47
45
34
78
41
32
20
57
31
46
29
30
43
43
45
44
41
29
81
36
25
34
20
44
48
30
29
0
52
51
40
25
27
24
39
43
45
36
22
16
64
31
20
28
29
24
17
29
44
63
21
33
42
40
28
28
31
35
34
32
35
36
27
29
50
29
31
42
30
25
28
28
43
32
27
33
42
38
37
27
22
27
33
35
42
36
46
39
51
80
29
44
23
28
33
36
30
39
27
43
46
45
34
33
64
22
41
39
54
58
26
57
39
34
33
19
28
29
51
21
41
35
40
55
28
26
32
32
21
26
25
40
38
49
20
46
28
40
34
33
12
26
35
25
28
38
37
37
40
22
25
32
28
24
36
29
35
41
40
