4
4
2
10
6
10
8
14
8
4
91
6
12
8
0
8
4
0
6
4
6
4
8
8
8
0
6
8
4
4
6
10
6
6
6
2
4
4
2
2
12
6
0
6
8
8
2
2
0
8
6
4
8
6
0
6
6
2
2
8
8
0
2
4
4
2
6
2
4
2
4
0
6
0
6
2
2
2
2
2
6
8
4
4
2
2
4
2
2
0
0
6
2
2
0
0
0
4
6
2
8
17
8
2
8
6
2
6
2
4
2
6
4
4
6
6
2
6
8
6
10
4
6
2
8
4
8
4
2
12
6
4
8
8
6
2
4
2
5
8
92
2
6
10
8
2
6
10
4
7
10
67
10
6
4
4
4
0
6
6
6
2
2
12
60
2
6
8
2
2
0
0
0
4
8
4
4
4
8
6
2
2
6
2
2
4
4
2
6
2
6
6
2
2
8
4
6
4
71
4
6
8
6
4
6
4
2
14
8
2
4
4
4
8
0
4
8
6
0
6
6
0
0
6
8
10
8
6
2
6
4
4
4
2
2
2
4
0
0
8
0
6
0
0
4
0
4
4
6
6
2
14
4
4
0
4
2
4
2
8
0
6
4
0
4
10
2
2
4
6
4
10
2
8
0
0
8
6
4
4
4
4
4
0
4
6
2
6
