24
20
23
19
17
13
21
19
31
13
11
15
27
15
33
17
23
16
23
27
16
33
20
27
21
24
19
19
46
23
58
37
14
35
36
23
34
33
25
25
41
12
17
12
16
21
30
21
17
39
14
16
31
19
19
23
12
14
23
37
27
23
31
15
29
19
27
27
33
39
24
43
32
29
33
37
31
48
21
17
46
42
31
43
26
41
29
33
48
31
39
39
40
34
43
42
31
23
38
35
40
27
16
33
23
19
35
25
33
27
40
23
25
19
27
17
25
29
45
36
12
21
62
17
25
27
21
27
31
21
35
36
44
33
55
37
56
23
37
32
43
31
19
40
24
44
44
49
50
23
32
37
42
24
45
47
49
68
33
13
30
49
64
25
31
46
43
32
49
43
32
23
43
53
37
29
27
25
44
37
57
17
15
45
43
13
18
16
58
31
29
35
23
51
17
46
46
37
35
29
52
41
35
17
24
60
54
18
14
44
12
16
20
8
30
27
40
22
28
48
23
30
25
17
17
45
21
47
26
46
27
23
27
20
49
52
23
23
35
32
39
12
21
48
30
19
11
15
25
8
23
23
39
17
14
17
43
23
25
13
12
17
12
14
11
12
37
21
18
21
25
22
23
17
49
14
21
13
23
6
23
12
14
17
15
39
28
11
