0
7
1
6
0
14
1
1
0
3
7
7
0
0
1
5
1
0
1
0
3
1
0
1
0
3
0
3
1
0
3
0
19
0
0
0
3
1
5
3
1
31
7
1
3
1
3
16
1
1
3
1
4
5
7
0
1
5
3
1
6
3
1
5
1
6
69
0
4
7
0
5
32
3
0
1
1
5
3
9
3
0
3
35
3
5
6
1
3
12
12
0
3
3
1
0
5
3
3
7
3
5
5
3
18
3
5
1
30
3
1
0
3
1
4
6
22
0
0
5
28
3
3
31
1
0
3
1
1
3
0
3
0
1
3
1
1
1
28
3
0
3
6
5
1
5
0
1
1
8
7
5
38
3
10
26
1
8
5
0
3
3
42
0
1
1
3
30
1
3
0
13
5
5
6
1
5
1
1
0
0
8
1
1
5
31
3
7
1
3
22
1
1
5
5
1
1
3
3
1
3
1
5
5
1
0
0
1
3
0
56
3
1
0
5
34
1
0
0
3
0
1
1
1
3
0
0
0
0
0
9
3
24
0
3
3
5
1
3
6
3
1
3
0
0
25
7
3
1
7
1
3
1
0
3
0
1
1
0
1
3
0
3
1
0
0
0
1
1
0
0
0
1
36
0
3
3
5
0
1
40
1
5
3
6
0
5
1
