25
18
28
26
29
27
25
26
26
10
26
27
11
7
21
14
22
14
30
17
11
21
26
27
21
19
23
10
34
24
11
25
20
28
38
34
30
16
37
27
24
26
37
26
36
39
40
27
33
41
35
41
23
30
44
27
35
40
18
28
35
33
22
38
34
21
31
32
40
37
31
37
38
37
38
30
38
39
36
18
19
14
23
35
35
33
26
29
43
17
38
19
42
42
34
31
29
25
39
41
26
22
30
20
19
25
26
23
38
31
23
23
35
36
32
38
37
26
27
25
23
29
40
34
24
31
30
23
31
35
27
29
33
22
28
25
23
27
24
35
27
32
27
35
38
27
32
28
24
38
38
26
29
27
24
29
38
18
28
32
25
27
38
28
35
20
18
23
23
26
30
38
26
19
24
11
35
26
27
29
30
21
28
21
19
24
23
28
23
25
34
30
25
37
22
28
24
21
23
27
26
25
29
24
35
25
23
34
22
17
29
20
28
24
21
40
27
13
39
26
26
24
24
31
29
28
26
25
35
19
30
35
29
23
30
27
24
9
26
27
36
31
25
21
21
27
24
23
27
23
29
40
39
28
38
37
26
22
24
26
35
24
27
37
23
28
29
18
41
24
28
24
30
30
35
26
35
18
28
27
21
24
29
37
22
26
30
27
