14
8
9
4
11
10
9
6
10
9
10
7
2
6
11
10
6
6
4
6
9
6
11
6
9
8
13
10
6
7
10
9
5
8
10
7
10
6
8
5
10
9
10
7
7
8
9
10
4
10
7
13
7
11
14
9
15
4
13
4
12
8
8
4
13
6
16
12
6
6
6
12
10
2
6
13
8
6
11
9
10
11
7
6
5
12
6
8
11
11
8
6
8
4
6
15
14
8
8
13
6
0
6
26
13
11
17
13
31
33
33
29
23
34
29
27
33
21
23
24
23
14
29
31
19
0
19
29
24
27
21
15
24
25
19
22
25
21
15
20
9
36
29
24
24
15
13
27
29
13
13
6
11
17
8
15
15
13
23
15
20
19
9
14
16
23
25
9
19
13
17
13
15
12
18
17
13
21
11
21
19
15
17
21
18
11
17
17
13
13
8
21
11
17
15
13
17
15
11
19
11
15
15
17
15
12
11
18
18
17
12
12
17
15
10
17
9
17
10
19
19
15
13
17
14
17
16
19
17
11
14
12
0
8
23
29
11
17
14
15
10
23
18
23
16
14
23
14
19
12
12
19
8
14
27
8
2
19
19
15
7
11
14
19
27
19
17
15
19
19
19
13
16
11
23
9
13
9
10
19
15
29
10
15
13
13
12
9
