77
74
83
42
45
64
65
72
83
47
54
69
83
89
81
32
51
11
81
51
83
38
51
74
43
84
72
5
56
56
87
50
67
58
34
81
92
81
67
26
41
42
58
19
78
59
65
64
72
76
78
19
39
40
83
65
69
78
45
72
62
88
77
48
82
79
74
94
86
90
50
51
84
39
75
54
80
37
18
78
90
73
63
86
70
89
90
28
54
52
69
73
69
91
76
78
71
87
82
45
20
13
76
61
86
71
53
76
88
86
66
26
48
46
55
91
92
92
71
76
93
73
73
47
47
90
61
78
74
34
86
88
74
74
75
56
82
52
89
47
87
88
63
67
80
75
69
32
0
86
76
50
77
27
73
74
88
92
64
34
60
71
86
64
56
82
88
82
92
89
57
38
79
63
83
63
69
66
84
73
78
89
76
45
62
78
83
82
86
84
56
75
71
79
41
38
53
17
92
30
70
33
43
60
82
20
57
40
73
76
94
67
71
68
73
60
60
64
90
34
80
60
48
59
52
91
33
68
46
69
58
15
48
32
89
90
51
97
24
65
65
57
63
24
39
65
73
56
60
32
73
19
63
75
78
39
66
54
50
47
84
29
33
79
80
74
57
35
78
80
75
72
85
84
56
85
72
60
81
35
60
68
54
32
71
54
47
87
