11
11
9
19
11
0
19
15
23
3
17
21
7
27
17
7
7
21
21
21
11
7
9
11
9
17
15
11
23
15
17
21
11
9
15
50
21
27
31
19
15
19
46
15
13
23
29
3
7
13
13
9
11
7
5
13
5
5
7
9
3
9
5
3
9
9
7
11
5
9
11
13
7
15
2
17
23
9
7
15
3
7
7
15
15
13
17
15
17
7
5
5
21
9
7
15
11
23
19
9
3
35
7
7
5
11
15
3
19
7
25
17
3
25
13
9
7
1
7
23
7
19
2
19
11
13
5
11
21
15
11
5
7
23
13
11
19
13
13
21
11
11
9
9
13
5
13
11
3
23
13
29
0
2
11
25
47
13
11
43
9
21
17
37
45
9
33
41
27
52
11
68
19
1
42
44
13
11
66
31
19
41
19
13
41
21
25
68
45
31
33
21
15
7
13
15
21
47
48
5
5
25
21
35
31
7
21
19
11
37
41
60
15
9
21
11
21
64
31
19
35
19
11
76
39
5
39
13
21
46
35
39
9
33
7
29
39
50
7
7
11
11
0
13
11
15
25
9
15
7
21
7
15
45
21
17
5
7
37
25
23
17
3
11
13
11
9
7
37
3
19
11
11
7
23
27
11
19
29
17
23
31
15
31
11
15
27
23
