0
2
6
0
6
2
4
6
4
0
4
6
8
2
4
2
4
2
2
2
4
4
4
6
4
2
2
2
2
0
4
4
6
6
6
2
6
0
2
4
2
2
0
4
2
4
2
2
0
0
2
4
8
2
6
0
2
2
2
4
4
4
0
2
2
2
11
17
8
6
4
6
4
15
2
6
4
4
6
4
0
6
0
0
6
4
10
4
4
2
8
2
4
0
4
4
2
11
4
4
0
4
4
2
0
0
0
2
2
2
2
4
6
2
11
4
4
4
4
2
4
2
2
2
2
0
2
2
9
4
4
6
3
2
6
3
2
2
2
6
0
0
2
4
4
6
0
4
2
2
6
6
2
4
0
4
8
2
4
6
6
4
0
4
4
2
0
4
2
4
6
7
2
6
0
4
4
4
6
4
6
4
2
4
4
4
2
11
4
4
6
2
4
3
4
6
2
12
2
2
4
10
11
2
0
4
4
2
2
0
2
4
4
9
4
0
4
6
4
2
2
8
2
4
2
2
0
2
2
2
2
2
4
2
0
9
2
8
6
2
4
4
2
0
9
14
4
4
4
2
2
4
6
2
8
4
4
4
2
4
2
2
8
4
4
0
4
4
4
2
2
8
2
2
2
4
4
0
2
6
4
2
2
4
6
4
4
13
