0
3
5
1
0
0
0
1
0
1
0
0
1
1
0
0
1
0
3
3
1
1
1
1
1
0
0
5
1
1
3
1
0
7
1
1
1
1
5
0
0
0
1
0
6
0
3
0
3
0
9
1
0
0
0
0
3
3
1
1
1
0
0
1
0
3
5
8
1
0
3
7
0
1
1
0
0
1
3
3
0
1
0
1
0
1
1
3
1
7
1
1
0
0
1
0
1
8
1
1
0
5
1
3
1
1
0
0
3
0
3
1
1
0
1
3
1
6
0
5
10
1
1
0
1
1
5
0
3
3
0
3
3
1
1
1
0
0
0
3
0
0
1
5
12
3
0
0
1
0
1
0
0
3
0
1
5
1
1
0
12
3
3
1
0
1
0
3
0
0
3
1
0
3
0
0
3
3
0
3
3
3
1
1
1
3
1
4
0
1
5
1
3
0
3
5
1
0
0
1
0
0
1
3
0
0
1
5
0
0
0
1
0
0
3
0
3
0
3
0
0
1
0
1
0
0
1
1
1
6
1
3
8
3
0
3
0
3
5
0
0
0
0
0
0
0
0
3
0
1
5
0
4
1
5
1
0
0
0
3
5
1
0
7
0
8
5
0
1
1
5
0
1
1
1
1
1
0
0
0
0
1
0
1
1
1
5
3
