1
5
1
1
5
9
1
5
3
13
3
5
1
1
3
3
1
7
1
5
9
3
5
7
5
5
5
3
3
7
3
5
3
1
0
1
5
5
15
3
1
13
1
11
7
7
0
3
5
3
3
9
3
13
3
5
3
5
3
5
5
3
1
9
3
3
3
0
1
5
3
5
9
3
5
9
0
3
1
1
0
7
1
1
5
9
3
13
1
3
1
3
5
3
3
3
3
1
5
1
0
0
3
3
1
3
1
3
21
3
1
0
5
23
1
5
5
3
3
3
1
5
2
1
1
3
5
3
1
5
1
0
1
4
3
0
5
1
0
1
3
3
0
3
1
9
1
7
3
7
3
1
3
1
3
7
5
3
7
1
1
3
3
7
26
7
1
1
3
3
7
5
3
1
5
5
3
1
5
5
1
3
1
1
5
5
3
3
3
9
1
3
4
3
1
3
1
3
1
1
1
1
1
5
5
5
3
0
0
1
3
3
1
3
1
3
5
3
1
12
1
3
17
1
3
5
0
0
7
9
1
1
1
0
11
3
13
3
3
7
1
26
5
1
5
1
3
7
7
3
5
1
1
6
5
4
3
1
9
9
7
3
1
17
1
1
1
3
0
5
9
3
5
5
6
1
3
3
5
5
1
5
1
3
3
0
3
5
