16
12
8
11
15
19
16
23
15
15
16
37
25
8
10
10
8
14
19
21
11
11
33
17
18
11
25
6
15
25
18
39
34
37
41
19
21
29
17
31
13
33
22
29
27
14
22
14
10
8
12
8
10
8
31
15
10
23
31
29
35
35
14
23
10
16
14
25
19
17
12
25
15
16
10
29
25
20
37
15
27
23
11
19
33
16
11
21
27
18
43
35
27
14
10
20
33
18
16
16
35
33
16
21
0
15
8
19
6
6
8
6
8
6
6
12
8
4
6
2
6
12
6
8
4
8
8
4
6
6
6
4
8
8
8
6
4
14
9
10
6
10
4
8
8
6
10
6
2
8
6
4
4
4
4
4
4
6
6
6
6
10
8
2
6
2
6
8
2
4
0
4
6
4
4
8
6
2
4
4
2
4
2
4
35
6
4
2
6
6
8
2
4
6
6
6
4
4
6
2
2
0
4
6
13
4
6
6
8
6
14
8
6
8
4
10
6
4
4
4
6
4
6
8
4
6
6
8
10
4
4
2
2
6
8
8
8
8
18
21
17
8
25
14
27
12
8
17
8
14
16
25
14
13
10
14
12
8
10
13
29
10
18
12
10
25
14
27
12
10
14
12
12
8
11
10
49
14
53
14
4
11
16
18
13
10
16
14
