2
2
30
4
2
52
21
8
5
2
0
3
29
5
92
27
8
0
22
18
7
0
4
29
3
24
27
30
38
26
24
39
37
27
31
22
30
38
41
38
28
3
19
2
41
64
0
95
2
2
50
0
26
33
19
29
35
6
27
34
81
0
50
26
67
44
28
80
0
6
2
41
2
33
3
2
32
2
18
23
5
44
2
0
2
29
2
7
14
31
36
41
54
40
0
17
4
5
32
4
61
5
37
28
27
45
23
32
37
62
0
0
0
2
31
79
35
6
2
28
5
6
27
34
40
34
17
2
11
2
56
40
0
24
2
7
22
3
2
2
4
12
36
16
29
0
21
22
31
30
23
20
86
0
0
29
3
2
54
0
59
0
21
17
2
2
4
10
13
26
43
19
51
24
29
0
44
10
4
28
2
6
15
22
7
43
6
54
3
7
0
3
2
7
5
34
19
3
5
2
97
85
24
0
0
3
24
7
32
0
4
20
33
2
45
45
43
7
10
22
40
27
28
5
5
5
3
26
1
4
32
2
2
5
24
52
66
4
41
4
18
7
5
12
27
0
10
25
7
0
21
89
60
43
0
2
5
6
4
14
56
0
0
0
3
24
23
0
34
38
20
29
0
40
43
4
0
95
0
0
24
4
0
20
90
0
3
3
