8
10
6
2
2
6
6
4
9
4
8
8
8
4
8
8
62
6
6
6
8
8
4
8
12
4
6
15
2
2
6
6
8
46
4
4
8
4
8
2
2
4
10
10
8
8
0
2
8
6
6
6
6
2
8
8
6
0
2
10
4
2
2
4
2
63
4
4
4
2
0
2
6
2
0
0
6
6
4
6
0
6
0
6
8
2
8
6
2
8
4
0
2
4
0
6
4
2
0
8
6
8
9
4
0
0
6
8
2
0
4
4
10
2
88
4
0
0
4
6
10
6
6
4
6
0
6
0
2
4
6
10
6
2
4
8
6
0
6
2
6
2
8
4
4
13
7
4
8
4
14
2
8
12
8
8
2
10
4
6
2
6
8
6
8
23
4
4
6
4
4
8
6
6
6
6
6
10
6
8
2
4
8
6
2
0
0
0
4
6
2
2
0
2
4
6
8
0
8
6
2
4
6
86
8
6
92
6
4
8
6
8
4
6
4
2
6
6
4
8
0
12
0
6
6
8
4
2
8
77
6
0
4
0
6
6
8
0
4
4
2
4
10
10
2
6
8
8
6
8
2
2
6
4
2
2
4
2
2
6
2
2
10
0
8
8
6
6
0
6
6
6
8
2
6
6
6
2
4
0
8
6
6
9
0
84
0
6
