11
14
8
15
10
6
8
6
8
8
16
10
12
8
8
8
19
16
8
6
8
4
19
10
10
6
8
8
10
4
15
8
10
6
8
12
4
8
12
6
13
6
12
8
2
10
8
10
8
17
21
8
8
17
10
8
16
8
10
4
10
9
6
14
8
12
12
4
8
16
15
6
21
7
4
8
4
10
12
6
8
10
8
8
6
4
8
7
8
10
12
10
8
4
4
12
10
6
10
6
12
21
8
4
15
12
14
8
6
6
8
6
15
10
10
6
10
21
8
6
8
8
7
10
6
12
8
14
8
10
13
4
10
14
10
8
4
8
6
13
10
12
8
10
6
8
10
8
10
11
12
6
8
12
10
21
10
6
4
8
8
12
12
14
7
16
16
10
8
17
4
8
6
10
8
10
8
6
6
8
15
10
8
4
14
10
8
10
11
6
6
10
10
10
4
8
6
6
8
12
4
10
8
2
4
10
16
17
8
10
6
18
8
15
6
6
8
6
10
16
8
10
10
13
8
10
17
8
6
19
10
8
6
12
4
2
11
15
8
13
13
6
6
8
17
4
10
2
6
8
8
12
4
6
6
16
8
10
4
8
8
18
6
6
12
4
4
6
8
10
8
8
4
11
6
10
4
2
12
15
5
15
2
10
6
6
17
14
