0
0
0
0
0
0
2
0
7
10
1
1
2
0
0
6
7
6
0
1
0
0
0
0
5
8
5
2
2
0
3
5
5
6
1
2
0
0
0
5
7
6
0
4
0
0
0
6
12
8
5
6
6
12
0
0
0
0
0
5
0
0
0
0
0
1
0
0
0
0
6
6
1
2
1
0
5
7
6
0
1
1
1
0
9
7
1
3
3
0
5
5
7
2
1
2
2
0
0
0
9
7
2
0
2
0
0
0
7
8
7
11
10
11
0
0
0
0
0
5
0
0
0
0
1
4
0
8
10
1
1
0
0
0
0
6
8
1
2
3
0
0
11
13
0
1
1
0
0
0
4
10
0
1
2
0
0
0
0
3
7
0
2
0
0
0
8
8
9
10
12
4
0
3
6
0
0
0
0
0
0
0
0
0
0
0
0
0
0
4
0
7
9
0
0
2
1
0
5
4
4
0
1
0
1
0
0
6
6
6
6
2
1
1
0
0
5
5
6
1
0
0
0
0
5
4
6
1
0
0
0
2
0
0
4
6
5
7
6
6
7
3
0
0
3
4
0
1
5
8
1
1
1
0
6
5
1
0
0
0
2
0
0
5
6
7
1
0
2
0
0
6
6
9
1
2
1
0
0
6
5
6
1
0
0
0
0
0
