1
1
0
1
1
0
1
1
1
1
1
1
1
0
1
1
1
1
1
29
1
1
1
1
1
0
1
1
1
1
1
1
1
1
1
0
0
1
0
0
1
1
0
1
1
1
0
1
0
1
1
1
0
0
1
0
0
1
0
1
1
1
31
1
1
1
1
1
0
1
0
0
1
1
1
1
0
1
1
1
1
1
0
0
0
1
1
0
1
1
1
1
0
1
1
1
1
0
1
0
1
1
0
0
0
1
1
1
0
0
0
1
1
1
1
3
1
1
1
1
0
1
0
1
0
0
1
1
1
1
0
1
0
1
0
1
0
1
1
0
0
1
1
1
1
0
1
1
1
1
1
0
0
1
1
0
0
1
1
1
0
1
0
1
1
1
1
1
1
0
0
1
1
0
1
1
1
1
1
1
0
0
1
1
1
1
1
1
1
1
0
0
1
0
1
1
0
1
0
0
0
1
0
1
0
0
1
1
1
1
1
1
1
1
0
0
1
1
1
1
1
1
1
1
1
1
1
0
3
1
1
1
1
0
1
1
1
1
1
1
1
0
1
1
1
1
1
1
0
1
0
1
0
0
1
1
0
1
1
0
1
1
0
1
1
0
0
0
1
1
0
1
1
1
1
0
1
0
0
0
1
1
1
0
1
0
0
0
