12
6
10
14
10
14
10
6
18
10
8
16
4
12
10
16
4
6
16
12
8
14
12
8
16
4
18
14
10
4
14
25
14
12
12
10
6
6
12
14
10
17
12
11
12
25
25
12
23
20
16
15
12
15
14
18
14
35
12
19
14
21
20
23
21
25
16
16
20
16
4
6
22
15
14
12
17
16
16
22
10
8
19
16
6
10
14
8
25
8
8
12
10
8
18
4
8
8
14
14
20
16
12
21
12
8
10
6
14
10
16
15
21
21
10
23
8
8
25
10
12
18
10
10
25
20
10
21
19
21
29
16
10
16
25
14
17
8
4
18
10
10
16
12
25
6
8
23
12
21
20
25
20
12
19
21
31
27
21
12
31
23
8
37
23
18
8
6
25
6
21
18
31
31
10
35
18
12
39
10
20
6
8
14
10
17
18
25
22
8
14
6
16
13
29
27
8
14
14
6
27
16
18
12
33
21
29
4
6
16
21
27
21
6
8
10
8
6
16
29
25
6
18
8
8
8
18
21
4
16
17
8
12
6
18
14
16
23
8
10
10
0
8
4
8
4
6
8
8
10
12
4
8
14
10
10
10
6
6
6
6
18
8
10
6
6
12
8
4
6
25
6
10
10
6
6
18
6
4
6
16
8
20
8
12
23
18
8
