23
19
21
17
23
14
19
21
27
25
19
15
25
23
17
19
18
31
32
16
19
11
12
34
18
10
14
18
13
15
15
16
14
16
19
31
20
13
16
13
19
46
18
19
15
14
14
16
16
27
23
19
12
27
17
17
19
21
20
23
21
27
17
25
18
18
25
17
70
15
16
10
21
15
23
12
22
16
16
29
13
25
16
12
14
19
15
14
14
21
23
16
17
16
11
12
18
23
19
12
17
14
13
19
21
30
25
28
27
23
25
26
56
25
20
35
19
27
34
21
40
23
37
25
23
18
24
21
20
32
25
17
17
36
27
23
27
35
26
25
23
27
19
21
25
40
23
34
27
26
22
40
19
26
31
27
36
25
27
31
27
30
31
30
37
40
30
44
29
31
29
0
27
16
25
29
25
23
18
21
23
23
25
17
58
25
25
21
25
21
19
28
25
29
19
21
22
15
25
27
63
21
15
29
21
19
15
27
14
29
25
20
22
21
18
19
25
16
23
21
25
27
17
24
30
43
19
25
31
25
14
16
0
16
29
14
0
12
16
21
14
16
0
10
16
14
12
16
2
0
12
15
0
15
14
14
12
14
12
14
8
12
17
0
15
18
77
15
0
14
12
0
0
17
12
8
29
0
14
0
16
20
25
19
13
13
14
21
