10
9
0
0
8
0
1
5
60
0
12
0
9
0
9
14
0
5
0
12
1
0
0
0
13
13
15
1
0
6
14
8
12
17
8
14
12
16
0
1
0
2
0
8
9
14
3
6
13
20
12
25
0
0
9
0
1
16
12
10
0
0
11
0
0
9
0
5
10
5
11
0
0
11
0
12
20
0
8
5
1
6
11
0
5
1
7
0
0
0
3
16
14
0
0
10
6
9
0
6
5
9
0
21
12
15
11
0
9
13
0
0
7
4
0
7
10
13
0
0
15
17
9
6
8
0
7
0
10
11
0
8
3
9
0
13
1
0
11
17
0
13
10
0
6
8
8
12
0
4
4
16
0
10
0
0
2
21
13
0
7
1
7
0
9
0
2
6
12
10
9
0
0
8
0
6
10
0
9
8
11
1
9
44
0
8
3
9
1
4
13
30
11
13
12
2
0
1
4
25
0
15
7
14
9
1
10
10
4
5
6
15
0
0
4
12
7
13
0
11
12
9
0
11
8
5
9
0
10
18
0
17
18
0
9
17
33
15
14
12
25
11
13
74
10
0
16
15
17
18
0
17
18
22
0
12
0
0
10
16
26
1
13
15
18
0
16
0
10
0
13
26
0
0
1
20
16
1
0
10
18
4
11
25
0
13
22
15
