71
93
55
84
63
45
52
91
48
40
74
82
78
67
74
69
68
79
38
67
46
76
52
79
71
66
80
94
73
54
40
69
66
91
79
83
77
92
80
49
86
73
78
74
71
89
93
90
95
93
73
68
66
29
87
48
54
93
67
91
87
67
73
94
87
73
59
85
72
78
95
89
72
74
96
76
92
43
65
84
50
77
90
48
79
91
73
75
44
57
91
84
79
95
95
64
58
95
33
57
43
66
49
64
80
65
89
69
85
65
56
71
62
29
77
50
59
76
74
72
83
85
52
53
73
76
31
37
74
86
71
89
53
85
83
56
64
41
26
57
76
72
56
73
65
45
69
73
81
27
86
73
72
56
70
70
71
94
67
72
81
35
82
71
65
64
53
89
80
71
67
74
69
93
68
38
65
64
84
74
68
83
77
79
38
38
71
70
81
69
81
72
73
73
79
77
63
53
70
40
76
69
54
76
75
94
69
62
70
29
73
71
60
65
75
58
72
70
77
75
69
72
50
64
66
50
69
71
77
70
71
93
71
94
73
69
71
75
79
76
76
71
61
68
85
41
66
70
40
91
75
83
72
68
38
97
92
75
65
69
80
72
70
71
69
77
68
91
56
39
71
35
66
69
64
49
93
73
64
71
87
32
71
72
67
81
44
86
