4
0
0
0
0
17
21
17
27
86
25
23
17
15
11
0
0
5
0
41
72
34
21
18
19
0
0
0
0
0
36
0
25
27
12
28
29
0
0
0
2
30
29
24
27
28
32
0
25
0
0
0
0
0
20
26
75
69
27
19
11
12
7
17
0
0
21
2
0
32
12
21
19
3
13
0
0
0
21
46
51
28
28
18
2
4
19
0
0
44
29
43
0
2
31
19
5
19
15
0
0
0
19
18
25
38
19
18
30
17
0
0
0
2
0
26
50
49
23
9
31
20
32
0
0
0
27
20
41
40
17
21
14
13
0
0
0
0
23
34
88
2
27
35
20
19
17
0
0
14
38
29
56
54
22
21
0
0
0
0
0
9
28
31
0
0
20
27
19
11
0
0
0
9
22
34
0
33
26
17
16
9
0
0
0
20
16
0
48
47
17
22
7
14
2
3
0
0
16
27
39
37
17
15
16
0
15
3
0
20
17
0
47
18
39
18
21
16
13
0
0
0
0
25
28
32
11
40
0
0
0
0
0
0
19
35
65
70
28
0
0
0
0
0
0
0
25
72
31
28
20
16
19
0
0
0
0
19
31
57
21
88
33
24
27
12
12
0
0
39
24
0
70
90
28
0
0
0
0
0
0
0
28
32
32
26
20
17
