21
3
5
9
17
15
3
9
5
11
15
5
15
7
51
7
7
5
5
17
13
9
9
13
11
13
19
7
13
7
17
11
13
7
13
9
11
9
3
25
29
21
13
7
35
7
11
11
13
7
7
11
13
25
7
11
9
13
21
15
5
7
15
9
19
21
15
21
9
15
7
15
35
7
9
17
9
17
11
19
21
11
23
2
17
19
27
15
25
9
11
31
9
13
25
15
7
27
21
15
27
17
23
11
33
9
11
19
19
21
21
33
21
9
21
11
19
15
5
15
39
29
9
15
11
23
27
17
15
17
29
7
9
3
3
13
2
15
11
7
7
2
15
9
11
11
15
15
3
7
7
9
11
11
3
11
9
3
7
7
5
9
5
5
17
13
11
3
9
9
3
11
7
7
13
11
17
5
7
9
7
9
9
11
11
5
7
13
19
9
13
15
7
11
3
11
13
13
0
7
7
5
7
11
7
11
11
11
15
7
7
2
17
7
15
9
9
3
11
2
11
13
9
11
9
11
13
15
7
31
25
27
19
19
15
3
33
31
23
17
9
15
23
9
19
27
11
21
19
25
9
7
5
9
27
21
19
19
23
21
25
21
5
11
29
11
7
9
5
11
9
31
5
5
11
19
3
33
19
9
5
7
15
19
5
11
5
13
