4
9
13
4
6
3
2
2
2
4
4
4
2
9
4
5
2
4
9
4
2
3
2
7
6
5
9
11
2
4
3
3
4
4
0
4
0
7
4
0
4
7
2
2
9
0
6
4
2
5
2
4
2
3
7
4
0
5
4
3
4
2
7
5
5
7
5
4
9
5
7
17
3
7
4
0
5
2
5
4
6
4
2
11
5
5
4
3
2
5
11
2
7
6
4
4
7
2
0
2
0
7
2
4
4
9
11
0
9
4
3
21
2
4
2
3
4
5
2
0
3
0
4
3
4
5
2
3
11
9
5
7
7
4
2
4
2
4
7
0
0
6
11
2
3
2
4
2
2
9
6
2
4
6
5
0
3
2
5
4
11
5
5
9
6
4
11
7
9
5
4
0
9
7
9
7
2
2
3
4
2
3
4
9
4
0
2
2
3
4
0
5
4
4
5
5
0
9
2
2
0
7
4
11
11
5
1
5
3
7
0
3
5
4
9
5
1
1
3
5
11
2
9
1
7
7
0
1
5
0
1
0
11
3
13
2
7
7
3
0
11
7
3
3
7
1
5
3
1
5
5
9
0
3
1
1
5
3
5
3
1
11
1
5
7
1
1
9
7
7
1
5
11
1
3
5
9
1
1
0
7
5
0
4
1
5
4
4
