0
76
0
26
1
1
3
1
1
1
1
1
1
1
0
2
0
66
0
43
0
1
1
0
1
1
39
1
0
0
0
3
1
1
0
0
0
0
22
1
3
1
3
4
0
1
0
0
0
83
1
82
1
1
0
6
2
1
1
1
0
5
1
1
0
1
1
1
74
3
0
3
3
0
43
0
82
0
1
80
1
81
6
77
0
76
0
1
0
1
0
0
1
6
3
1
0
3
0
1
0
4
0
1
1
1
6
1
1
1
2
1
1
1
1
1
1
0
0
1
3
3
0
80
1
1
1
4
1
3
0
1
1
81
6
3
3
23
1
39
3
1
0
84
1
1
74
3
66
1
59
3
0
1
0
3
4
1
1
1
0
1
3
0
0
1
1
3
57
1
75
4
1
1
0
3
0
0
1
1
0
2
1
3
4
1
0
1
1
0
40
1
81
1
82
0
1
4
1
1
71
1
64
1
77
7
85
0
84
0
43
1
1
30
0
3
1
74
3
73
1
62
0
0
1
82
0
40
1
80
7
82
1
83
1
32
1
0
0
4
0
1
0
0
1
1
1
1
0
3
0
3
1
0
4
76
1
1
43
1
3
1
1
1
1
3
1
0
6
0
1
1
1
3
81
1
0
1
1
6
0
1
1
0
0
43
1
85
