12
14
16
20
14
21
18
42
3
13
18
17
13
17
11
7
21
16
11
4
24
17
18
1
1
6
3
3
18
25
23
29
15
1
10
14
5
17
9
23
10
25
11
22
19
13
0
7
8
11
1
1
25
30
3
6
12
4
4
12
11
5
8
19
4
4
1
0
17
9
18
12
8
12
3
1
23
21
29
1
19
11
8
0
15
12
3
34
15
28
1
21
14
3
25
15
11
4
7
13
4
0
11
25
3
11
1
29
17
19
3
19
15
14
13
7
20
14
22
36
10
1
21
19
3
10
18
22
3
3
6
21
14
17
13
19
8
29
12
7
26
4
13
1
1
14
5
10
0
17
27
19
5
0
11
10
11
6
0
7
8
31
18
17
5
20
29
27
12
15
13
8
11
11
4
22
0
8
17
15
5
8
5
7
23
1
4
6
5
28
35
6
15
1
0
3
17
7
9
8
1
22
25
1
12
11
26
11
4
7
3
21
17
5
0
19
23
10
24
4
7
24
15
10
1
20
23
9
1
1
6
12
15
0
4
19
0
1
12
16
12
3
1
18
18
39
22
20
14
14
3
20
8
17
15
17
19
1
28
20
1
15
3
24
15
10
37
13
21
3
3
27
9
0
1
7
19
6
13
7
7
20
12
10
0
14
14
12
