0
0
0
0
0
0
7
0
0
7
19
0
0
8
0
24
2
7
41
37
0
8
0
24
7
9
0
2
15
0
0
31
4
0
0
13
0
4
0
53
39
0
4
0
4
0
6
0
3
2
0
2
0
0
34
5
2
0
0
0
5
0
0
0
0
26
0
32
78
54
0
17
2
0
47
0
0
0
2
0
0
0
0
0
2
9
0
17
0
0
23
0
8
0
0
5
40
11
0
73
40
4
16
0
0
2
34
23
2
29
24
0
0
22
0
4
26
0
7
0
16
7
0
47
0
4
21
2
0
0
0
2
0
0
0
0
11
0
20
12
81
8
4
4
2
0
0
0
11
4
0
2
0
59
38
5
0
0
4
0
0
0
7
0
47
21
17
68
79
0
0
0
0
2
15
30
54
38
0
2
0
0
2
0
63
6
0
19
0
8
2
0
6
0
0
0
17
7
0
0
0
6
11
4
0
0
2
2
0
0
2
0
25
41
64
0
6
43
8
8
0
0
62
24
8
0
0
48
0
0
0
2
0
2
2
25
4
6
0
4
40
30
32
0
0
18
0
11
0
19
64
64
0
0
0
2
0
0
0
4
34
2
4
0
0
6
0
0
25
4
2
80
7
7
5
0
0
0
2
0
0
0
0
2
9
0
0
46
