4
67
47
75
26
40
53
37
24
29
51
49
52
40
62
49
31
49
52
37
85
50
53
66
52
54
51
44
43
48
47
52
58
53
50
47
4
56
54
6
34
59
22
34
50
54
52
45
54
43
8
74
29
6
60
29
54
25
43
6
59
4
2
4
0
4
4
2
4
2
2
53
63
46
52
4
38
47
67
62
54
70
41
26
0
2
41
64
51
46
75
37
85
6
50
41
7
60
56
10
58
50
31
36
49
4
46
51
4
63
76
50
49
62
36
55
4
30
44
36
40
70
46
0
35
49
31
53
45
2
45
2
7
6
2
4
2
4
4
6
2
2
4
8
2
4
6
2
4
6
2
24
4
6
6
4
6
6
10
0
6
48
32
4
4
6
34
66
80
53
50
45
37
6
58
46
63
50
51
27
74
8
64
26
2
80
65
49
51
2
69
51
39
77
47
29
4
6
2
5
2
48
4
39
77
35
41
48
49
2
63
53
25
62
55
4
13
4
54
25
6
46
72
4
59
73
31
44
51
49
54
59
58
47
78
28
2
66
79
30
44
81
55
42
47
42
22
62
76
43
51
76
49
55
82
22
2
32
42
52
42
57
50
33
57
56
45
29
41
47
21
40
11
35
8
59
73
44
81
2
23
46
32
28
43
75
54
44
