2
7
0
0
2
4
0
2
2
2
0
0
0
4
0
7
0
0
8
2
2
8
6
0
6
6
4
2
6
2
8
0
4
4
2
0
6
6
0
2
4
0
9
2
2
2
5
4
2
3
2
2
0
4
2
0
4
0
6
0
6
4
0
4
15
0
0
0
8
4
2
2
2
8
0
4
2
2
2
4
7
2
0
4
2
0
6
0
2
4
2
0
4
0
6
2
2
3
2
2
6
10
2
0
4
0
8
5
2
7
2
2
6
2
4
6
0
0
2
7
0
0
0
4
2
2
2
0
2
2
0
2
2
11
0
4
4
2
4
6
4
8
6
0
4
9
3
15
2
4
6
2
0
2
33
4
0
2
8
2
9
2
4
14
8
2
4
6
0
2
6
6
0
4
4
0
0
10
2
4
4
6
2
2
0
6
7
2
4
0
0
45
0
6
7
0
7
4
6
4
9
2
4
8
0
2
4
3
0
0
4
0
2
2
3
4
0
2
2
2
10
2
4
1
6
4
2
2
12
0
5
2
0
0
2
6
2
3
4
0
7
0
4
4
6
4
4
4
0
0
2
41
4
4
7
5
2
5
2
0
6
8
4
0
0
2
10
4
2
4
4
2
0
2
2
7
7
6
3
6
6
0
4
4
6
5
8
9
