9
3
7
13
7
7
9
7
9
11
11
5
13
7
7
7
9
5
7
13
7
7
5
9
9
9
9
9
7
11
7
5
1
9
13
5
5
11
7
9
11
11
7
5
15
11
13
9
7
13
9
15
11
3
1
7
9
7
3
5
3
5
3
7
9
9
1
5
17
11
9
9
7
7
11
5
29
21
11
5
7
1
5
5
11
15
9
7
7
25
9
5
11
7
8
5
21
9
13
11
9
7
9
9
13
9
7
13
9
15
9
11
7
9
13
19
7
5
11
9
7
23
7
9
21
7
11
15
7
9
19
9
5
7
17
5
9
9
5
11
23
11
9
15
19
15
9
13
21
15
14
9
7
7
13
9
15
1
7
7
11
21
7
7
17
9
16
9
7
19
7
13
5
19
11
21
15
19
10
7
9
17
14
21
11
31
13
7
16
17
7
7
17
19
7
25
21
5
7
12
11
11
5
13
9
11
9
7
5
7
0
17
9
7
15
23
15
5
9
7
17
5
9
9
3
9
3
3
9
3
11
5
15
13
7
13
17
15
5
9
1
9
13
11
5
5
7
7
9
17
11
5
15
17
7
17
11
15
11
9
11
13
17
7
9
9
5
7
13
7
11
9
9
11
5
24
11
11
9
19
7
11
7
1
3
13
7
5
