0
0
8
7
0
0
11
9
9
8
0
0
0
1
0
0
0
0
0
0
0
0
0
6
1
8
3
0
7
5
0
5
6
0
5
1
10
10
0
8
0
8
10
0
2
13
0
12
6
8
7
13
12
0
0
0
0
5
8
8
6
10
0
7
1
7
8
0
8
0
6
8
3
14
0
7
5
6
8
9
0
7
6
0
12
9
6
7
0
0
0
0
0
9
0
0
8
6
0
6
3
0
5
9
0
2
7
8
0
8
10
7
6
0
7
7
0
8
8
3
8
11
3
9
4
0
17
10
7
0
0
0
0
0
0
6
7
0
0
0
0
1
0
0
0
6
1
0
0
0
10
6
1
8
8
0
0
6
5
0
0
8
7
0
8
0
0
0
11
5
0
1
4
10
7
8
7
0
0
0
13
8
5
9
9
13
1
0
0
0
5
4
6
0
5
1
0
0
9
1
8
7
0
2
0
3
6
0
0
4
7
0
9
9
4
7
3
6
0
0
7
7
4
11
14
8
0
5
0
0
0
0
0
0
0
0
0
0
5
0
0
4
5
5
0
3
5
0
6
3
0
7
6
0
6
5
0
9
5
4
7
0
7
8
0
0
9
1
8
0
0
14
0
6
2
7
9
0
0
0
0
0
0
0
0
0
8
0
