16
2
4
27
20
20
7
17
22
18
10
2
18
11
22
18
19
28
10
8
1
9
13
15
8
18
14
16
16
13
5
18
19
11
4
16
21
19
10
15
2
20
20
17
7
1
2
17
13
19
11
1
12
20
24
19
23
24
15
23
14
11
15
20
12
18
18
16
6
17
17
30
18
2
2
8
18
23
13
0
10
19
15
11
1
24
12
7
13
15
1
11
23
14
15
11
2
15
9
14
11
16
11
2
16
14
10
19
11
4
13
14
11
16
19
11
3
13
18
17
9
2
13
18
11
16
2
19
13
15
15
2
2
17
16
17
27
14
2
2
5
30
17
12
4
18
9
18
6
16
12
17
17
17
14
1
8
2
20
11
3
12
21
17
20
21
12
8
2
18
18
17
11
16
11
5
21
17
17
17
1
16
15
2
13
2
7
14
29
3
10
20
11
14
11
11
13
17
14
18
12
21
14
12
17
16
1
16
14
14
15
14
2
2
16
2
18
14
7
4
19
21
27
3
2
21
23
29
18
14
22
4
20
14
1
16
13
17
22
11
7
17
4
21
13
11
5
2
15
13
9
12
11
5
18
16
10
19
2
15
17
23
14
9
23
20
2
17
14
7
10
3
9
18
20
9
9
1
12
22
28
21
16
18
15
18
16
1
