10
12
6
14
8
12
6
8
4
10
6
6
10
7
14
10
10
6
14
18
16
10
4
16
14
2
8
10
10
4
4
6
10
6
18
12
12
4
4
6
12
8
4
2
8
10
4
10
6
8
8
4
6
8
4
6
4
4
10
12
16
16
4
12
6
10
10
6
4
6
10
12
10
8
10
4
21
8
12
10
10
16
8
8
10
10
6
6
4
8
14
6
10
2
49
12
14
2
6
4
6
8
4
4
8
6
8
8
6
14
4
4
2
6
6
6
8
14
8
7
10
8
8
8
4
4
6
12
10
8
10
12
8
12
14
8
12
8
6
6
10
14
6
8
8
10
12
8
6
10
6
6
10
18
12
8
12
21
12
12
8
8
8
15
8
10
14
21
8
8
14
19
8
18
27
8
12
25
18
4
14
12
8
14
14
17
14
6
16
14
6
10
14
8
8
20
18
10
10
10
6
14
18
21
14
10
8
6
6
8
10
14
21
12
10
4
12
18
4
10
6
10
8
8
8
18
10
6
14
6
8
18
8
10
8
12
4
10
16
12
10
12
8
18
8
14
20
6
16
8
6
12
12
12
6
10
8
18
10
10
8
12
6
10
10
10
20
12
18
12
10
8
6
16
10
10
10
22
6
8
16
10
6
10
6
4
10
8
