2
4
4
8
6
4
6
6
5
6
2
2
4
6
6
7
6
6
5
9
4
4
6
6
7
8
5
4
9
6
6
7
2
5
6
7
4
9
4
4
9
0
7
6
2
2
2
4
10
2
8
2
4
9
5
4
6
6
6
4
4
6
2
2
4
6
7
9
6
9
8
8
6
3
4
8
9
7
6
8
4
6
7
4
4
4
4
7
7
9
6
8
4
2
8
8
4
2
4
2
4
5
17
4
7
2
9
11
7
6
6
6
4
6
4
4
6
7
4
4
11
5
2
11
5
4
6
6
7
8
7
7
7
6
4
6
5
2
6
4
6
6
9
4
9
7
7
6
4
5
6
4
5
2
4
0
7
7
5
0
9
4
4
4
9
4
9
11
17
15
13
7
7
7
4
8
7
7
43
7
4
4
7
4
4
7
0
2
6
6
6
7
7
0
9
7
8
9
8
5
7
11
4
9
7
6
2
4
9
11
7
5
7
6
5
11
4
6
6
5
6
7
4
5
8
9
4
9
7
7
6
3
7
6
6
11
5
4
6
4
5
85
5
6
11
11
10
11
9
6
5
9
7
4
5
4
11
11
4
6
2
2
13
11
7
11
9
6
8
2
2
4
6
7
2
2
5
6
4
7
9
5
2
6
2
4
4
6
