25
19
19
30
33
26
32
33
29
17
37
46
34
17
9
27
21
26
23
64
22
34
32
20
26
13
22
19
32
39
24
7
15
43
32
17
27
17
26
30
40
27
17
43
19
17
32
15
30
18
29
17
21
49
21
15
13
19
21
18
16
34
19
28
53
30
11
24
19
17
17
29
34
34
28
17
13
35
26
32
45
38
25
11
9
26
54
32
61
20
26
19
25
52
48
25
30
27
17
79
19
28
54
24
50
21
30
11
13
26
23
17
40
30
20
43
42
66
30
24
19
17
32
17
38
24
19
15
24
28
24
21
40
11
61
15
36
32
26
17
15
15
42
37
35
32
26
64
59
26
26
34
38
48
85
58
42
17
32
75
46
65
53
48
45
13
34
32
34
24
24
9
28
42
21
29
23
19
26
47
78
17
23
34
38
16
25
17
19
36
31
21
30
17
32
40
27
17
17
40
34
22
28
11
38
38
34
18
44
15
17
19
26
34
26
25
43
15
15
13
20
27
24
49
26
19
38
19
37
34
23
36
47
28
20
26
19
34
17
30
24
15
13
30
26
17
23
21
23
26
19
43
24
20
30
21
48
27
15
17
34
25
31
24
38
22
23
23
21
41
26
52
36
32
28
71
27
44
32
17
19
32
26
20
15
26
22
28
