19
19
19
19
20
19
19
19
19
19
19
20
20
20
19
19
19
19
19
19
19
19
20
19
19
17
19
19
19
19
19
19
19
19
19
19
19
19
14
19
19
19
19
19
19
19
19
19
19
19
19
19
19
19
19
19
19
19
19
19
19
19
19
19
19
19
20
19
19
19
19
19
19
19
19
19
20
20
19
19
19
19
19
19
19
19
19
19
19
19
19
19
19
19
19
19
19
18
19
19
19
19
20
18
19
19
19
19
19
19
20
19
19
19
19
19
20
19
19
19
19
19
19
19
19
19
19
20
19
19
19
19
18
19
19
19
19
19
19
19
20
19
19
19
19
15
19
20
19
18
19
19
19
19
19
19
11
19
19
17
17
19
19
19
19
17
19
19
18
19
18
19
19
19
19
19
19
19
19
19
19
19
19
19
19
19
19
19
20
19
19
19
19
19
19
19
13
19
19
19
19
20
19
19
20
19
19
18
19
19
19
20
20
19
18
19
19
19
19
19
19
19
19
19
19
20
19
19
19
19
19
19
19
19
19
19
19
18
19
19
16
19
19
19
18
19
19
18
19
19
19
19
19
20
20
19
19
19
19
19
19
19
20
19
19
19
19
19
18
17
19
18
19
19
19
19
19
20
19
19
19
19
20
19
19
19
18
19
