18
17
18
19
18
18
19
13
18
18
15
17
19
17
19
19
19
19
19
19
19
18
18
18
17
18
17
17
19
17
17
18
19
18
18
18
16
18
19
13
19
18
18
18
16
19
18
18
16
16
18
18
18
18
16
18
18
18
18
18
17
17
17
16
19
19
19
18
19
18
18
17
18
18
18
19
18
19
16
18
18
18
19
17
18
18
17
19
19
17
18
18
19
18
19
17
18
17
18
18
17
16
18
17
19
18
16
18
19
19
18
18
17
18
18
17
19
19
18
15
18
18
17
19
18
19
18
18
18
18
11
18
19
18
18
18
17
17
18
18
16
17
18
18
16
17
18
18
18
16
18
18
19
18
19
18
18
19
18
18
17
19
19
18
15
15
18
17
18
18
17
16
19
18
19
18
18
17
18
18
18
17
16
16
18
17
18
18
16
18
17
16
17
19
16
19
18
18
18
17
17
19
18
18
18
15
19
18
16
18
18
13
19
19
19
18
19
18
19
17
19
19
16
18
17
17
18
18
16
18
17
18
19
18
16
17
18
17
19
19
19
16
18
19
18
15
18
16
18
19
17
18
17
17
18
18
18
17
16
15
19
17
19
18
18
18
18
17
19
19
17
17
18
19
16
18
17
17
16
17
18
18
17
16
17
17
14
15
