35
19
32
33
25
18
29
22
39
34
22
17
24
25
33
22
55
33
16
58
19
28
19
24
33
26
35
38
59
32
30
24
20
46
32
34
30
30
37
65
39
38
25
19
40
32
12
31
22
25
36
38
29
29
29
30
21
24
31
34
26
38
29
26
21
28
12
25
30
37
52
25
24
26
29
25
17
33
25
30
20
74
17
23
21
13
26
58
40
18
65
33
25
44
34
30
25
10
39
69
22
22
39
35
8
33
16
31
20
32
21
34
38
16
32
37
28
19
27
27
9
21
38
12
31
25
31
18
25
32
27
18
12
28
18
31
17
19
29
12
20
20
18
17
35
22
26
40
41
25
30
43
32
24
27
29
17
44
12
47
21
33
38
22
42
31
29
43
19
21
18
21
24
33
30
54
28
31
26
21
24
28
20
32
26
34
38
31
13
34
38
35
34
29
12
22
26
12
23
43
31
31
34
32
33
32
19
47
20
32
25
29
38
22
18
19
31
19
28
19
40
13
25
28
15
32
30
27
16
33
33
36
39
11
16
29
28
17
17
21
34
13
28
36
26
38
10
23
24
26
18
25
15
29
29
36
25
25
22
17
33
23
33
26
55
28
34
23
12
15
28
27
20
36
13
34
22
25
26
23
34
22
31
25
27
23
27
19
