2
1
1
19
3
1
3
3
3
1
0
0
0
3
0
1
2
2
3
0
0
1
1
0
2
2
0
0
0
1
0
2
0
0
7
1
1
2
1
0
0
0
4
0
3
2
1
0
1
0
4
4
11
3
0
13
0
4
2
1
3
2
0
0
0
0
2
0
2
2
0
0
2
1
13
2
0
0
2
0
0
0
4
0
0
0
0
0
2
5
2
1
2
2
0
7
1
4
4
1
1
4
1
1
1
1
2
3
0
0
2
0
2
1
0
3
0
0
3
0
1
1
1
1
3
4
0
0
3
2
0
2
2
1
1
1
3
2
11
2
3
1
6
3
3
2
2
4
0
1
0
0
0
5
0
1
2
1
0
2
3
0
0
11
0
0
3
3
2
1
2
2
0
0
2
0
0
0
3
0
2
3
7
1
4
0
2
1
2
0
0
3
1
2
3
0
0
0
0
15
2
0
6
0
0
3
0
2
3
1
2
6
1
0
2
1
3
1
0
2
2
2
0
2
3
5
2
1
15
4
0
6
1
3
4
1
0
2
0
5
5
2
5
0
3
5
5
13
3
3
2
1
0
5
1
2
4
2
1
0
1
1
2
5
2
2
2
0
0
0
0
5
1
4
1
2
2
0
0
2
5
2
5
1
0
4
0
0
