16
20
14
20
26
6
26
24
18
10
8
16
12
6
18
24
18
18
26
14
18
8
12
8
16
16
16
20
6
20
8
6
12
18
20
20
18
8
12
14
16
26
16
14
8
20
10
20
16
20
14
4
8
12
14
12
8
16
16
18
10
16
10
10
16
26
12
10
18
20
22
16
12
24
16
18
12
18
12
14
22
10
12
20
16
16
18
24
20
20
18
16
14
20
10
14
14
8
4
4
22
16
12
22
12
16
22
10
14
4
12
20
6
12
10
16
16
16
4
18
14
12
4
16
10
12
12
22
8
14
18
14
14
18
8
14
16
10
16
16
8
12
6
12
22
14
10
10
6
28
12
8
10
10
12
18
6
12
14
20
18
10
18
14
2
16
12
18
20
6
12
10
24
18
22
14
14
22
18
18
22
20
6
14
12
24
8
12
22
10
16
10
10
14
36
18
18
14
16
14
12
8
14
4
6
8
16
10
18
12
16
14
16
22
14
14
10
24
10
12
18
12
18
6
18
12
4
10
14
20
8
10
22
14
12
10
12
18
10
10
10
22
20
14
22
14
18
12
20
8
16
16
12
14
14
14
14
16
12
10
10
22
18
22
20
8
4
6
12
4
10
12
8
16
14
10
14
22
12
12
18
12
14
18
6
6
6
24
