6
6
2
10
11
12
10
10
15
10
4
6
15
10
6
6
23
23
11
12
14
19
8
8
8
14
14
9
4
17
21
18
6
19
39
8
8
21
14
8
16
8
4
10
16
10
8
12
14
15
6
4
4
15
4
18
8
19
8
15
4
4
6
6
14
8
4
14
10
2
14
17
6
11
8
8
7
14
17
14
10
19
2
10
9
12
8
8
25
23
19
8
21
15
16
15
17
12
21
14
14
14
8
6
25
15
12
10
6
6
10
6
8
46
10
11
8
13
8
16
27
19
4
19
17
8
9
16
15
25
19
2
8
29
21
6
4
21
21
12
6
19
14
21
17
10
25
15
6
14
33
10
10
10
19
15
13
23
12
21
23
16
12
12
10
12
8
13
16
27
31
15
12
12
8
19
8
27
25
14
16
21
19
12
6
6
17
18
19
10
10
21
8
27
17
15
12
8
17
19
15
31
12
13
10
23
12
19
6
39
17
17
10
10
2
27
10
43
21
21
8
10
14
11
23
17
19
14
16
6
21
10
21
11
19
16
18
12
16
18
12
17
14
23
14
25
12
16
14
17
8
19
8
10
12
8
18
15
17
30
16
21
16
17
10
8
16
16
12
11
12
14
16
15
12
21
14
12
19
15
14
19
14
12
16
6
17
25
