5
3
3
2
0
0
2
3
2
1
0
4
0
0
0
2
2
0
0
0
4
0
2
2
0
0
2
0
0
0
2
2
7
2
2
4
7
2
0
0
0
0
3
0
2
7
2
2
2
2
1
5
2
1
2
2
0
0
1
2
4
7
0
3
1
0
2
2
0
2
0
0
0
0
5
5
7
2
0
0
0
2
0
2
0
0
2
0
0
0
2
0
2
0
0
0
2
2
0
2
0
0
4
3
0
0
2
0
2
0
5
4
0
2
3
0
2
0
2
2
2
0
2
2
0
0
0
0
2
0
0
1
3
0
3
0
4
2
0
2
3
0
0
2
0
0
0
2
2
2
2
0
2
2
2
0
0
0
0
0
0
0
0
0
0
0
0
0
2
3
2
2
1
2
1
2
2
0
2
0
2
2
0
4
0
2
0
0
0
2
0
0
0
4
0
0
2
0
0
0
0
2
0
0
0
0
0
0
5
2
0
0
0
0
0
2
2
2
2
0
3
0
0
2
0
2
0
0
4
0
7
0
2
4
3
0
27
0
0
0
0
2
2
0
2
3
2
0
45
0
0
0
0
2
3
1
0
2
2
0
0
0
0
2
0
0
0
2
2
2
2
2
0
0
0
2
2
2
2
2
0
3
2
0
2
0
0
0
