13
27
19
26
27
44
18
50
17
17
15
24
15
43
19
21
24
11
19
68
26
21
13
13
9
24
9
30
7
24
26
26
13
7
36
23
26
26
9
19
11
15
6
4
22
17
33
6
23
17
15
35
11
30
11
18
9
31
13
41
27
29
7
26
22
21
18
5
13
15
13
30
26
17
77
9
50
19
15
19
15
24
8
36
7
60
9
24
41
29
24
7
22
7
11
47
24
11
63
24
22
22
17
24
37
19
22
22
34
22
15
18
11
17
15
22
26
36
4
17
11
7
17
11
26
51
13
52
24
19
24
43
26
35
44
27
19
24
15
35
13
13
35
35
15
31
15
37
26
30
35
33
15
43
26
36
28
28
45
27
26
22
59
45
18
56
47
31
33
21
21
39
15
51
36
26
21
16
36
35
36
24
72
52
47
24
16
9
7
13
28
28
15
41
18
44
52
13
43
20
46
37
22
15
38
17
28
22
22
36
74
47
21
40
75
41
9
28
49
14
41
17
45
30
32
45
31
54
20
20
11
20
39
28
18
16
43
28
35
43
45
22
30
36
16
30
13
18
7
37
35
15
26
41
7
41
27
39
26
39
26
34
17
35
45
41
30
35
39
33
24
13
13
41
13
71
27
37
35
58
24
19
20
11
26
30
24
7
