32
2
19
11
43
36
19
65
42
54
11
19
33
17
7
12
17
27
16
38
40
30
13
18
16
11
32
40
31
25
26
11
26
20
34
41
19
20
23
44
28
23
28
35
17
51
21
27
14
10
31
12
31
40
36
27
23
12
16
27
33
45
12
14
14
33
28
23
33
53
18
46
36
38
28
20
41
11
16
22
4
37
57
27
35
22
26
49
24
44
19
19
53
12
43
30
47
35
21
21
26
25
30
23
27
15
38
39
29
33
30
16
65
47
35
38
29
36
29
61
43
20
27
29
28
38
36
27
32
37
29
36
13
36
31
26
23
23
29
25
9
48
13
7
2
42
35
27
20
32
22
24
27
36
20
19
20
25
15
24
32
17
34
24
24
15
27
31
27
31
21
15
7
23
14
21
27
19
20
25
31
16
13
35
18
10
26
23
23
34
35
26
27
45
14
36
27
14
23
16
18
31
5
30
16
43
14
22
13
33
30
32
31
21
12
25
46
39
25
31
31
45
59
14
51
42
17
16
13
20
19
27
29
14
11
17
22
25
35
33
29
15
29
18
34
31
28
44
22
16
30
35
17
17
29
36
7
18
7
24
20
37
12
44
40
34
42
25
38
32
22
17
33
23
14
25
29
25
41
29
36
49
41
36
15
12
64
29
