11
25
7
7
7
95
9
19
17
7
9
5
11
33
7
29
9
9
0
56
19
11
11
21
1
15
3
7
39
19
11
17
11
5
5
13
42
9
7
33
5
3
7
9
3
9
9
5
7
2
9
5
7
9
9
7
3
23
2
9
23
7
15
3
3
13
21
13
13
58
17
5
5
13
5
3
11
9
21
9
5
11
9
3
11
17
15
31
15
9
21
9
35
13
15
11
17
39
23
3
58
27
29
37
9
17
11
21
11
17
23
27
23
7
7
19
15
7
7
35
15
35
3
7
31
3
23
9
27
31
31
40
21
29
2
5
25
13
13
0
9
9
0
19
21
7
11
7
9
17
3
9
19
0
13
7
19
11
17
9
11
5
3
9
2
15
5
2
7
3
3
3
5
7
27
21
5
5
11
5
3
5
17
7
2
21
13
13
2
23
13
21
3
3
11
7
11
5
13
11
3
48
35
9
3
13
15
13
7
11
23
2
11
19
3
17
13
11
17
9
9
17
5
39
11
5
5
5
13
3
13
15
13
26
17
13
3
17
19
0
27
2
7
3
39
19
7
13
3
29
29
19
3
35
2
5
5
9
9
7
11
3
9
27
9
11
17
11
33
17
11
15
11
0
13
9
3
11
11
17
29
0
42
15
13
35
17
25
