0
8
0
0
4
0
2
6
0
44
2
2
2
4
2
14
2
4
8
0
0
2
2
2
0
8
2
0
4
4
2
4
4
0
4
6
4
0
2
2
6
2
0
6
6
0
4
0
4
2
0
0
2
2
2
2
2
2
4
8
2
0
0
2
2
2
2
2
4
2
4
4
2
4
2
2
0
4
2
0
4
4
0
4
2
6
0
2
11
20
4
2
2
2
2
10
2
2
0
0
0
4
2
4
2
2
2
42
4
4
4
2
0
4
2
0
0
6
6
0
4
0
4
0
4
0
0
4
6
2
2
4
15
4
6
2
0
8
2
0
2
2
0
0
47
4
2
2
0
2
4
6
2
0
0
4
0
4
2
7
4
0
18
0
4
2
2
2
40
6
2
58
2
0
6
0
2
4
4
2
2
6
2
2
2
4
0
40
2
4
8
2
2
37
4
2
4
2
93
4
2
4
40
2
15
0
6
2
9
4
2
2
37
2
2
4
0
4
8
0
6
62
2
2
0
0
2
8
0
0
37
2
9
8
0
4
37
0
2
6
0
6
2
44
2
4
42
2
6
0
2
2
8
2
2
4
11
0
8
0
0
4
4
2
8
4
6
2
2
2
0
2
0
2
0
4
0
4
7
37
4
2
38
0
0
4
0
2
