22
1
0
2
17
2
2
2
0
3
1
2
24
2
0
0
20
0
2
0
4
2
24
2
0
45
3
0
2
0
0
0
5
18
3
2
15
0
2
0
26
2
1
2
15
0
0
0
2
2
2
17
2
2
0
3
24
42
0
0
0
0
0
0
21
3
0
47
2
0
3
1
30
1
0
24
4
3
0
18
3
0
0
1
24
3
1
18
2
0
0
19
18
0
0
0
7
2
0
2
0
2
1
0
2
28
3
18
2
2
25
2
0
3
19
0
2
0
17
0
0
29
2
2
2
44
0
0
0
27
0
3
34
3
0
27
3
0
0
3
2
2
2
0
0
2
19
0
0
0
18
3
0
20
2
3
21
0
0
0
21
0
0
2
15
3
0
0
18
5
2
0
15
0
0
0
0
18
3
0
0
0
11
2
2
0
18
1
0
2
17
5
2
0
0
17
3
0
1
0
0
1
2
0
16
1
2
0
25
0
0
0
18
2
2
0
20
2
0
1
3
0
0
2
0
30
0
0
0
1
2
0
21
0
1
0
0
0
3
2
20
1
0
29
0
0
0
21
2
0
3
0
0
0
23
0
2
1
0
0
30
0
3
0
0
45
0
3
35
1
0
0
16
2
2
0
39
0
0
0
1
0
2
0
16
2
2
0
