75
94
62
66
71
68
6
45
75
77
60
33
67
59
68
58
65
60
0
0
66
65
52
30
62
58
89
71
61
54
71
83
30
65
57
37
69
65
48
68
66
62
29
62
54
63
79
52
69
64
0
58
62
70
68
37
29
0
64
81
64
62
0
68
95
50
66
65
0
29
54
48
32
27
19
48
64
44
79
52
0
66
31
63
44
64
0
66
55
0
75
0
61
60
72
44
39
48
54
85
2
56
64
63
62
48
0
65
62
65
63
56
77
82
79
57
45
79
63
58
65
62
26
54
0
58
64
66
0
59
37
21
72
62
66
61
75
81
58
15
54
71
64
58
0
58
63
69
68
60
46
77
62
69
69
64
69
50
56
52
0
46
69
62
81
65
67
66
67
77
61
69
46
89
81
73
77
77
29
58
78
79
69
69
84
44
29
87
66
50
71
39
67
73
73
10
79
64
50
48
67
65
58
46
38
2
69
81
54
52
0
73
44
77
67
77
0
36
66
81
67
0
67
0
83
48
69
67
64
26
77
19
64
64
25
69
82
31
64
83
38
71
58
34
0
34
62
73
87
67
62
50
55
69
73
21
64
79
71
66
48
66
73
75
93
36
75
39
66
54
40
54
52
77
63
65
60
66
52
63
79
75
66
77
64
66
85
56
