22
24
15
16
20
24
10
16
15
17
40
38
24
22
11
18
15
11
23
10
24
14
15
17
21
19
21
23
11
17
23
20
11
24
15
17
14
17
22
24
18
23
21
21
17
11
22
22
21
9
21
26
13
26
18
20
24
17
22
16
9
30
24
19
7
41
25
4
10
10
9
5
9
9
2
5
5
10
7
9
9
2
11
7
14
5
7
12
7
14
7
9
2
8
4
4
7
7
6
7
5
5
9
8
7
7
7
7
5
6
9
6
5
9
4
14
15
8
9
11
12
29
9
8
9
10
15
9
11
9
8
7
8
21
12
12
12
6
9
9
12
11
4
13
5
10
15
7
7
8
8
5
7
11
7
10
15
5
8
11
0
12
7
30
34
32
7
10
15
10
14
13
9
8
9
7
11
11
12
10
17
40
28
10
8
8
8
12
7
7
9
11
6
6
7
3
2
12
7
10
11
7
9
11
6
13
0
9
13
6
5
7
7
9
41
15
21
30
21
9
16
14
22
14
21
17
17
15
12
11
11
13
17
20
14
9
21
12
22
26
18
28
23
18
15
24
13
16
18
26
16
20
22
21
22
10
11
12
20
8
15
10
15
15
21
6
12
11
9
8
33
21
32
9
13
14
18
15
18
9
9
15
22
19
11
20
10
18
