54
54
54
54
50
49
58
36
54
52
52
46
52
55
44
56
58
54
56
54
52
52
56
56
56
56
47
56
58
43
48
58
56
56
54
54
48
43
58
56
56
56
51
56
56
54
32
58
23
52
54
52
50
54
52
56
52
54
58
54
58
54
56
56
54
46
44
54
52
52
47
52
34
54
40
57
55
52
52
54
50
53
58
58
48
51
53
56
54
58
35
50
54
51
50
51
54
43
50
44
54
55
56
41
54
56
50
52
54
44
52
27
53
58
56
58
54
55
48
44
32
56
52
55
52
56
51
43
52
60
34
38
52
44
55
58
58
55
54
37
56
56
54
52
60
52
28
50
54
52
56
50
50
38
56
52
43
52
46
56
52
48
54
51
45
56
51
52
56
58
52
54
56
56
49
52
48
46
55
47
53
52
40
54
52
50
48
37
54
60
50
52
56
32
56
47
49
55
51
54
52
48
54
54
49
46
50
48
43
52
51
52
52
50
50
53
50
48
54
50
54
50
50
46
41
56
56
58
26
49
50
50
52
47
52
52
51
49
50
56
53
39
54
41
54
52
55
54
46
50
50
41
50
52
52
54
47
52
56
56
48
55
55
56
54
54
56
58
54
53
54
56
54
54
54
53
58
55
49
56
60
54
55
58
57
58
55
56
