2
6
8
0
4
2
4
2
0
2
4
3
4
2
0
2
0
2
2
0
4
6
0
0
2
4
2
0
2
4
4
4
0
6
0
2
4
0
4
2
8
0
0
0
2
2
2
4
2
0
15
2
0
0
2
0
4
2
2
0
0
0
4
2
4
21
0
0
0
15
0
2
4
2
6
2
0
0
4
2
2
6
2
4
4
2
4
4
13
2
5
4
4
2
4
2
11
15
4
4
2
2
0
7
0
0
2
4
4
2
23
5
2
4
2
4
2
4
2
16
4
2
2
2
2
2
0
0
2
4
4
6
2
6
0
2
0
6
4
6
2
2
4
0
0
4
4
2
2
14
2
7
0
2
2
2
0
6
6
0
2
4
0
2
2
4
0
6
2
2
23
2
0
0
2
2
2
2
4
2
6
4
2
2
2
4
4
4
6
0
2
19
4
6
4
4
4
2
6
4
2
0
2
4
0
4
0
6
2
4
4
2
2
20
4
4
2
2
2
2
2
2
4
0
2
0
2
2
12
2
2
2
0
2
2
2
2
0
4
0
2
4
4
13
4
0
4
2
2
2
0
2
26
0
0
20
0
0
2
0
4
2
6
2
2
0
2
4
0
0
4
2
4
0
4
4
4
0
2
4
6
4
0
2
0
6
0
2
