19
8
17
11
13
21
8
2
9
15
9
20
11
13
7
9
9
7
25
9
8
13
9
13
2
7
11
9
11
15
13
6
8
11
17
15
6
11
2
13
13
13
8
6
26
38
13
11
28
11
26
25
21
13
19
26
26
19
21
62
19
32
47
24
11
28
13
36
11
23
23
25
41
24
25
17
19
17
2
15
21
28
15
15
7
11
23
15
34
25
17
4
19
23
11
13
13
9
17
32
25
13
17
23
21
11
10
19
40
26
8
21
24
21
9
17
23
23
2
17
38
11
17
19
30
23
17
41
17
36
9
23
17
21
26
13
19
11
32
19
23
21
17
25
13
17
27
42
30
9
34
28
13
22
23
17
27
10
47
15
11
11
10
32
27
11
45
28
27
41
11
21
13
0
13
21
29
11
11
9
15
13
2
25
26
6
23
12
19
42
15
13
13
23
13
32
15
15
23
11
41
36
17
13
8
9
24
21
7
19
17
11
13
19
24
21
10
15
8
20
21
13
17
21
13
32
24
23
36
15
17
17
11
29
13
12
8
10
21
19
26
7
11
13
6
11
13
11
17
6
9
13
7
13
12
13
13
2
4
9
21
13
15
13
13
15
9
12
25
9
41
10
15
34
8
10
51
19
15
13
13
9
8
6
8
8
8
2
