3
1
2
2
3
2
2
3
3
6
5
9
4
5
3
2
2
4
8
4
2
9
1
3
3
3
1
5
2
4
2
4
8
6
5
4
7
5
5
5
5
7
4
6
3
2
7
3
3
7
2
5
9
5
8
6
7
2
2
4
7
7
2
4
4
1
3
4
4
0
1
7
5
3
5
7
5
3
2
3
9
3
3
4
1
7
3
5
2
5
1
2
4
4
10
11
6
2
2
1
3
5
3
5
3
4
9
6
7
3
3
3
2
5
3
5
3
1
5
5
2
9
2
6
3
5
6
4
2
5
7
6
4
5
3
2
2
5
3
4
3
7
4
2
2
6
2
3
5
3
3
7
7
4
8
2
6
5
4
5
7
4
4
1
3
7
4
7
2
2
5
11
4
1
8
7
3
3
6
8
5
5
7
4
2
1
1
9
5
2
6
5
8
8
2
2
4
11
4
7
7
7
2
7
13
4
1
4
1
5
1
5
3
6
8
4
3
4
6
7
7
2
2
4
4
1
1
3
9
5
6
5
3
1
7
3
3
5
2
1
4
10
9
8
2
6
6
2
7
4
7
2
5
5
4
3
3
5
4
3
8
4
5
3
6
4
9
5
5
4
1
4
6
3
4
4
7
3
3
7
3
2
5
5
5
4
2
5
