0
3
0
0
0
2
0
0
4
0
0
2
2
0
2
0
2
2
4
0
3
2
0
0
0
1
0
1
2
0
1
12
3
4
0
0
0
1
0
0
0
3
0
0
0
4
0
1
0
1
2
1
0
2
0
2
0
0
0
2
0
1
0
4
1
0
2
4
0
0
1
2
0
2
0
1
1
0
0
0
1
3
0
1
2
2
0
3
2
0
0
2
0
0
2
0
2
1
1
2
0
2
1
0
2
2
0
0
1
2
0
1
0
0
1
0
0
1
1
3
4
1
1
2
1
0
5
1
7
0
1
0
0
2
1
1
0
0
2
0
0
0
0
5
2
2
0
2
0
1
1
2
2
4
2
0
0
0
0
1
0
5
0
0
4
4
0
1
1
1
1
3
1
0
4
2
1
0
1
2
1
0
2
1
2
0
1
0
2
1
2
1
0
1
4
0
2
1
5
2
3
4
1
0
1
1
3
2
10
2
4
0
5
1
1
0
3
1
1
7
0
0
0
0
2
1
1
1
2
1
4
0
1
2
1
0
0
0
0
0
0
0
0
1
0
1
1
2
0
5
0
2
1
0
0
0
4
2
0
2
2
0
0
0
0
0
0
0
0
2
2
0
2
0
2
4
0
1
0
0
0
1
10
0
1
0
1
4
