12
17
10
8
6
10
18
9
10
8
16
18
16
14
10
12
14
16
20
12
14
12
14
10
14
10
6
12
14
16
16
14
16
12
23
22
19
22
17
14
12
16
16
14
14
14
8
18
16
14
16
26
16
12
20
20
12
12
11
19
19
17
14
21
14
14
16
15
18
15
16
17
21
12
19
23
19
18
20
15
14
14
20
18
19
16
18
21
16
12
15
15
16
16
12
12
12
14
16
16
12
14
20
27
16
21
15
21
19
13
21
21
16
31
27
19
16
17
14
18
21
12
23
17
19
23
31
22
19
19
17
19
29
18
16
14
23
16
22
29
22
28
25
16
24
25
23
92
23
27
12
13
22
24
23
25
29
21
23
18
16
23
15
17
17
20
29
18
24
29
12
16
31
20
31
17
18
25
27
16
31
33
27
21
25
22
19
21
16
22
28
14
23
21
19
20
22
23
19
25
20
22
25
16
9
18
22
27
21
21
22
89
18
22
28
34
23
10
23
16
25
18
23
14
16
17
27
19
18
18
18
20
21
18
13
15
20
13
20
16
20
21
14
16
20
17
16
17
15
16
15
14
16
18
17
17
27
19
21
18
9
14
16
12
16
17
22
19
16
14
25
14
22
12
26
15
20
12
16
12
17
13
12
14
14
12
12
8
