2
2
12
2
4
26
6
4
1
18
4
21
18
2
2
0
2
0
10
0
2
2
4
4
2
2
4
0
2
16
2
2
24
6
2
2
0
0
4
4
4
2
4
4
0
4
0
4
4
2
2
4
0
2
2
0
4
2
5
2
0
0
17
0
2
9
2
2
10
28
0
8
0
8
2
20
2
2
2
8
2
0
0
7
6
4
0
4
4
4
0
2
2
6
6
6
2
2
0
18
2
6
0
2
0
2
3
6
0
0
6
0
8
2
0
3
4
2
3
8
2
2
7
21
11
0
26
2
0
6
0
39
23
8
6
0
2
0
19
2
0
4
4
4
21
2
16
22
4
11
4
26
4
4
20
8
24
17
4
20
2
0
0
12
20
4
2
2
13
18
16
13
0
8
4
6
4
42
2
4
6
2
2
2
13
6
8
2
0
2
2
22
6
6
6
3
0
20
2
16
2
2
2
19
0
36
7
2
2
2
20
2
2
18
6
2
18
4
30
15
25
2
21
2
0
6
2
0
13
0
15
21
22
0
4
18
2
2
2
41
4
0
0
19
17
20
9
0
2
2
4
4
13
16
20
4
18
6
0
5
2
2
0
30
2
0
20
4
5
0
0
4
14
0
2
4
9
4
19
4
4
0
18
4
2
2
21
4
