6
8
5
10
1
3
1
16
5
3
3
3
5
3
3
3
5
5
10
0
11
10
3
3
3
5
5
1
3
5
1
3
3
5
5
1
6
6
1
3
3
1
5
1
3
4
8
1
5
7
5
5
3
5
4
5
7
3
5
5
6
3
1
17
3
6
13
8
3
1
1
5
1
10
5
3
3
12
3
5
0
10
5
8
3
3
10
7
6
3
7
7
10
4
10
3
5
5
7
5
6
6
6
3
6
8
1
3
4
6
4
3
13
10
5
3
15
5
11
1
3
3
10
4
17
3
3
3
6
5
6
8
6
5
6
0
5
6
4
8
10
5
5
3
3
9
7
3
5
5
20
3
4
5
6
5
6
10
4
6
5
1
6
3
5
12
1
5
6
10
5
1
5
5
6
3
5
6
11
3
10
1
7
10
10
1
4
5
7
10
11
5
3
3
5
6
8
6
6
6
3
5
1
11
1
5
6
13
3
1
3
9
3
3
10
10
5
4
7
9
10
3
6
6
10
8
6
4
10
5
8
3
7
3
3
5
12
3
9
4
8
6
1
7
15
3
5
3
15
3
8
5
7
6
5
5
7
1
3
5
5
10
11
3
11
5
5
5
4
10
8
1
3
3
4
4
10
3
8
4
15
3
5
1
8
4
6
0
