12
17
23
15
19
19
19
13
19
14
17
12
17
17
19
17
25
19
25
27
17
15
15
14
17
13
12
21
21
13
27
19
15
17
19
15
23
14
17
10
12
10
17
10
19
19
17
15
15
16
15
17
16
25
16
27
17
15
19
10
12
8
10
14
9
8
8
21
12
23
15
27
21
15
36
15
15
15
13
15
17
19
14
29
12
9
8
12
13
16
12
10
13
17
15
12
19
16
13
15
6
17
17
6
10
17
12
8
10
10
19
10
11
8
17
13
23
27
13
21
16
23
10
15
15
15
17
8
12
15
21
15
8
27
23
19
21
12
17
17
8
19
17
8
11
17
9
23
13
17
13
13
12
10
71
19
29
12
8
13
13
11
12
10
10
23
10
11
19
12
13
19
21
19
25
15
17
15
19
42
40
31
31
31
23
19
17
23
19
19
23
19
17
19
29
21
25
15
15
21
19
37
23
15
17
31
19
23
21
11
19
19
17
25
15
20
17
15
37
33
19
19
17
23
13
19
16
19
27
19
19
19
23
23
15
28
23
31
27
17
13
17
27
13
11
25
19
17
23
10
21
29
25
16
21
15
23
12
11
21
17
25
19
17
17
15
19
17
15
8
12
21
17
14
11
21
11
21
11
12
17
16
17
10
10
13
17
17
