3
2
3
3
29
0
45
4
17
6
32
0
0
0
0
0
0
0
0
6
52
2
30
5
1
4
43
4
26
4
4
2
3
2
3
4
47
4
2
3
58
0
0
1
42
7
41
1
3
2
3
2
5
3
1
1
2
2
38
4
36
1
59
3
7
41
0
5
56
3
4
3
2
3
3
2
3
0
3
3
3
1
3
1
31
4
63
3
53
0
0
3
54
1
2
4
4
0
4
3
3
1
3
5
3
1
0
1
18
4
52
3
0
21
0
1
68
5
1
3
3
4
4
3
2
3
4
0
3
43
2
59
0
0
0
0
0
0
0
2
31
2
72
2
3
50
67
27
34
2
15
32
0
0
0
0
0
1
0
0
1
9
33
2
33
48
59
39
38
48
55
4
4
3
0
1
3
1
42
30
0
41
36
36
40
14
41
3
3
1
33
41
55
1
36
3
38
55
49
4
34
2
0
2
3
3
34
3
2
2
2
3
5
4
2
1
46
11
29
0
3
41
3
35
2
2
3
2
63
4
32
3
4
1
38
23
5
46
0
0
0
2
2
0
4
1
29
38
40
1
25
54
39
2
38
47
2
2
42
57
35
38
37
50
0
30
57
43
4
1
33
5
40
0
0
0
0
2
36
29
0
43
39
2
27
0
3
0
