29
11
0
16
4
11
13
11
30
12
6
12
11
4
11
11
6
2
4
6
15
18
40
3
4
6
8
21
0
2
6
7
15
10
8
9
2
9
6
11
10
13
4
7
0
0
7
9
13
4
15
11
4
11
9
15
6
4
10
9
9
10
21
13
5
2
6
15
4
10
10
6
8
9
7
4
13
7
4
15
8
7
7
9
7
13
5
9
9
10
13
4
17
9
11
7
6
11
6
7
4
4
6
13
4
7
26
8
5
11
7
27
11
6
14
0
11
9
12
4
10
9
9
7
2
13
8
9
6
4
17
17
10
15
4
2
9
10
4
4
10
9
19
2
13
8
9
15
2
11
4
11
11
4
8
4
11
12
6
15
6
8
4
9
6
7
10
6
2
21
8
6
2
4
4
9
8
6
2
6
4
11
4
11
10
17
4
6
4
17
10
2
13
11
11
28
2
15
10
15
10
11
7
13
10
13
13
13
11
17
6
4
8
9
21
6
2
13
15
11
8
7
9
23
6
6
2
4
11
9
9
10
13
8
19
10
13
11
7
3
9
13
9
10
11
11
17
11
2
7
23
4
15
10
7
11
5
11
11
10
6
11
2
7
6
4
6
4
6
10
4
6
8
11
17
13
2
13
3
7
13
9
4
11
7
10
4
9
