0
0
3
3
26
19
16
23
17
15
5
17
13
13
23
17
19
16
18
17
24
17
9
11
5
5
19
15
21
24
9
17
22
11
27
15
13
11
35
21
18
11
21
17
16
17
25
9
23
13
44
11
13
15
15
32
17
36
44
17
17
30
7
19
29
27
9
18
5
21
13
36
17
17
62
15
13
28
21
21
15
28
13
15
17
17
15
34
23
29
28
11
28
19
44
13
23
17
33
18
26
18
19
19
17
27
38
42
0
17
9
17
17
17
11
24
13
13
16
18
21
11
23
11
24
11
9
34
25
15
15
19
21
25
17
19
11
17
7
13
38
24
35
27
9
15
17
25
15
15
30
11
36
40
17
9
15
32
48
22
25
34
17
32
38
26
19
22
23
19
25
34
13
48
19
17
25
14
17
9
25
39
38
40
37
28
48
50
15
18
22
24
34
11
41
24
36
15
27
22
23
42
46
55
11
30
19
23
9
36
33
25
13
30
42
79
40
38
15
15
36
28
36
38
15
17
9
22
27
38
15
27
32
16
7
51
34
13
37
24
24
36
25
34
19
35
30
23
36
48
21
26
50
24
23
34
28
63
23
17
19
30
46
26
19
17
26
11
42
31
15
11
24
11
14
15
0
1
30
1
0
0
3
0
0
1
0
0
