0
7
0
0
0
4
4
4
9
4
4
0
2
8
0
6
10
10
4
2
2
4
2
2
11
0
2
4
4
0
2
2
8
6
8
2
4
10
6
6
5
0
4
0
4
6
3
2
2
4
4
4
4
4
2
4
0
2
4
2
6
0
0
0
2
0
10
6
2
4
6
2
2
6
6
4
4
4
0
0
2
7
4
0
2
0
0
2
0
6
4
2
2
6
2
2
2
6
6
2
0
0
4
4
4
0
0
6
0
4
0
11
8
0
0
0
0
0
6
4
2
0
0
12
11
6
6
4
6
2
7
2
2
2
8
0
13
0
9
2
4
6
6
4
6
10
7
4
2
6
0
6
2
4
2
6
2
0
0
0
4
6
8
0
0
2
4
6
4
0
5
4
6
0
0
4
0
4
6
4
10
6
2
2
4
2
8
6
0
0
6
10
4
2
4
4
12
4
2
4
2
2
6
4
2
2
0
4
0
4
4
2
0
2
6
0
4
2
4
2
2
2
4
6
8
0
8
6
2
0
0
5
0
4
6
9
0
2
5
9
2
0
0
6
6
6
7
2
2
0
6
6
4
4
8
2
0
4
2
2
6
4
4
2
2
0
2
6
2
2
4
5
11
6
0
15
4
8
2
0
7
0
0
6
0
4
2
0
