39
44
1
0
49
1
29
7
46
0
35
1
43
0
0
3
15
2
0
2
1
20
39
36
0
32
23
36
46
1
1
1
14
0
1
1
46
19
21
0
1
1
0
0
5
0
44
11
0
0
0
1
42
1
0
0
2
45
44
1
35
2
0
0
3
52
0
0
33
8
63
1
1
3
0
48
45
2
0
2
0
0
51
1
35
0
0
1
12
40
4
0
0
0
44
5
34
55
7
9
39
4
0
0
37
0
51
0
27
40
29
0
1
1
1
0
0
1
3
32
38
0
43
0
29
0
5
6
0
27
32
27
2
44
12
67
0
0
1
3
24
0
0
35
33
13
1
40
34
0
26
28
34
0
15
2
0
0
0
43
4
0
1
32
11
27
1
27
27
5
2
18
1
0
31
28
30
3
35
57
0
35
2
37
24
1
46
2
58
4
43
26
0
14
25
48
26
27
33
40
27
2
29
56
33
3
46
23
50
19
32
40
33
1
0
1
23
0
45
32
2
3
0
20
14
34
35
33
0
35
31
45
0
6
25
2
11
22
55
14
13
2
28
32
22
37
25
31
32
2
22
29
25
55
40
28
2
30
35
1
50
50
36
2
0
77
0
0
64
46
46
2
37
72
18
1
4
30
3
35
35
28
3
47
41
3
5
15
