0
2
1
3
3
2
0
0
0
2
0
3
2
8
1
2
2
0
0
0
4
2
3
0
3
0
0
3
2
2
9
0
2
2
0
0
2
0
6
0
0
0
5
6
5
2
3
1
3
0
2
2
3
2
5
3
0
0
0
0
5
0
2
0
0
3
0
3
3
3
10
0
2
2
0
0
2
5
8
16
9
0
0
0
2
2
0
0
0
0
2
2
6
0
0
3
3
5
5
2
3
2
2
0
2
2
5
0
2
0
2
0
3
2
2
0
0
2
0
2
0
2
2
0
0
5
5
2
2
0
2
0
2
3
2
3
0
1
0
3
2
8
5
0
2
0
0
0
2
5
3
17
2
0
0
0
0
8
2
2
0
1
1
0
3
2
2
1
3
0
0
3
2
0
3
0
1
2
2
3
2
0
2
2
2
3
2
3
2
3
0
3
0
2
0
3
1
5
0
3
2
5
5
2
7
2
3
2
2
0
2
0
0
2
0
0
0
2
2
0
1
0
0
2
2
0
1
0
5
0
3
9
3
0
1
1
3
2
1
0
3
3
3
2
0
0
13
1
2
5
3
5
0
3
2
0
2
1
0
0
2
1
2
0
2
2
0
2
8
0
0
0
0
6
1
0
1
2
2
2
3
2
0
2
2
2
3
1
