4
6
2
7
8
6
10
11
0
0
0
0
0
4
6
5
0
0
5
0
3
11
10
1
5
0
0
7
5
10
7
0
0
13
0
3
0
6
9
6
9
0
0
0
0
0
0
8
0
1
0
0
0
0
8
7
0
0
11
16
2
0
8
8
0
4
0
7
8
8
4
0
11
0
0
0
0
0
8
0
0
0
6
13
5
5
0
7
0
9
11
2
6
10
0
5
7
5
5
0
8
7
10
0
6
7
10
0
0
0
0
0
0
0
0
0
0
0
5
0
5
8
2
0
5
0
11
12
0
0
2
6
2
0
0
7
3
6
4
0
0
0
6
6
3
0
0
0
0
0
0
1
0
0
0
0
0
2
5
0
0
0
7
2
3
0
0
0
2
6
10
0
0
6
11
6
0
0
7
7
5
10
4
0
8
14
9
0
0
0
0
8
0
3
9
6
0
0
0
0
0
7
3
7
0
0
0
8
8
0
6
0
2
10
7
5
0
0
0
16
10
10
9
0
0
0
9
2
0
0
6
4
0
8
10
9
4
3
8
0
0
11
4
10
0
0
11
10
3
4
4
11
0
0
0
0
0
0
0
0
0
0
0
2
0
0
12
0
0
0
9
18
10
12
0
7
8
2
4
4
0
0
8
5
2
4
0
0
