27
24
26
15
16
7
13
22
20
19
22
12
14
16
24
16
20
8
21
16
24
24
25
27
20
17
18
22
23
13
19
19
14
23
19
15
13
27
19
14
26
15
17
20
16
20
4
22
25
24
24
12
17
18
26
16
30
9
18
22
17
18
21
25
8
16
20
27
25
5
13
12
3
16
6
22
26
18
23
10
17
13
23
23
18
19
24
24
16
11
24
23
19
19
24
25
8
20
20
13
7
26
17
24
20
19
21
6
9
20
23
24
17
16
23
21
21
18
17
22
15
18
25
24
21
7
20
23
15
15
17
18
19
12
18
17
21
20
21
16
11
16
15
18
14
14
20
19
16
18
30
20
19
15
13
24
24
16
24
9
17
16
24
14
23
18
16
26
20
17
17
21
28
23
27
20
24
22
28
19
26
28
22
12
30
29
20
25
16
26
30
21
19
19
21
19
13
0
0
0
0
0
0
0
0
0
0
0
0
0
0
0
0
0
0
0
0
0
0
0
0
0
0
0
0
0
0
0
0
0
0
0
0
0
0
0
0
0
0
0
0
0
0
0
0
0
0
0
0
0
0
0
0
0
0
0
0
0
0
0
0
0
0
0
0
0
0
0
0
0
0
0
0
0
0
0
0
0
0
0
0
0
0
0
0
0
0
0
