6
44
17
14
14
21
13
13
12
17
25
10
6
15
13
24
29
11
7
16
13
16
8
12
20
23
8
28
14
12
13
13
17
20
15
11
10
19
21
23
20
11
13
14
13
25
18
46
33
22
17
16
10
17
6
17
9
14
24
23
9
10
17
23
8
8
5
17
12
14
15
25
18
32
21
15
10
12
11
14
21
24
15
18
14
0
0
0
0
0
0
0
0
0
0
0
17
11
15
36
13
13
7
12
11
31
22
14
23
33
24
15
5
5
4
5
18
17
9
31
18
16
50
21
9
13
9
38
28
15
22
17
14
16
19
28
36
7
4
9
16
16
13
22
8
17
38
48
32
19
17
7
11
17
19
16
28
28
62
9
17
10
7
13
16
6
11
9
12
10
27
10
61
10
8
20
11
17
21
34
1
13
22
12
23
10
15
11
15
31
14
33
9
30
17
34
29
7
8
17
21
13
20
16
14
23
26
20
18
11
9
10
15
15
8
23
16
27
33
35
20
15
13
20
16
15
20
26
20
30
15
20
25
4
7
14
15
10
22
14
13
27
36
20
35
14
3
8
10
15
11
22
13
25
69
40
16
38
10
13
15
17
11
14
29
22
27
32
43
6
8
9
9
14
13
13
11
16
25
41
39
11
7
11
53
22
17
18
