10
17
15
17
38
17
14
29
10
27
17
10
23
23
16
12
13
14
10
15
14
29
8
8
12
17
15
17
10
14
29
13
21
13
15
27
15
15
17
16
15
12
10
12
12
14
10
16
8
14
14
15
12
12
10
14
4
10
17
10
14
12
12
12
10
10
14
14
19
13
16
12
19
12
12
46
29
19
12
14
16
19
19
13
14
23
12
12
15
29
15
8
2
10
17
23
19
17
12
19
15
16
21
21
15
10
29
16
12
19
17
19
19
12
19
2
12
17
21
21
29
19
19
19
19
21
19
10
15
15
38
19
12
17
15
15
25
23
11
33
6
25
16
41
17
33
31
15
12
31
13
29
10
6
27
19
21
21
35
21
29
21
14
25
10
17
15
23
23
19
15
25
17
14
14
21
14
41
33
14
23
15
15
15
29
17
23
13
10
11
25
19
15
21
19
23
27
23
17
21
21
15
19
12
17
10
23
17
37
25
31
25
21
19
29
29
19
25
27
23
87
37
33
15
14
19
33
21
17
14
14
21
23
43
14
15
15
13
19
12
21
23
14
19
21
17
12
8
31
21
21
6
19
8
21
15
19
15
12
17
21
28
31
27
10
15
25
19
62
14
12
21
56
14
21
27
17
25
19
15
19
13
13
27
21
17
33
12
