0
4
2
2
0
0
2
0
0
2
2
0
8
8
0
0
6
2
0
4
0
0
2
0
2
2
0
2
2
4
6
11
2
0
2
2
2
4
0
0
4
2
0
0
0
2
2
0
4
6
0
2
0
2
0
0
0
4
4
0
4
2
0
0
2
6
0
0
2
0
0
2
2
0
0
6
2
2
0
0
0
2
6
4
2
4
13
2
0
12
0
2
2
0
0
0
2
4
0
0
0
2
0
2
0
0
0
2
2
0
2
4
0
2
2
2
0
0
2
4
0
8
0
0
2
0
0
0
0
0
2
0
0
4
2
2
8
4
2
8
0
0
0
0
6
2
2
2
2
0
0
2
97
4
0
0
2
0
0
2
0
2
0
2
2
0
4
0
2
0
0
2
0
0
0
0
2
2
2
0
2
2
0
0
2
0
2
0
2
0
4
2
4
2
6
8
11
2
2
2
6
6
2
2
4
0
4
6
4
2
2
0
6
12
0
0
0
4
2
6
4
6
0
11
2
6
4
4
2
6
0
10
2
0
4
6
2
2
0
5
2
0
4
11
4
2
2
0
8
4
6
4
17
2
10
8
2
0
8
4
12
4
2
0
8
4
12
19
0
0
2
2
8
0
2
0
6
6
2
8
0
0
2
0
4
2
2
2
