13
11
5
3
13
9
7
5
9
15
9
9
7
25
13
13
3
3
2
21
2
9
5
11
0
2
2
5
13
5
17
3
11
5
7
7
7
5
15
2
3
13
3
3
7
9
9
3
9
7
9
5
11
3
0
7
2
2
5
2
7
2
0
7
5
15
2
7
5
15
9
7
5
2
5
3
3
3
0
3
5
2
9
5
2
11
5
3
11
9
5
3
25
7
5
17
5
5
5
13
9
2
11
25
3
13
5
9
7
5
15
7
9
5
15
19
11
25
13
15
19
5
21
11
23
15
15
5
15
3
3
13
13
11
13
17
11
15
13
7
17
13
15
9
5
9
13
21
5
9
9
13
15
19
11
7
19
17
17
23
9
5
13
13
15
7
3
2
11
45
19
13
11
9
19
5
15
3
15
43
17
19
13
17
9
9
9
15
25
17
17
5
7
17
11
7
9
9
19
13
5
11
17
11
7
9
5
9
19
11
3
3
3
13
17
17
13
11
13
15
7
13
17
17
13
23
3
13
5
9
9
3
11
5
11
21
17
5
27
5
7
11
17
21
13
7
9
13
19
9
15
5
7
13
17
3
5
15
5
17
9
11
19
3
13
3
15
13
7
2
11
19
3
5
9
5
11
11
9
11
5
13
5
9
5
7
7
11
