4
16
2
0
7
6
3
14
4
0
4
2
0
2
4
6
2
2
4
17
8
2
4
4
6
2
0
2
6
2
2
2
0
0
0
4
2
4
4
2
2
4
0
2
2
4
2
0
0
0
2
12
6
13
3
2
4
6
4
6
0
5
2
5
2
4
2
0
6
0
6
8
6
6
0
5
4
2
4
6
2
4
2
2
2
2
0
4
4
2
6
2
2
11
0
4
4
9
6
4
9
4
4
2
4
2
2
0
4
4
4
4
0
2
5
4
4
2
4
4
0
2
0
0
2
2
2
0
11
4
2
3
6
2
7
8
2
0
3
0
0
4
4
12
0
6
2
17
2
4
2
4
4
2
0
2
0
4
2
5
2
0
2
2
6
4
4
2
2
0
5
4
4
2
16
2
2
2
0
2
4
4
4
4
7
6
0
6
2
3
4
11
4
6
6
4
0
4
6
2
4
1
7
0
6
4
4
5
2
4
6
0
4
11
5
0
2
0
5
0
2
6
2
2
2
2
4
2
2
13
2
2
3
2
2
0
18
7
2
0
0
2
7
7
2
0
2
7
2
2
4
4
4
2
2
2
2
4
8
0
2
0
2
2
2
0
4
10
2
2
2
0
2
4
0
2
4
4
2
4
2
8
4
4
4
4
2
4
