0
0
0
2
2
0
2
4
0
2
0
10
8
2
0
2
4
4
6
2
7
6
0
0
3
2
0
4
6
0
4
10
2
2
0
9
2
2
2
0
2
2
2
6
0
4
6
0
4
4
4
0
9
6
0
2
0
2
4
2
4
0
8
2
2
2
4
4
4
9
0
6
0
4
6
11
0
2
0
2
0
10
6
6
5
2
2
2
4
4
0
4
4
9
2
2
0
0
2
4
6
0
2
12
2
0
2
4
2
11
2
2
6
6
4
2
6
6
4
10
8
4
2
2
2
4
2
4
2
4
6
4
2
2
10
9
2
0
4
6
4
6
4
4
4
2
6
4
0
0
2
2
6
2
4
9
0
4
8
0
2
2
2
0
6
2
2
2
4
4
0
2
2
10
2
4
6
2
6
2
8
2
4
9
4
0
4
12
6
0
4
4
4
2
6
2
4
2
0
0
7
2
0
2
0
2
8
2
2
2
4
6
0
6
4
4
6
2
0
2
2
0
2
6
2
0
2
2
6
0
4
0
2
14
12
9
0
6
6
0
4
0
0
0
0
9
2
2
4
0
0
10
2
2
4
2
5
2
2
2
0
8
6
4
4
0
15
12
11
4
2
13
4
0
0
0
4
6
0
4
4
4
4
4
2
4
6
4
