0
2
0
54
0
2
4
2
24
2
5
0
8
2
41
8
3
2
11
0
6
6
2
21
0
3
0
0
2
4
2
7
5
2
2
2
0
0
2
2
2
55
0
0
0
73
2
2
2
81
0
0
0
66
5
6
2
2
71
2
2
0
2
44
2
0
2
0
1
85
2
2
4
2
0
2
73
3
2
2
0
2
0
2
0
2
2
2
2
0
0
0
2
0
78
0
2
6
0
2
72
0
4
2
0
0
2
41
4
2
1
1
84
0
0
4
2
2
0
5
2
2
8
1
84
0
2
2
0
3
0
13
28
2
9
1
1
29
1
2
0
0
2
2
0
2
64
0
2
2
2
0
2
0
8
2
2
2
1
1
2
5
2
1
2
0
0
4
2
4
3
2
2
11
4
0
4
2
2
0
4
32
2
2
8
2
9
2
0
2
1
2
0
16
22
3
2
2
2
0
1
0
2
2
0
4
2
4
2
2
1
2
2
2
73
0
0
2
0
5
5
0
4
4
0
2
8
2
2
5
2
10
2
4
5
4
3
1
0
2
2
4
3
44
0
4
2
0
2
2
25
1
2
2
0
2
2
0
0
0
1
0
7
45
0
1
4
0
0
2
2
2
3
1
2
3
2
42
0
2
0
2
5
77
2
2
0
2
