4
8
7
6
8
0
0
1
6
2
5
2
2
7
9
18
7
5
8
4
9
4
4
7
7
2
4
11
4
2
3
2
1
5
7
4
9
6
6
4
4
7
4
2
4
3
0
2
5
5
6
6
6
4
8
2
2
2
5
2
2
6
6
9
5
4
5
8
10
5
3
6
4
4
7
4
7
8
4
15
4
4
9
8
4
7
2
5
7
6
11
7
2
4
14
2
6
4
10
6
10
5
13
7
4
2
6
5
4
6
2
6
4
13
8
5
3
4
4
4
4
9
2
7
2
5
6
5
8
2
5
3
2
14
10
2
8
13
11
3
5
7
7
6
6
6
10
2
8
2
7
7
2
7
0
4
5
8
6
4
2
7
5
3
6
2
4
9
11
5
4
7
3
9
13
4
3
4
2
5
2
8
11
5
7
3
5
4
7
12
10
6
9
3
6
4
8
6
7
7
4
6
6
12
2
8
3
14
6
7
4
2
6
4
4
5
4
3
6
7
8
9
4
6
4
11
8
4
4
6
6
6
2
2
16
2
4
4
6
4
7
3
4
5
8
7
4
9
6
4
7
7
14
6
5
6
4
3
4
4
2
7
17
4
17
2
4
3
5
11
4
8
6
6
6
6
7
4
3
8
6
2
12
5
9
6
6
8
