8
12
6
4
6
10
8
9
4
10
17
10
8
15
10
4
6
8
17
6
8
4
6
6
4
6
6
7
6
8
25
8
6
12
15
2
4
6
6
4
8
4
6
6
8
16
5
15
6
9
4
6
8
11
6
6
8
10
9
10
10
15
6
15
11
6
11
8
8
8
7
11
5
10
6
8
6
6
6
16
10
11
17
21
8
6
4
8
9
6
11
6
12
8
21
15
9
11
13
9
11
6
15
15
10
6
11
17
4
15
8
9
15
15
6
9
17
13
4
11
13
9
15
20
9
17
11
13
11
12
11
15
11
13
10
17
9
11
13
13
11
13
22
13
13
13
11
17
23
8
13
13
17
19
11
8
21
27
9
11
13
6
9
19
6
19
17
6
20
9
15
18
15
32
13
22
13
28
18
6
8
29
22
11
25
15
6
15
28
19
27
21
24
15
26
31
4
23
15
21
6
15
21
23
13
15
11
4
8
16
8
15
11
17
6
12
12
15
9
13
11
19
19
23
15
7
15
7
9
13
8
26
26
24
32
16
15
6
15
7
22
9
22
13
6
23
8
15
27
11
22
13
15
15
9
15
9
15
9
9
22
17
14
17
13
13
11
6
15
11
8
11
15
13
9
17
7
9
21
29
11
9
15
21
11
11
16
15
