27
41
29
31
29
27
29
28
28
27
27
27
27
17
29
27
27
27
31
27
31
27
27
29
29
27
33
29
31
27
23
31
27
33
27
25
27
31
29
29
27
29
31
29
27
31
33
31
31
31
31
29
29
27
31
31
27
29
26
25
28
29
29
31
27
27
31
33
23
27
27
29
27
31
29
27
29
27
29
29
25
26
31
29
29
27
31
27
27
25
27
27
29
27
31
28
29
27
31
31
29
31
29
35
27
27
27
37
25
27
27
27
32
26
29
29
27
27
33
27
33
25
35
25
27
29
27
31
17
25
29
27
29
30
25
29
29
33
27
27
33
27
29
26
27
25
29
28
31
10
27
27
27
27
27
30
25
30
29
29
30
25
31
28
27
25
27
34
30
29
29
29
23
27
31
29
27
27
27
29
34
24
31
29
34
27
29
27
29
27
33
27
27
23
31
27
31
27
31
29
33
28
29
31
29
27
33
31
27
25
29
29
28
27
23
27
29
31
31
27
27
27
27
27
27
27
28
25
27
30
29
32
29
31
28
25
25
25
27
27
37
30
29
27
33
27
29
23
31
31
29
29
31
25
35
31
31
27
25
27
27
29
29
30
29
21
22
29
25
29
27
25
25
29
27
27
29
29
28
27
27
29
31
29
27
31
31
27
