4
2
0
2
2
7
0
0
54
0
84
46
0
13
0
0
4
0
2
2
0
2
0
0
2
10
2
0
0
2
2
0
2
0
0
4
0
0
2
0
0
0
2
4
2
2
2
0
2
57
4
0
2
2
0
0
95
2
5
2
0
0
2
0
0
2
95
9
5
0
2
2
0
0
2
0
2
65
7
0
2
0
0
2
0
0
0
0
2
0
0
0
58
4
5
0
79
4
2
6
0
2
2
4
2
36
0
2
0
0
2
0
6
0
0
2
2
0
0
0
0
2
0
2
0
6
0
0
0
0
59
4
2
0
0
0
0
0
25
0
47
5
0
0
0
4
2
4
2
96
2
0
4
92
2
0
2
56
7
0
0
6
7
2
70
3
2
52
54
86
2
4
5
0
0
2
6
10
5
0
0
2
91
2
0
3
0
0
5
0
2
0
22
2
0
2
5
2
2
79
12
4
0
2
0
2
4
5
4
2
93
8
5
2
2
62
2
2
0
0
2
2
4
4
0
4
0
91
2
0
12
11
6
2
5
0
0
7
2
0
4
1
65
2
0
0
2
0
0
0
81
0
8
0
2
3
2
4
44
2
4
5
0
3
4
5
0
7
2
0
2
2
6
4
0
4
3
0
5
4
3
4
0
0
2
4
0
5
