6
5
6
4
10
9
17
0
8
5
4
7
4
0
4
4
12
13
71
29
31
2
9
2
9
6
4
2
6
9
13
13
17
26
16
4
5
0
11
2
0
9
19
42
38
23
6
1
0
3
4
9
4
26
2
31
15
2
4
6
4
6
2
4
2
30
6
15
19
11
4
4
6
0
2
0
6
2
13
21
4
8
4
3
7
2
7
2
0
4
0
7
45
7
21
13
56
4
6
3
2
2
0
2
36
26
40
23
7
2
7
5
5
2
4
2
7
2
30
4
3
1
0
2
9
2
15
11
32
2
0
0
4
2
6
4
2
17
5
13
65
9
19
8
5
4
0
5
5
12
2
4
0
0
24
5
2
6
16
8
2
13
28
35
0
13
31
12
3
2
5
0
5
19
9
17
8
24
0
0
0
16
0
6
5
11
19
11
20
5
31
6
2
3
2
4
2
0
11
2
5
5
17
19
0
15
7
0
9
3
18
32
10
15
17
18
14
8
21
38
0
7
4
2
21
0
8
22
0
15
13
48
15
0
25
23
25
43
16
18
3
15
7
2
4
5
7
5
0
33
21
15
21
11
10
4
0
5
3
2
31
13
50
8
7
10
0
6
7
26
24
10
67
0
11
22
7
38
0
0
9
10
20
28
5
16
7
2
