0
1
2
0
3
3
10
5
0
0
0
2
8
7
0
0
4
0
0
8
0
2
1
12
0
2
1
5
2
2
0
4
0
0
4
3
2
0
2
2
8
4
1
0
3
5
5
1
2
0
2
0
4
4
7
18
0
2
4
12
1
4
4
2
5
0
4
6
4
3
7
10
7
3
17
0
6
5
4
9
9
8
14
7
9
5
0
6
3
2
0
0
12
2
2
2
2
4
0
1
2
4
4
8
3
2
7
11
2
2
10
5
5
11
2
0
2
0
0
2
5
0
0
6
6
0
0
2
5
0
2
3
0
7
4
14
2
2
6
13
0
2
4
11
14
2
5
2
5
3
2
5
1
7
25
2
3
5
2
14
11
3
3
9
0
3
8
7
0
2
0
0
7
2
0
1
2
6
3
2
2
2
10
41
3
9
5
8
2
1
0
2
6
0
6
5
2
4
0
0
7
17
18
3
10
5
0
4
7
3
5
0
0
8
2
25
33
0
0
3
9
0
4
15
3
11
3
5
4
2
1
10
2
2
0
7
6
5
2
0
1
5
3
16
3
3
5
0
6
0
2
29
0
7
0
3
8
2
2
0
0
0
10
2
2
0
2
6
2
0
2
2
0
2
0
0
2
2
39
6
3
0
2
3
2
0
4
0
