4
4
5
4
4
6
15
3
6
2
2
8
7
0
7
11
17
2
4
11
6
11
6
4
13
9
0
2
4
4
9
4
2
19
4
2
4
9
12
5
7
2
4
6
9
9
6
4
11
4
4
0
4
7
6
2
6
6
6
9
9
6
15
2
4
4
3
6
10
8
2
0
4
6
0
0
4
2
6
8
2
4
4
6
7
3
2
2
4
6
6
8
4
0
3
4
6
4
2
8
2
6
4
10
6
2
2
2
3
3
2
4
6
6
10
4
10
0
6
9
7
4
0
1
2
20
10
4
9
6
5
12
4
6
8
4
7
6
10
6
4
5
6
0
2
0
6
6
4
6
4
10
4
4
0
17
13
4
17
9
4
2
2
4
4
12
7
12
13
2
2
4
6
3
5
6
4
8
6
9
2
4
6
21
2
2
4
5
10
8
4
2
13
2
6
8
3
4
7
6
5
4
10
6
5
13
4
5
6
6
0
2
10
6
4
2
11
0
4
6
6
6
10
2
4
9
6
8
4
6
6
4
2
4
13
4
6
6
9
6
4
4
16
8
2
4
10
4
7
11
7
2
4
6
4
1
11
4
4
5
2
9
6
4
6
2
0
4
11
4
2
4
7
6
10
2
2
1
9
3
7
2
8
4
6
2
4
4
