0
6
4
2
8
0
12
4
0
6
6
12
0
4
4
2
8
4
4
0
8
2
7
4
4
4
2
6
2
14
4
0
8
4
4
2
6
4
4
6
6
2
6
0
0
4
0
2
0
2
6
2
6
2
4
2
2
4
2
0
4
0
4
0
8
0
2
0
4
7
0
6
0
4
12
6
2
2
4
0
29
2
6
6
0
2
4
2
2
0
2
4
0
2
0
2
2
77
4
2
4
2
4
0
4
2
4
6
0
0
8
2
4
2
2
2
2
2
2
6
2
8
6
8
6
0
2
2
4
2
4
2
4
2
2
4
2
10
9
2
4
6
2
4
0
6
2
4
2
9
2
0
2
4
6
4
4
8
2
4
2
4
2
4
4
8
4
6
8
0
2
4
4
2
6
2
10
4
6
6
6
4
2
4
4
8
2
4
2
2
4
6
4
2
6
0
4
2
2
6
4
6
2
0
2
4
6
4
0
19
0
2
2
2
0
6
0
2
2
2
4
2
0
0
2
4
6
0
6
4
2
2
0
2
8
2
0
2
4
6
2
2
2
4
2
0
0
0
4
0
2
2
0
4
6
2
6
8
10
6
2
2
4
4
6
2
4
2
4
2
4
6
6
2
4
4
2
2
6
4
0
12
4
2
11
2
4
2
