19
15
6
19
11
13
19
8
6
6
15
9
11
13
15
6
6
11
25
13
15
4
4
6
11
17
8
11
17
10
9
10
17
8
8
13
6
8
13
11
19
19
4
6
23
25
15
8
19
19
15
2
8
9
2
8
4
2
8
11
13
2
2
6
8
11
10
19
13
11
10
37
21
19
13
23
19
27
29
40
13
36
19
6
21
13
17
13
11
29
6
4
13
9
6
11
19
13
22
13
6
11
23
25
17
30
25
30
17
15
11
15
11
6
12
26
20
6
13
6
20
17
11
11
4
15
24
11
19
0
42
4
20
17
15
13
4
9
8
9
4
21
8
21
21
11
25
8
7
10
4
4
16
9
25
24
17
6
23
19
6
8
6
13
10
30
29
9
4
15
25
10
30
17
9
8
10
18
26
15
35
11
16
38
4
15
39
26
39
6
7
7
25
18
10
17
11
6
6
8
7
11
11
23
4
26
21
36
15
8
10
19
6
8
17
4
4
6
6
15
23
17
4
7
25
11
6
9
8
25
9
15
26
28
21
8
20
10
17
8
24
6
11
21
17
8
11
8
6
15
6
36
11
11
13
6
4
25
28
7
13
10
23
15
9
7
17
15
28
15
9
6
17
23
13
4
10
8
4
6
32
19
21
11
21
21
13
6
