17
2
1
2
22
2
4
2
5
5
38
8
15
2
2
14
20
0
2
6
8
0
1
4
4
4
4
10
15
4
14
16
9
4
3
2
4
2
4
14
14
12
4
19
5
2
4
6
5
4
3
5
19
0
20
20
6
6
18
4
4
4
10
4
13
1
12
5
18
5
4
2
17
4
11
7
18
4
21
4
7
3
2
1
19
2
19
1
15
2
1
2
8
5
0
1
10
4
2
2
15
4
11
19
4
4
1
2
5
7
11
7
14
2
16
8
18
2
2
7
3
8
4
6
13
5
2
12
3
4
1
3
8
4
0
12
6
2
11
17
21
1
3
16
21
4
3
18
8
5
10
22
15
5
5
2
12
1
2
1
11
2
4
2
21
2
2
6
6
1
6
6
2
6
1
2
5
0
4
1
15
2
2
19
18
6
2
6
2
4
3
6
3
2
10
16
6
4
2
15
2
1
2
2
3
2
2
2
7
4
1
5
13
2
4
6
18
2
2
14
10
2
18
14
3
6
4
2
2
1
2
10
8
2
4
4
2
4
6
3
7
6
2
4
7
5
1
14
4
5
4
4
40
5
1
4
15
4
2
8
5
0
1
1
11
7
3
6
19
4
3
4
17
7
3
2
4
2
6
20
12
10
10
8
12
3
3
2
