22
19
11
17
31
0
0
0
34
33
20
20
24
17
21
22
0
0
0
0
25
31
0
27
27
15
15
24
0
0
0
0
0
0
0
0
2
14
24
12
31
30
0
0
0
0
0
0
2
8
18
19
29
0
23
0
0
0
0
0
3
15
17
19
25
15
31
0
0
25
3
19
20
22
16
10
20
0
17
23
0
27
20
28
0
0
0
0
0
0
0
0
19
8
31
16
7
1
15
25
26
43
17
29
24
0
32
12
23
0
16
23
24
33
30
27
0
5
31
30
25
25
14
30
13
20
0
38
0
0
0
0
0
0
18
8
23
1
24
42
41
0
0
0
0
0
20
30
17
25
6
33
0
15
12
27
20
19
27
22
10
16
27
20
25
25
20
23
20
13
20
12
22
0
19
19
26
29
23
23
16
15
6
22
9
15
34
7
25
21
22
26
0
17
22
22
14
18
24
0
34
17
20
9
17
1
4
0
0
0
28
25
22
27
17
0
19
15
5
0
18
22
13
0
0
12
22
7
8
16
0
16
15
0
0
0
0
0
29
10
0
21
20
19
27
19
0
0
0
0
34
0
19
5
18
35
35
0
0
0
0
18
19
11
24
23
28
23
20
32
16
23
33
0
6
19
8
15
20
33
2
22
19
0
0
19
0
21
