14
16
6
31
14
8
10
10
16
18
6
20
14
12
4
6
20
53
18
12
20
16
25
14
25
12
8
12
10
16
45
18
10
45
8
12
8
12
10
10
14
6
4
20
12
16
8
31
12
8
10
16
10
22
8
12
4
4
6
6
10
10
14
12
8
12
10
8
8
6
14
14
12
8
14
16
12
8
16
14
18
12
10
18
8
10
14
10
18
18
18
8
26
21
10
14
33
20
29
20
24
10
24
22
29
16
27
22
10
35
6
33
14
16
20
33
10
12
8
25
8
18
18
33
10
8
14
22
14
20
23
27
4
39
16
8
18
16
24
18
20
27
16
16
16
25
27
23
16
16
18
14
24
18
16
22
22
18
20
27
18
49
31
37
22
51
22
27
49
12
35
23
14
31
51
4
14
18
10
12
31
12
16
10
12
41
12
23
21
33
8
6
10
27
6
8
31
29
10
25
18
25
14
8
25
8
6
31
23
14
35
33
31
10
23
18
31
33
10
25
29
29
39
16
23
29
29
10
12
53
16
25
37
55
35
12
51
27
8
10
27
33
16
31
8
10
6
12
8
23
25
8
31
12
24
18
8
29
6
20
14
22
18
22
18
16
24
12
29
39
8
20
14
23
10
25
14
14
25
39
6
12
12
16
8
6
18
14
