31
24
29
20
39
12
22
26
24
27
26
28
23
26
27
24
27
16
31
34
22
27
29
32
22
41
24
40
27
36
20
31
19
23
31
26
16
25
32
22
28
20
23
25
39
29
7
23
32
37
40
26
24
21
28
22
25
13
21
28
24
25
21
27
15
20
28
34
27
12
17
27
8
35
11
23
26
28
26
24
22
19
26
31
35
31
27
23
21
20
28
24
30
31
29
29
10
25
32
17
14
26
27
42
29
23
28
12
17
26
30
34
23
24
27
25
49
25
26
23
20
23
30
31
33
9
26
29
16
23
24
17
20
18
32
20
24
25
30
37
25
24
20
25
17
18
22
22
24
23
27
25
25
19
19
25
22
22
33
24
21
22
25
26
28
21
25
24
20
22
24
28
20
24
34
38
28
29
28
25
22
30
23
18
24
29
26
28
23
23
26
28
27
28
23
22
24
23
29
41
28
39
23
38
29
29
24
24
28
26
25
36
30
36
30
33
22
28
41
38
26
39
41
41
37
38
40
41
21
38
30
33
24
34
30
26
27
30
33
30
39
27
31
23
24
28
38
31
22
35
33
32
28
40
27
28
46
38
43
45
33
33
46
45
43
15
31
34
26
33
41
38
46
40
38
39
35
35
21
15
35
45
39
39
41
44
35
39
