0
0
8
18
2
2
11
7
23
5
61
45
24
0
35
54
10
2
0
0
16
16
72
0
13
16
40
0
0
0
0
0
2
0
0
0
0
0
87
0
0
57
0
0
70
0
12
29
0
0
7
76
20
55
17
2
51
0
63
2
26
3
60
0
0
0
0
0
0
0
0
0
0
0
5
9
3
85
30
10
2
38
2
0
2
0
32
45
0
0
0
0
0
0
0
0
0
0
2
21
24
5
13
16
15
4
9
0
2
0
14
48
6
27
0
0
0
0
0
0
0
0
27
31
0
14
36
10
64
2
2
51
5
0
2
20
4
50
0
0
0
0
0
0
0
0
8
22
0
46
0
2
15
5
29
0
23
4
20
0
38
34
0
0
0
0
0
0
0
0
3
0
76
0
14
2
41
0
25
0
0
0
36
0
21
0
0
0
4
6
0
0
0
0
3
55
2
5
7
16
16
16
6
0
37
22
0
52
25
19
3
34
31
68
27
0
0
0
7
11
4
3
8
0
33
28
4
72
27
0
64
5
9
39
50
34
64
0
44
0
0
0
5
73
17
12
0
85
0
0
0
0
0
0
8
68
2
10
2
56
0
0
5
0
0
0
0
14
1
0
2
11
61
0
0
0
0
0
51
83
0
12
11
3
29
0
0
0
