34
15
5
24
20
30
39
11
7
9
9
13
7
11
24
15
13
11
13
17
9
19
11
24
9
11
15
17
7
13
13
42
17
36
60
7
28
38
15
21
15
26
78
30
15
21
34
21
36
15
13
28
7
30
44
17
24
40
24
21
42
43
19
15
15
23
15
13
26
13
13
32
36
9
7
9
5
7
5
11
9
13
7
1
7
5
11
17
9
13
7
21
13
15
11
11
13
5
9
5
7
19
13
15
7
5
5
3
11
5
15
9
11
11
16
15
19
17
7
13
15
11
9
15
19
9
9
13
19
9
19
1
15
13
13
11
11
9
3
28
24
17
15
11
16
11
1
11
13
21
19
24
3
17
3
3
15
15
5
26
11
7
11
9
26
13
3
13
13
13
7
13
7
15
17
13
23
20
26
26
11
9
17
13
15
40
13
39
17
53
11
15
15
32
38
28
41
40
28
11
11
24
21
13
36
41
24
22
17
17
24
11
26
17
42
17
19
15
30
28
30
13
26
85
32
17
19
32
38
32
30
30
30
24
13
38
45
15
40
11
19
19
22
19
15
9
17
26
15
9
17
15
22
17
11
28
24
17
20
19
11
21
21
21
15
9
9
15
30
24
5
9
28
38
9
17
22
15
19
15
11
23
17
17
21
25
9
3
