2
6
23
2
2
8
6
21
6
23
2
2
4
2
0
2
0
4
0
12
4
8
0
2
2
2
8
6
2
2
2
25
4
2
2
0
4
2
14
0
43
4
0
59
2
0
6
0
2
4
4
4
2
6
25
2
5
2
2
2
6
6
2
2
2
4
2
6
6
8
12
6
0
10
0
4
2
2
0
6
2
17
2
2
6
4
2
2
0
5
6
0
4
4
4
4
4
2
25
2
6
2
6
8
6
6
17
2
6
0
0
4
6
25
4
2
4
12
6
6
4
8
0
4
8
6
31
0
2
2
2
5
2
8
8
2
2
12
0
9
0
11
4
2
2
6
4
4
0
2
2
0
6
8
6
6
6
2
4
15
6
4
2
10
6
4
0
4
2
8
8
2
8
10
2
10
6
4
7
2
0
6
10
4
21
2
4
0
21
2
8
6
4
2
2
8
4
4
0
2
22
2
6
10
6
2
0
0
6
2
0
4
4
4
2
0
23
6
2
4
10
8
8
2
5
10
8
6
22
6
8
0
13
2
6
2
18
6
2
4
0
8
0
2
2
10
8
2
6
7
6
6
6
0
0
2
62
2
6
14
8
22
0
2
10
2
2
0
0
8
6
4
2
70
4
0
0
10
7
27
12
2
6
4
0
6
2
2
