6
6
6
6
7
6
4
6
6
6
7
5
4
5
4
5
5
7
6
8
7
8
5
9
5
5
4
6
7
6
6
5
8
6
8
6
6
5
7
6
8
6
6
5
6
6
4
4
6
5
8
7
5
7
6
6
5
7
6
6
5
6
6
5
6
5
7
5
7
7
6
6
5
6
6
6
7
4
5
6
5
8
4
5
6
7
8
5
9
6
4
6
8
5
7
7
5
6
3
6
6
7
6
5
6
5
5
4
6
6
6
7
5
5
7
6
6
6
7
6
6
6
6
6
7
5
4
7
7
7
6
5
7
4
6
4
7
7
7
6
6
9
6
8
6
6
6
8
6
4
5
5
6
6
6
5
5
8
5
5
6
6
6
8
8
6
6
7
5
5
6
4
6
6
4
5
3
6
6
6
6
8
7
6
6
8
8
5
6
7
5
5
6
6
4
6
5
5
6
5
4
7
7
7
5
7
5
6
6
7
6
7
7
8
6
9
6
7
9
6
8
6
8
6
7
6
8
6
6
6
8
5
5
6
4
6
6
5
4
7
9
6
5
5
5
6
8
6
4
5
5
5
6
6
5
3
5
6
7
6
4
8
6
6
4
6
6
8
8
6
8
7
4
5
6
4
6
5
6
7
7
7
6
5
8
6
6
7
