0
1
5
1
0
3
1
28
3
0
0
9
1
1
1
1
1
7
39
0
0
0
5
5
1
0
0
0
5
0
1
0
3
0
3
0
5
5
3
3
1
3
3
1
3
0
0
0
0
3
0
44
0
0
5
0
5
0
1
1
0
3
1
0
1
0
3
1
1
0
0
1
0
1
3
0
20
1
1
1
5
1
1
1
0
3
5
1
0
5
1
1
5
42
3
3
3
7
5
7
0
5
1
0
1
0
1
2
1
3
0
1
3
7
3
0
4
0
1
3
8
1
0
0
1
3
5
1
1
0
3
3
0
5
1
5
3
0
1
1
1
1
3
1
5
0
0
1
0
0
1
1
3
1
0
41
3
5
3
3
1
0
1
3
3
10
1
0
1
3
1
0
3
1
3
13
0
3
10
1
0
1
0
0
3
0
2
3
0
4
1
1
1
1
0
1
0
1
3
0
0
31
3
1
0
1
7
1
0
5
1
3
0
0
3
3
3
0
3
10
1
1
1
1
0
1
1
3
3
1
1
1
3
1
3
8
3
6
0
3
63
1
1
3
1
3
5
1
8
5
0
1
1
0
3
1
1
0
1
1
0
0
1
0
6
1
26
1
3
3
3
3
3
7
3
5
3
6
5
0
1
0
1
3
7
1
0
5
