2
2
2
2
6
2
2
4
6
4
4
16
6
6
4
6
6
8
4
10
6
4
4
6
4
8
4
2
6
2
6
6
4
4
8
2
8
8
10
4
4
8
2
2
4
4
6
2
6
6
6
4
4
8
0
6
6
4
4
6
8
6
6
4
8
2
4
6
4
6
2
10
6
8
4
4
10
2
8
10
4
8
6
4
6
10
4
6
6
6
4
2
2
6
6
6
8
8
12
8
6
4
10
6
6
8
10
10
8
10
6
8
4
10
8
8
10
18
10
8
14
6
8
14
8
10
8
12
8
4
8
12
6
8
10
4
8
4
6
6
6
8
8
6
4
10
4
12
8
8
10
8
10
8
6
10
6
6
8
2
6
8
4
8
8
10
6
4
8
8
4
6
8
14
6
8
6
4
8
6
12
6
6
6
10
10
8
8
6
8
4
4
12
6
4
8
4
4
8
6
12
2
2
2
37
4
4
4
2
8
6
6
0
8
2
4
2
4
2
4
4
6
4
4
2
4
2
6
4
2
4
4
0
2
2
6
4
4
6
0
2
4
4
6
2
6
2
0
2
2
2
0
2
2
4
2
6
0
0
6
4
0
4
2
2
6
2
2
4
6
2
4
6
6
2
4
29
4
2
2
6
2
2
6
16
4
4
4
