8
4
4
4
4
6
6
4
4
8
4
8
6
14
6
4
7
25
10
4
4
5
10
4
8
6
6
6
4
6
13
4
14
4
6
2
6
4
4
2
6
0
4
2
6
4
12
4
6
2
6
13
4
4
2
6
4
6
8
9
18
4
8
9
6
4
6
8
11
12
8
12
11
10
10
8
6
8
6
8
6
5
23
16
6
6
8
6
4
8
6
4
12
6
6
11
18
14
10
4
17
2
9
8
4
6
12
6
8
7
6
6
8
2
19
4
8
4
4
8
4
4
6
4
6
12
10
4
9
2
6
12
6
16
14
17
10
16
9
6
6
10
23
16
10
14
6
6
8
8
8
12
8
8
8
6
10
14
10
8
8
4
10
18
8
10
8
8
4
14
12
6
4
4
10
8
8
12
5
10
4
4
10
4
8
6
2
8
8
12
6
4
12
6
4
6
4
5
8
6
2
6
12
14
8
4
4
4
6
6
10
16
6
6
12
4
8
19
6
10
19
4
4
12
12
10
4
6
16
2
6
2
8
14
2
14
4
2
12
21
4
6
6
10
4
4
6
4
2
25
6
4
2
12
8
10
10
11
4
6
4
8
10
8
8
2
6
6
4
8
6
4
6
2
2
0
6
2
8
8
7
2
8
4
8
2
8
4
