0
0
0
0
0
0
0
2
3
43
55
44
35
33
0
0
0
0
0
4
23
38
56
0
43
43
0
0
0
0
0
0
35
24
70
34
30
22
0
0
0
0
2
22
2
30
22
51
73
39
39
28
0
0
0
0
34
31
0
39
24
0
24
32
0
0
0
0
30
29
2
33
30
27
23
23
30
0
0
16
29
23
23
39
31
26
10
26
26
29
0
0
19
27
26
30
18
23
25
30
86
18
0
0
19
24
17
25
23
32
18
30
28
0
0
0
27
20
30
25
34
21
48
29
0
35
0
16
4
30
48
8
0
30
24
40
0
0
0
22
21
24
28
0
45
2
26
31
0
0
0
0
24
31
30
35
33
28
20
22
39
0
0
0
22
23
22
45
32
22
19
22
24
0
0
5
23
18
23
34
0
0
40
20
19
22
0
18
15
22
23
32
21
29
27
26
0
0
0
6
28
38
28
2
21
2
28
0
0
0
0
0
15
24
36
38
25
29
24
33
0
0
0
14
0
20
31
26
28
25
23
0
18
0
0
0
16
15
25
29
5
20
36
27
25
25
0
0
16
19
24
0
24
38
23
26
55
0
2
0
29
8
25
42
77
45
23
0
0
0
0
5
37
26
28
67
28
21
0
0
0
0
0
0
0
46
0
38
