12
10
10
6
6
12
14
12
8
8
12
10
14
6
10
4
8
4
6
2
6
10
8
10
10
8
10
12
6
4
8
8
16
8
8
8
10
10
12
8
10
4
6
6
16
8
8
10
4
10
8
10
8
6
4
12
10
10
14
14
10
10
6
6
8
8
8
10
12
10
10
14
16
12
4
8
8
2
8
6
4
12
6
6
10
12
8
8
6
8
14
6
10
14
8
8
8
10
8
10
8
10
12
12
10
14
8
0
8
8
6
12
0
8
14
8
6
6
10
6
8
14
8
4
10
8
6
2
12
10
14
8
8
10
10
10
6
6
4
6
8
4
16
6
6
8
6
12
2
2
8
6
8
4
14
6
12
8
8
2
6
10
2
6
4
12
14
8
14
12
10
12
4
8
6
10
6
8
12
4
10
10
8
14
8
4
8
4
8
8
10
10
12
6
12
14
8
8
8
8
8
10
6
14
8
8
6
8
4
8
8
8
10
10
6
6
6
10
12
10
8
4
6
8
8
12
6
10
8
10
10
6
10
4
6
6
10
10
8
2
4
10
4
10
8
4
8
2
8
6
2
4
6
8
10
8
8
6
8
8
6
8
8
10
2
6
14
4
8
8
4
8
8
8
8
8
8
10
12
6
6
8
10
10
8
4
12
6
