16
17
19
14
18
17
18
17
17
15
18
18
18
17
18
18
17
17
16
16
17
18
17
18
17
18
18
17
16
18
17
17
17
17
18
18
17
18
17
18
18
18
18
18
14
17
18
14
18
18
18
17
18
15
17
17
18
17
18
18
17
17
14
17
15
14
12
16
18
18
14
17
16
17
17
13
17
17
18
17
18
14
16
16
16
14
15
17
15
18
17
16
18
16
17
12
17
13
17
18
18
16
13
15
16
16
18
15
18
13
18
18
16
17
16
15
16
17
18
16
17
17
16
15
15
15
15
13
17
16
17
15
14
18
17
16
17
18
14
18
14
16
15
16
13
15
17
11
18
16
17
13
15
18
15
15
16
15
15
16
17
18
18
18
18
15
14
13
17
16
15
18
13
18
18
18
17
18
13
10
16
13
16
15
18
13
10
17
18
16
16
11
17
17
15
18
15
14
17
16
15
15
17
16
17
17
17
18
15
17
18
15
16
16
16
16
18
16
18
16
18
13
16
16
17
16
17
18
15
17
14
15
17
17
18
16
17
12
18
17
17
18
16
14
17
15
17
17
16
16
16
16
17
16
17
16
18
15
18
11
18
15
15
13
17
17
18
18
18
18
16
18
17
17
18
14
18
18
15
16
16
18
16
16
17
18
15
15
