2
8
8
2
0
8
2
6
2
6
6
6
4
15
4
6
0
4
6
4
4
2
11
2
6
6
2
6
2
4
11
10
12
6
4
8
2
2
4
15
2
11
4
8
9
12
8
0
0
12
4
4
5
6
7
8
6
2
4
4
4
0
6
4
6
2
10
8
2
2
6
2
2
11
2
6
10
4
6
2
4
8
12
4
2
4
2
12
8
0
2
4
8
2
6
2
2
2
2
4
6
17
4
4
4
2
10
6
2
20
10
0
2
4
12
2
4
4
15
2
0
2
2
4
10
4
6
8
2
6
4
4
6
8
4
2
4
16
8
4
4
5
2
4
2
4
8
6
8
6
2
8
2
6
10
6
6
8
0
6
6
6
4
6
4
8
6
4
2
4
2
11
8
4
4
17
8
8
10
6
6
4
4
4
12
6
8
6
2
6
2
4
4
5
8
2
8
2
8
8
6
6
6
0
15
11
7
6
6
6
2
6
13
6
8
2
11
9
2
0
2
8
2
4
8
6
4
6
6
6
10
8
6
0
6
2
6
6
2
4
8
6
6
4
8
8
7
8
4
2
4
5
2
4
4
7
6
2
6
4
7
10
4
2
20
8
5
8
6
2
6
8
4
4
4
6
6
4
4
2
4
2
8
6
4
6
2
6
