89
37
13
9
37
35
0
0
0
0
0
2
2
94
21
24
26
50
0
0
0
0
0
1
0
0
19
32
46
6
53
29
55
0
0
54
31
68
0
3
23
0
0
0
0
0
0
0
0
0
23
43
88
45
66
0
0
0
0
0
2
0
0
40
38
56
23
20
34
12
45
2
0
0
2
22
0
0
6
0
28
0
0
0
85
1
2
42
59
90
0
0
0
0
0
0
87
42
22
42
16
25
0
0
0
0
0
26
46
29
0
23
0
46
0
0
0
0
0
2
79
38
30
27
25
1
14
0
0
0
0
0
2
27
13
40
19
62
56
0
0
0
0
0
0
0
41
21
20
28
25
3
68
0
0
2
0
0
20
23
23
25
32
29
0
33
0
34
56
10
22
31
17
2
44
0
0
0
0
3
33
3
0
31
6
17
63
0
0
0
0
0
5
0
2
28
27
2
38
36
32
2
0
0
43
1
50
32
87
29
0
0
0
0
0
0
0
0
55
13
49
47
7
0
17
0
0
0
99
38
34
34
31
43
0
0
0
0
0
0
0
0
0
0
0
0
0
0
0
0
0
3
3
3
62
0
2
56
29
17
0
46
70
5
0
35
42
55
0
0
3
0
0
0
1
1
0
0
0
2
16
0
0
0
0
2
2
0
