11
11
9
11
8
11
11
7
9
8
11
7
9
13
10
11
9
11
13
9
9
11
13
11
9
9
9
9
5
11
11
11
11
11
11
11
11
9
9
11
9
9
11
11
11
11
7
11
13
9
11
11
11
11
13
11
11
9
11
11
9
11
8
9
11
9
9
11
9
10
9
9
9
9
9
9
11
11
9
9
11
9
5
11
11
11
9
11
11
9
9
9
11
7
9
9
11
11
11
11
9
11
11
13
11
7
7
7
7
11
11
13
11
11
11
11
11
9
11
11
11
11
9
9
9
9
13
11
9
9
9
11
11
13
11
9
11
9
11
11
11
9
9
11
11
11
11
9
10
9
9
11
9
9
7
9
7
13
10
11
9
9
9
13
11
9
9
13
11
11
9
7
13
9
11
11
11
11
11
11
13
11
11
11
11
13
11
9
9
11
11
11
13
11
10
11
8
11
13
11
9
9
11
11
11
7
11
11
11
11
7
12
10
11
9
13
9
11
11
13
11
9
11
11
11
9
11
11
11
11
11
9
11
11
11
9
11
11
11
9
11
9
9
11
9
11
13
9
9
9
9
9
11
7
11
11
13
9
11
7
10
9
7
9
11
8
11
11
11
11
7
9
9
11
13
13
9
11
11
9
9
7
11
9
9
9
11
9
