17
13
47
26
6
39
8
4
8
6
8
6
2
14
11
4
6
8
8
28
8
14
4
10
6
10
4
4
3
4
6
8
2
4
33
4
6
8
4
6
4
4
2
28
8
8
7
2
6
34
42
4
8
39
4
14
8
2
4
19
6
2
2
0
50
8
6
10
8
4
10
4
2
4
4
34
10
4
8
6
29
8
10
12
8
4
6
8
4
40
4
17
8
10
10
6
6
6
6
8
4
6
13
4
8
11
4
6
6
12
38
64
10
12
8
8
6
2
8
45
6
23
18
11
53
13
13
12
8
6
36
29
7
14
10
9
6
6
4
6
8
6
4
10
2
4
6
13
4
4
2
13
9
6
4
4
10
8
10
36
50
2
4
6
37
2
8
0
6
57
4
4
37
4
31
10
6
6
6
4
31
6
4
4
8
6
4
6
8
4
27
10
4
17
6
8
10
4
29
8
4
6
8
17
10
10
13
14
8
6
6
4
4
25
8
8
4
43
8
25
6
12
6
6
4
4
8
6
4
6
6
6
50
4
6
6
6
4
9
9
62
9
66
6
6
31
10
54
8
9
2
4
10
2
4
31
4
10
4
31
7
31
12
10
6
4
9
11
13
5
9
8
8
6
12
6
6
21
6
43
8
6
6
8
42
35
8
15
