2
2
2
2
4
2
6
2
2
4
2
4
0
6
4
6
4
4
4
2
4
6
2
6
4
8
4
4
6
2
4
2
6
0
2
2
2
2
2
2
0
2
6
2
0
4
2
4
2
4
2
6
4
2
2
2
2
0
0
2
4
0
2
2
2
0
4
2
4
4
6
4
2
2
2
4
4
2
8
4
2
2
0
0
2
2
0
4
2
0
6
2
2
9
4
4
2
4
6
2
4
6
0
6
6
2
0
2
2
2
2
2
0
0
12
4
5
6
4
4
4
4
10
14
6
6
2
2
2
2
2
2
2
2
2
2
2
0
2
11
6
12
7
6
2
0
0
0
0
4
2
2
0
2
6
2
4
4
2
6
6
4
3
2
2
6
2
4
2
2
0
0
2
2
4
6
2
2
2
6
2
2
6
4
2
6
0
2
4
2
2
2
0
2
4
2
2
0
2
4
4
4
4
6
4
2
2
6
4
12
2
4
6
2
4
2
4
2
2
4
22
2
4
4
0
2
4
2
13
6
4
4
4
4
2
2
2
0
4
2
0
2
0
2
0
0
2
2
2
2
2
8
4
4
6
4
4
4
2
8
0
2
4
4
2
2
4
0
2
2
6
2
2
0
2
0
8
4
4
4
4
4
2
4
4
6
2
4
