10
21
33
21
27
26
16
20
23
20
27
20
20
33
26
17
25
26
24
16
36
29
25
24
26
24
26
30
25
26
31
25
33
25
24
18
17
19
20
20
20
18
24
22
24
31
25
18
18
26
19
17
28
25
25
23
28
16
16
24
20
18
21
18
23
17
27
14
23
21
30
22
24
14
24
28
14
23
28
21
24
24
27
14
30
22
21
29
22
26
25
22
23
24
17
15
28
18
25
16
18
21
21
24
22
22
24
22
21
19
15
22
20
26
20
21
13
24
17
18
24
20
23
31
24
18
18
20
23
18
25
29
29
18
26
26
14
21
19
18
17
27
25
18
26
15
26
20
20
19
30
23
11
21
24
25
20
27
19
22
26
18
19
12
24
25
31
19
29
29
24
31
24
24
21
27
15
20
24
23
25
17
22
19
16
16
23
21
26
16
27
39
21
21
26
24
23
21
23
25
31
20
21
22
19
20
22
29
19
24
27
24
31
24
28
27
26
18
27
22
26
18
21
20
23
23
25
21
23
20
31
16
23
35
19
19
18
24
31
26
32
27
22
33
26
25
21
28
19
15
20
20
21
23
26
22
24
24
25
12
27
24
30
25
28
14
28
21
29
18
19
21
30
27
23
24
25
23
24
27
19
29
22
21
30
16
31
26
