20
10
8
18
10
14
10
4
14
6
31
18
37
6
12
14
14
10
14
8
10
14
6
8
14
12
14
12
23
6
6
4
19
6
6
10
22
4
4
14
10
8
12
8
4
15
12
18
4
4
6
2
13
4
8
4
8
11
6
8
6
8
2
8
4
6
2
12
27
19
4
18
12
8
6
4
6
4
8
12
6
12
10
6
12
6
18
4
8
6
6
6
10
10
12
8
2
14
10
6
8
6
12
8
16
14
10
10
20
16
7
4
10
20
10
12
18
6
8
8
10
6
16
12
8
6
14
4
8
10
10
10
8
14
6
18
16
10
18
8
8
16
6
16
12
10
16
4
8
8
18
26
16
22
16
6
20
12
6
12
6
10
2
10
10
12
14
15
27
14
12
14
20
20
12
6
17
25
10
12
6
10
16
4
12
14
14
27
22
12
16
15
4
27
8
25
16
20
14
12
10
17
16
22
14
12
4
6
8
6
12
8
16
8
12
12
6
12
6
14
14
4
10
4
18
10
6
2
2
4
10
8
10
14
4
6
14
7
8
14
10
10
8
6
2
8
4
6
8
18
8
0
16
4
6
12
2
8
4
2
4
4
6
4
4
6
2
12
4
0
10
4
6
2
6
0
4
2
2
0
2
0
2
2
6
0
2
2
