9
10
21
10
10
24
25
24
13
15
17
9
10
11
19
6
21
11
17
15
13
11
22
14
19
13
10
8
11
6
8
8
10
9
13
7
17
9
4
10
26
8
4
10
6
5
13
21
7
4
9
4
4
17
4
11
4
13
19
4
2
8
9
7
6
9
25
6
4
11
26
15
13
47
15
6
6
13
19
19
7
20
9
13
11
10
10
30
6
13
9
10
15
17
15
17
19
15
21
13
31
17
36
13
11
21
26
8
12
6
9
26
13
15
17
19
24
22
17
15
13
17
19
19
11
19
15
34
24
24
12
11
21
6
8
21
54
17
7
15
23
31
23
4
29
13
36
9
13
23
19
17
18
22
19
24
9
34
26
34
8
21
8
19
21
15
9
9
18
6
45
17
9
32
17
40
18
9
13
19
25
9
28
17
8
4
11
9
21
5
17
8
13
17
7
6
12
6
6
6
20
14
4
20
13
7
6
25
6
6
4
4
7
6
8
8
9
2
8
11
2
4
8
2
6
11
4
4
9
6
7
10
6
8
15
11
11
17
11
9
6
4
11
6
4
8
15
6
9
13
10
0
13
6
4
4
6
6
0
4
0
0
4
0
0
6
2
2
4
2
2
3
0
2
2
6
0
2
0
0
4
2
2
6
0
4
4
2
