24
30
46
44
20
46
23
24
22
50
25
40
45
52
24
21
20
19
23
30
43
19
25
43
15
48
39
23
46
30
19
18
25
21
21
25
23
18
29
31
14
16
26
42
23
50
29
52
26
52
25
6
14
24
19
68
20
21
13
48
15
44
17
22
26
17
34
14
34
27
15
33
30
62
56
48
22
22
56
34
19
22
50
41
29
52
51
17
24
17
26
48
44
30
30
20
23
19
50
45
25
20
16
47
30
28
17
22
17
48
19
14
26
14
65
30
35
22
36
51
34
19
48
21
17
57
19
54
36
20
20
22
44
17
24
12
6
24
40
42
19
42
27
35
25
25
18
21
45
20
18
22
17
23
17
21
14
25
7
44
11
27
38
12
26
54
19
21
27
26
25
48
25
59
15
15
31
46
32
19
59
22
32
43
53
52
20
21
24
44
34
21
23
48
33
17
20
17
19
50
40
46
54
38
59
19
20
22
19
14
22
33
19
24
25
26
15
20
24
30
55
20
18
20
29
20
21
25
34
13
13
13
24
23
19
14
33
26
22
21
57
31
14
18
53
9
19
14
21
16
18
25
21
17
40
23
18
34
54
38
18
16
30
28
12
16
20
24
23
10
65
48
13
11
19
17
21
15
29
66
22
14
39
25
22
21
65
12
