7
8
9
13
9
10
5
4
9
12
5
12
7
7
11
9
5
8
5
9
1
5
10
5
10
5
8
7
7
11
13
4
10
5
7
6
13
5
2
9
5
6
7
5
5
11
6
12
9
10
20
13
7
14
11
6
7
8
9
2
11
5
11
7
8
6
9
5
6
9
7
8
11
13
5
9
6
5
5
11
11
6
10
9
9
7
10
13
10
7
8
9
11
10
7
9
7
7
3
7
5
12
5
9
8
7
10
12
9
5
9
7
11
7
10
11
10
9
7
13
7
8
11
5
11
7
10
7
5
8
10
3
6
14
8
6
7
6
7
7
7
11
10
10
8
8
2
7
12
5
11
5
5
6
5
8
13
8
5
5
13
5
6
11
5
9
7
9
7
12
9
12
9
9
6
10
14
10
7
8
10
7
11
14
8
13
13
6
3
10
9
9
5
8
5
3
5
7
5
9
5
8
12
13
10
7
9
10
5
8
6
10
8
7
10
19
11
7
16
19
7
5
7
12
7
7
11
8
11
4
7
15
7
5
9
7
10
6
11
17
5
10
30
7
8
10
7
9
11
10
3
7
7
12
11
7
9
9
8
7
15
8
7
18
7
7
8
8
10
11
9
10
9
11
9
9
10
14
9
7
8
3
9
10
7
13
14
14
