44
44
61
2
8
2
28
94
0
31
30
6
0
0
3
5
2
36
24
39
0
22
2
18
0
40
2
54
85
39
36
0
2
22
2
28
0
84
2
60
0
0
0
0
2
4
45
11
4
7
3
45
0
13
16
2
0
27
0
0
29
0
2
0
2
40
3
0
0
0
2
39
0
15
2
0
70
13
0
1
0
0
0
18
11
0
82
0
0
4
18
18
0
37
48
23
0
0
7
34
5
14
3
0
2
2
3
6
65
36
41
34
52
30
22
33
0
0
2
2
20
2
2
0
24
48
2
0
41
0
17
2
2
23
75
18
2
67
16
30
1
26
30
4
1
51
0
1
1
0
2
0
31
2
0
0
2
0
4
0
2
0
2
1
0
9
5
0
0
0
2
67
0
0
4
26
5
0
2
3
0
2
30
0
2
4
2
0
2
0
4
13
2
0
0
0
32
30
2
2
21
43
0
0
0
25
7
2
57
39
0
2
0
5
24
12
0
0
0
15
2
20
2
4
4
2
0
3
0
0
12
2
24
6
0
33
0
31
1
2
0
0
11
7
0
3
1
16
0
2
2
8
13
6
3
13
0
5
0
0
2
3
2
2
0
0
2
0
0
0
0
0
0
2
2
0
2
0
2
0
0
4
0
0
33
0
0
0
