35
26
33
32
39
29
21
35
31
35
37
34
25
33
6
21
37
39
21
31
37
29
36
41
31
41
39
39
39
2
37
37
39
30
29
42
33
35
41
21
42
41
51
31
33
27
37
41
41
33
47
29
40
39
39
41
31
35
37
17
35
33
37
39
43
39
47
39
42
27
45
33
17
37
34
37
41
37
40
31
39
39
41
41
43
39
35
35
39
39
38
41
42
37
39
39
35
41
47
35
45
42
28
35
31
31
31
38
38
41
29
23
35
37
25
41
19
29
31
38
31
37
39
2
0
29
33
37
17
39
33
37
37
27
31
6
31
27
38
27
39
40
37
0
14
43
37
45
39
33
12
33
42
37
24
23
38
41
2
23
39
4
41
2
2
28
27
23
43
43
39
39
39
49
29
39
31
41
25
31
37
39
47
37
19
35
39
39
19
25
19
6
40
28
35
39
35
27
22
27
37
41
36
41
17
38
38
31
28
43
24
34
35
23
27
37
32
39
33
17
27
25
23
26
17
4
33
30
25
6
24
31
39
35
33
33
31
2
31
31
37
41
34
35
55
19
4
37
35
35
35
37
21
31
27
35
31
29
33
32
33
38
40
35
35
26
4
39
25
35
35
39
33
49
35
37
33
42
27
32
31
40
36
21
31
27
39
41
