19
13
24
17
30
23
25
19
9
46
21
21
19
29
33
23
40
29
32
17
13
44
9
21
50
23
21
36
28
33
35
5
34
19
13
29
9
21
21
33
50
23
13
33
9
52
42
32
23
21
25
62
17
17
23
17
11
50
25
33
19
15
25
42
32
25
23
29
29
13
32
31
13
27
13
48
44
25
17
36
38
19
32
19
13
36
25
62
48
30
38
17
15
50
54
27
77
9
29
19
40
27
27
11
31
46
15
15
59
11
31
15
15
7
46
27
3
3
9
9
5
11
19
13
13
7
3
7
17
7
17
13
5
7
13
23
21
7
21
11
7
15
15
7
5
9
11
25
19
25
11
17
9
5
11
7
13
9
9
27
5
13
21
11
17
15
11
21
13
11
15
3
9
15
15
9
13
7
11
9
21
7
15
15
5
9
19
7
11
5
7
15
15
11
21
15
13
25
9
13
13
9
19
5
7
25
11
5
15
11
11
15
21
17
11
15
5
5
11
11
11
13
7
15
5
11
5
15
11
15
11
11
5
21
7
15
7
46
17
17
11
13
29
15
13
5
9
11
5
33
11
11
19
13
9
17
21
15
21
22
9
15
7
9
9
7
3
5
7
23
9
31
11
24
33
3
9
21
23
7
11
11
13
5
11
11
11
7
