4
1
4
1
8
1
2
2
3
2
2
11
6
2
6
4
8
4
3
5
3
8
6
5
4
3
3
5
8
4
2
1
7
1
6
3
5
1
4
5
2
0
3
11
7
8
11
0
10
5
4
9
7
11
2
11
5
3
6
7
2
3
8
9
3
1
8
7
3
3
8
0
7
4
6
7
10
2
2
1
9
4
8
10
4
9
8
5
3
7
9
5
3
4
14
10
9
10
2
3
13
8
2
8
4
3
8
9
4
13
12
5
4
5
6
7
5
4
7
5
3
5
6
11
3
0
3
2
3
3
3
4
2
7
5
2
6
1
0
8
5
1
0
2
5
0
2
6
1
1
2
2
3
3
4
3
2
0
8
6
3
4
3
4
2
3
3
1
5
6
5
5
1
3
3
3
2
3
3
2
1
2
12
2
4
6
6
3
5
2
1
0
2
1
3
3
3
1
1
1
3
3
10
4
2
1
2
4
1
1
2
3
2
3
2
1
5
2
8
0
5
0
4
4
4
1
1
1
10
11
5
2
5
1
1
2
5
3
13
3
2
6
5
10
5
1
2
5
10
4
7
5
0
2
8
3
3
2
3
1
3
3
4
7
6
7
5
6
7
2
5
2
4
3
1
3
1
1
2
6
7
5
2
6
2
3
2
1
