9
53
3
1
42
8
9
7
6
0
5
4
0
3
3
38
2
0
2
5
0
98
0
5
68
0
2
64
0
0
0
7
4
35
7
2
63
0
0
34
31
0
3
7
2
0
0
0
75
0
0
0
4
4
0
0
3
57
2
85
2
6
43
11
2
2
0
0
9
55
0
0
0
4
3
41
3
4
77
2
0
85
0
0
5
4
0
3
0
5
7
6
0
67
13
0
2
3
2
27
50
43
2
45
3
58
0
98
9
0
2
29
2
48
67
2
10
68
7
7
87
2
9
55
3
2
42
2
0
3
0
2
0
2
22
36
14
13
19
40
0
22
82
2
0
56
12
18
36
2
22
46
2
23
33
30
0
3
25
36
37
30
37
42
35
22
32
55
13
5
3
2
0
29
55
0
63
30
2
70
0
2
33
0
6
19
22
37
42
20
0
0
0
19
41
20
3
30
43
28
14
28
60
36
62
2
2
22
36
3
0
66
3
9
61
0
2
24
32
36
37
41
35
43
7
21
46
71
0
2
6
2
19
0
47
16
18
2
46
32
50
32
26
17
33
19
1
11
2
60
55
23
1
19
19
18
33
0
24
46
52
27
29
66
0
23
18
0
18
3
28
17
2
36
26
27
2
27
26
2
34
0
14
6
19
43
7
24
