5
1
3
4
3
5
0
0
1
1
1
3
0
3
1
5
5
36
1
3
1
1
3
7
5
28
1
3
1
1
0
5
5
1
3
0
1
1
0
3
1
1
9
1
1
0
1
3
6
1
1
1
1
3
1
3
0
3
3
3
3
9
26
3
0
1
3
3
3
3
5
0
3
1
3
3
5
0
3
0
3
10
0
5
0
3
16
3
14
1
0
0
3
3
1
1
0
3
12
1
1
1
1
3
0
1
1
27
0
0
7
3
5
35
0
5
5
0
5
1
0
0
1
5
3
1
1
1
3
3
1
1
0
5
5
1
1
1
3
4
1
5
3
3
3
0
7
3
37
5
3
3
25
3
1
3
1
1
0
0
3
0
3
0
0
11
0
1
27
1
1
1
36
1
0
3
0
0
1
0
0
1
3
1
3
1
0
36
1
7
1
0
1
1
3
1
1
1
1
4
0
1
3
0
0
1
3
3
1
1
3
6
3
1
3
1
1
0
1
1
0
3
1
1
0
0
1
1
0
3
1
37
1
3
0
0
1
1
3
1
1
3
0
0
1
1
3
3
0
1
3
0
1
1
6
1
1
0
3
1
0
3
0
0
3
0
3
1
0
3
1
3
1
0
1
3
18
1
1
18
1
3
4
1
3
25
0
3
