17
15
19
17
19
17
19
17
19
19
17
17
15
17
19
19
17
19
17
17
17
17
19
18
17
16
19
19
16
16
22
15
19
19
19
16
19
19
19
16
19
16
19
15
17
14
17
18
17
17
17
16
16
15
19
17
19
16
17
19
16
19
17
17
16
15
16
17
19
19
17
17
16
21
17
14
19
16
17
17
17
17
17
16
15
19
19
16
18
14
14
15
17
17
15
16
15
19
16
17
17
16
16
15
17
19
16
15
16
19
19
17
15
16
19
19
19
17
19
14
16
19
17
17
21
17
17
17
16
19
17
16
17
19
19
17
16
15
17
15
17
17
19
17
19
19
17
16
15
16
15
17
16
17
17
17
19
17
14
14
19
19
19
19
17
17
17
15
19
17
15
16
17
17
17
17
17
17
15
17
19
15
19
17
15
19
17
19
17
16
15
17
17
17
17
17
17
15
19
19
17
14
15
19
15
19
16
15
17
19
19
17
19
19
17
17
17
17
15
19
16
17
19
17
16
17
17
16
19
17
17
19
17
17
19
19
17
19
17
17
19
15
21
23
13
19
19
23
19
21
17
19
19
19
15
21
13
17
15
15
21
19
14
15
17
19
15
17
17
21
15
15
21
17
17
17
19
17
13
21
15
17
17
17
17
17
17
19
