2
6
2
3
4
3
5
2
2
0
4
4
4
4
4
17
2
4
13
17
2
0
4
0
4
0
4
6
5
21
2
4
4
4
4
2
4
4
8
8
0
15
6
6
4
4
8
4
2
4
4
4
4
0
5
17
2
0
4
5
2
3
2
4
2
9
4
5
6
5
2
5
4
8
2
3
2
4
6
2
4
2
3
5
4
17
4
6
14
4
4
4
4
4
2
4
3
5
5
5
3
4
5
0
5
2
4
2
8
2
5
5
2
4
0
4
4
15
2
6
2
0
5
2
0
4
2
3
7
4
2
2
4
2
2
4
5
4
4
4
0
2
2
2
2
5
3
4
6
0
13
5
2
2
5
2
4
8
4
2
0
5
5
5
5
3
3
4
4
0
0
2
0
3
5
2
5
4
2
5
4
5
3
2
14
0
5
2
4
0
3
5
0
5
5
4
0
3
5
4
5
2
5
8
14
5
2
4
6
2
5
8
5
6
6
4
4
2
6
0
14
2
2
4
5
0
2
4
2
5
13
5
4
4
27
4
2
4
5
5
0
5
2
2
4
5
5
6
5
5
8
4
2
5
10
4
2
4
5
3
4
5
7
3
5
6
3
2
4
6
5
2
3
2
2
2
7
4
5
4
5
2
2
2
5
2
2
4
