18
19
18
18
18
18
19
18
18
18
18
18
17
18
17
18
18
18
18
19
17
18
19
18
18
18
19
18
17
17
18
18
18
16
18
18
18
19
18
19
18
18
18
17
19
19
18
18
18
18
18
18
18
18
18
18
19
18
18
18
18
19
18
18
19
19
18
18
19
18
18
18
19
19
18
16
18
19
18
18
18
19
19
19
18
19
19
19
18
18
18
19
19
19
17
19
18
19
18
18
18
19
17
19
19
18
19
19
17
19
17
18
19
18
18
18
18
18
18
18
18
18
18
18
18
18
18
18
18
18
18
18
18
18
19
18
18
18
18
18
18
18
18
19
17
18
18
18
18
18
18
17
18
18
18
18
18
17
17
18
18
18
19
18
17
18
17
19
18
18
18
18
18
17
18
18
19
18
17
17
18
18
19
18
17
18
18
18
18
18
19
18
18
19
18
18
18
18
18
18
18
18
18
18
18
19
18
18
18
18
18
18
18
18
18
18
18
18
19
18
18
18
18
18
18
19
18
19
12
12
12
11
17
17
18
18
18
17
12
17
15
18
17
17
11
16
15
16
15
18
18
18
18
18
18
18
18
18
17
17
16
18
18
18
18
18
18
18
17
18
18
17
17
18
17
17
18
18
18
17
18
17
11
18
18
18
18
18
