4
0
2
4
0
13
2
4
2
4
11
3
0
0
4
4
2
4
2
5
8
4
4
4
2
6
2
11
50
2
53
2
9
3
59
4
6
53
2
4
4
4
6
4
14
4
2
4
0
8
6
2
4
0
4
26
0
2
58
2
5
2
0
4
4
2
4
8
2
6
2
4
5
4
2
2
5
4
3
0
2
3
2
6
5
0
4
6
4
6
43
4
2
6
2
0
6
4
2
4
4
4
0
4
0
7
4
4
2
2
13
2
2
2
4
2
4
2
4
4
6
5
5
15
15
23
4
2
5
16
3
2
2
5
2
8
53
0
9
4
5
5
2
4
6
40
2
2
4
4
2
2
6
10
4
4
4
2
2
4
6
29
3
2
32
5
0
4
7
4
6
2
4
4
2
4
2
5
3
17
2
2
2
4
2
5
4
0
2
4
46
2
4
2
4
2
4
0
18
4
2
0
53
2
2
7
4
14
0
4
2
2
2
4
3
8
4
4
4
2
2
0
4
4
8
2
2
5
4
2
2
2
4
2
7
38
2
5
3
6
5
0
12
5
4
8
5
31
39
7
4
2
0
2
5
4
3
4
2
7
50
4
2
2
6
6
4
7
0
2
25
6
2
0
40
6
9
4
2
5
6
4
0
2
2
0
4
5
