8
12
15
10
12
2
4
4
2
14
14
6
8
2
10
12
6
8
10
10
8
6
8
6
10
10
8
12
8
25
6
14
12
14
8
6
10
4
16
18
10
6
4
6
10
6
4
8
12
6
10
4
16
8
6
12
10
6
8
14
37
2
8
8
14
6
12
12
8
14
16
16
8
10
18
14
8
8
6
16
4
10
6
12
12
8
10
6
19
15
6
0
10
4
4
10
10
14
19
6
4
10
4
6
33
10
10
10
6
10
8
14
8
10
12
2
16
12
12
18
8
4
10
14
12
23
4
14
10
8
6
12
10
12
16
10
18
2
14
6
6
6
6
19
19
23
14
10
12
8
14
8
6
18
18
12
25
6
12
23
12
10
16
14
12
6
8
14
25
8
12
19
6
8
8
8
18
10
10
14
16
25
10
6
10
12
14
12
14
25
12
14
8
15
16
6
10
16
12
17
18
10
12
8
14
19
12
6
25
8
4
16
12
16
12
10
10
16
8
10
8
8
23
16
4
35
10
18
12
16
8
12
10
19
21
21
23
12
8
6
4
15
10
12
12
8
8
6
12
8
14
12
12
10
12
14
10
10
16
4
12
14
16
10
19
12
2
8
10
10
8
8
12
18
10
6
25
6
2
6
4
10
6
16
10
16
8
4
