36
39
42
42
38
37
45
27
23
43
37
50
45
42
45
30
47
45
50
44
27
33
41
30
56
56
52
56
42
59
39
25
53
54
56
54
53
59
40
66
37
41
40
39
27
45
40
36
49
54
58
23
51
23
51
52
43
63
60
55
56
55
60
43
46
49
48
42
51
32
35
37
55
43
45
50
46
57
52
41
64
58
47
45
53
60
50
50
41
43
53
58
27
40
40
41
54
30
47
49
47
38
47
58
48
52
58
35
54
46
65
27
31
56
54
34
29
42
36
38
42
53
55
47
53
35
47
40
28
36
28
52
45
41
37
47
32
54
28
41
56
58
67
51
52
61
36
33
61
30
54
52
51
55
56
63
58
45
51
48
35
41
50
47
64
55
50
48
57
43
35
27
48
44
40
50
43
35
59
58
31
61
59
56
36
44
62
47
45
32
52
58
43
35
43
27
49
65
34
56
39
50
56
45
31
53
43
35
46
56
42
55
52
54
62
62
43
56
62
37
59
58
27
48
41
42
45
51
57
56
34
37
52
56
44
45
57
43
60
38
29
29
27
46
53
40
31
49
56
31
40
48
32
51
58
36
52
67
54
60
40
35
28
54
46
48
53
42
38
60
48
35
35
59
58
63
61
27
37
42
47
65
63
51
41
23
34
30
