11
5
9
11
13
9
9
5
7
11
9
5
5
9
4
5
7
9
7
5
5
19
9
9
9
15
3
15
4
7
7
11
7
13
11
15
9
2
13
7
5
15
7
13
11
5
13
4
11
21
9
7
4
9
5
9
11
13
5
9
4
5
5
11
9
11
17
11
11
7
11
11
5
5
15
19
7
15
11
15
15
15
9
11
15
7
9
9
21
11
7
7
21
23
33
9
11
13
13
13
5
5
7
11
9
19
9
5
21
5
17
13
25
19
4
15
23
23
7
3
11
13
9
7
7
9
11
11
7
4
9
9
5
5
21
7
7
5
3
9
13
11
11
5
13
9
9
7
9
9
11
5
7
3
9
7
9
21
9
5
19
15
3
9
7
7
9
9
5
5
7
11
15
9
4
15
11
7
15
5
2
15
7
5
35
4
5
5
7
13
23
11
13
11
5
19
13
19
15
23
9
9
5
7
17
11
7
21
13
17
25
7
9
15
21
13
7
21
7
13
7
17
11
5
9
27
19
13
11
9
11
4
5
19
5
13
19
15
9
21
11
3
13
9
13
13
11
23
13
15
4
17
17
5
9
11
5
15
13
13
17
13
15
15
21
9
9
9
9
13
11
23
21
9
11
13
15
9
21
7
9
23
7
11
7
4
5
7
