17
17
17
19
19
17
19
17
16
15
19
19
17
17
17
17
19
17
17
17
17
19
19
19
17
17
15
19
19
17
19
15
17
17
19
19
19
19
17
19
19
17
19
17
17
17
19
17
17
17
17
17
19
17
17
15
17
17
17
19
17
17
19
17
19
15
17
15
19
19
17
19
19
19
17
17
19
17
17
19
15
15
17
17
15
19
19
19
19
17
17
19
19
19
17
17
17
17
19
19
17
17
17
17
15
19
19
19
15
17
17
15
16
17
17
17
17
17
19
19
17
17
17
15
19
17
15
17
17
17
17
17
19
9
17
19
19
19
19
19
17
17
19
19
17
17
19
19
17
17
15
17
19
17
17
15
19
19
19
19
15
19
17
17
17
17
19
17
19
15
17
17
17
15
15
17
19
19
17
17
17
17
17
19
17
17
17
19
17
17
15
17
19
17
17
17
14
19
17
17
19
17
15
17
15
19
19
17
15
17
17
17
17
19
17
19
17
15
17
17
17
17
17
17
17
17
19
11
17
17
17
17
15
17
17
19
19
17
19
17
19
17
17
17
17
17
17
15
15
19
19
15
17
19
19
15
17
19
19
19
17
17
19
15
17
19
17
17
17
16
15
17
17
15
15
19
15
19
19
17
19
17
19
19
15
17
17
19
