18
12
8
10
21
8
15
10
8
12
12
12
6
8
12
6
6
10
18
12
6
10
12
6
6
12
6
10
14
25
14
6
12
8
8
14
8
12
8
6
22
12
10
14
12
12
12
10
12
8
12
8
12
14
12
14
6
10
16
16
19
10
10
19
12
12
10
27
8
12
12
14
35
10
21
25
12
12
12
8
19
10
29
16
12
31
18
6
8
16
6
8
8
8
8
16
12
20
21
20
8
10
8
8
18
4
6
8
6
6
14
14
8
8
12
10
8
12
23
16
16
10
14
12
12
23
12
14
16
25
8
10
16
22
12
16
8
16
14
8
8
10
6
16
12
16
4
10
8
10
8
10
14
10
10
8
18
25
10
14
14
12
10
14
4
8
14
12
8
17
14
12
8
6
6
18
22
14
22
8
14
6
10
16
14
20
12
4
4
23
4
12
8
20
25
10
8
8
14
18
8
8
10
18
16
6
16
27
10
14
10
21
12
12
8
16
6
21
21
18
12
6
20
14
21
18
23
19
12
10
21
14
14
6
20
16
14
23
10
12
14
14
6
10
18
6
20
10
12
16
8
19
4
6
2
6
8
21
10
8
18
6
14
16
12
8
8
10
8
10
10
12
4
8
12
12
8
14
6
6
8
8
6
12
8
14
8
8
