6
5
5
14
5
4
3
3
16
5
1
12
3
6
7
3
5
4
1
6
1
1
5
7
5
11
6
15
5
0
3
1
6
3
7
3
4
7
5
1
6
5
7
1
9
8
1
5
1
1
3
5
3
1
8
5
3
3
18
3
8
5
6
6
6
5
7
4
10
5
7
9
5
10
7
5
3
6
4
10
5
12
5
7
3
3
5
5
1
3
8
3
7
7
6
3
5
5
3
3
4
3
3
6
3
8
3
3
3
8
5
3
3
9
3
6
6
5
5
5
6
11
13
5
4
5
5
6
5
5
3
7
4
5
8
12
3
4
5
3
0
5
3
6
8
1
6
3
8
5
12
6
6
3
5
8
13
5
7
9
8
3
5
4
1
12
1
5
7
12
8
3
14
1
5
3
1
6
1
5
5
3
8
5
10
3
3
3
1
5
5
5
6
3
7
5
5
3
8
8
5
6
5
6
14
5
5
5
5
3
10
3
5
16
3
3
3
5
8
5
5
7
6
14
1
4
6
5
4
5
8
5
1
5
7
4
13
13
9
5
5
1
1
1
7
6
3
5
1
3
5
13
6
3
11
3
5
5
8
3
8
3
1
7
14
5
5
5
1
5
3
3
5
3
7
7
1
6
5
12
6
3
8
5
3
5
4
13
