2
1
0
19
3
3
5
0
3
3
5
4
4
1
2
1
2
7
4
1
6
3
17
1
5
1
0
7
1
4
3
15
3
0
1
2
4
4
4
1
3
3
0
3
2
1
4
7
0
1
0
2
2
2
19
17
2
0
3
1
17
3
0
3
0
2
5
0
6
5
4
2
2
0
2
2
5
9
5
1
3
13
2
5
5
2
2
5
5
5
3
0
3
0
2
2
0
2
0
3
5
3
3
2
2
4
1
3
0
15
3
4
13
1
1
4
4
4
0
0
1
2
5
4
5
1
3
2
4
5
0
2
1
2
3
17
1
2
1
7
15
2
2
2
7
2
5
1
3
0
4
2
5
5
2
4
0
11
2
3
0
2
0
1
0
4
0
0
4
2
3
5
5
7
2
1
0
3
2
6
0
2
0
1
4
7
5
4
3
2
2
0
5
0
2
2
0
0
5
11
3
0
0
2
6
5
43
4
0
7
3
17
2
5
2
0
5
27
7
1
1
0
5
3
6
4
5
4
3
7
0
2
1
2
2
0
2
1
7
5
7
0
4
4
2
4
2
2
1
3
13
0
2
2
2
7
2
2
2
13
1
0
5
1
2
0
3
5
0
1
2
1
17
15
3
5
5
0
2
0
13
0
0
4
0
29
6
2
