6
4
8
4
2
2
4
2
2
4
2
6
2
2
2
2
2
6
6
8
4
2
4
2
4
2
2
6
4
2
6
2
4
2
8
4
7
0
0
2
2
0
2
0
0
2
2
2
2
4
6
6
2
2
9
6
4
4
2
2
0
4
0
2
4
2
4
2
4
8
7
4
2
4
2
4
4
6
6
2
0
4
4
2
2
8
8
2
6
2
4
2
2
4
4
4
2
0
4
2
2
0
2
0
0
2
2
6
0
8
0
2
2
2
4
8
4
2
5
11
4
4
6
2
8
2
4
2
4
8
6
7
6
2
2
4
8
4
12
6
5
2
2
7
7
9
5
4
7
6
3
4
8
6
4
6
4
7
4
4
4
8
4
4
4
13
6
11
2
0
2
0
0
0
0
2
2
6
6
8
4
7
4
4
6
5
6
2
4
4
4
4
4
2
2
4
4
6
5
4
0
2
2
2
4
6
4
2
4
6
4
10
6
6
6
4
4
8
4
8
4
4
6
0
2
4
4
4
7
4
2
6
4
6
2
2
4
2
4
2
2
4
4
8
0
2
0
4
4
4
0
4
7
4
2
4
6
2
2
2
4
2
4
4
5
4
6
4
4
2
4
8
2
6
6
4
4
4
4
4
4
6
4
4
4
8
4
2
