13
7
5
7
7
13
5
19
3
11
9
9
11
7
3
5
7
5
7
9
9
3
5
11
7
7
7
5
9
13
5
7
5
1
11
5
7
7
5
3
9
1
7
11
21
5
11
5
9
5
9
11
5
5
15
5
21
13
13
3
3
11
7
15
17
3
11
18
9
13
7
9
15
9
9
5
9
5
11
15
15
13
7
7
7
7
15
13
3
7
15
9
7
13
1
11
15
9
3
9
0
9
19
3
9
7
9
9
9
34
7
17
26
9
17
7
19
7
23
11
3
11
13
9
11
9
13
11
7
7
11
15
9
9
11
9
7
9
9
11
13
9
13
9
5
17
6
15
9
11
11
11
9
13
11
17
5
27
15
11
15
15
13
11
3
11
5
15
5
15
7
7
13
5
17
7
7
17
16
19
11
21
13
9
9
13
13
17
7
7
19
11
21
13
5
19
3
17
9
7
5
11
11
11
15
7
17
9
7
11
7
7
11
13
17
3
21
11
13
7
9
13
15
21
11
9
7
5
5
7
9
5
5
9
13
9
5
13
11
9
11
15
11
9
19
5
7
5
9
11
7
7
13
13
3
21
5
7
5
5
5
7
7
3
3
11
5
7
11
11
9
5
17
7
11
7
17
7
9
13
7
7
9
38
7
12
13
5
