11
12
7
10
4
3
9
9
12
3
26
10
11
10
18
9
7
11
7
24
14
10
14
8
11
15
9
6
26
12
7
11
11
7
10
22
39
12
10
7
6
13
6
13
5
26
9
19
11
12
2
8
14
9
11
11
13
13
14
15
15
24
12
9
10
11
12
15
15
16
10
8
14
10
23
5
9
10
8
7
7
8
14
13
11
15
13
13
6
13
8
17
12
12
24
24
13
11
21
6
6
6
10
17
7
9
12
11
27
12
26
10
8
6
8
6
10
7
15
9
12
10
13
7
9
9
9
13
11
11
12
11
14
13
9
49
10
6
8
8
9
8
9
9
8
9
11
9
10
9
9
8
12
9
11
10
11
12
12
13
11
0
31
13
7
24
7
4
10
4
8
11
11
13
7
7
7
3
4
8
9
6
8
5
6
10
14
5
8
10
8
4
5
4
8
13
4
3
8
8
0
0
0
0
0
0
0
0
0
0
0
0
0
0
0
0
0
0
0
0
0
0
0
0
0
0
0
0
0
0
0
0
0
0
0
0
0
0
0
0
0
0
0
0
0
0
0
0
0
0
0
0
0
0
0
0
0
0
0
0
0
0
0
0
0
0
0
0
0
0
0
0
0
0
0
0
0
0
0
0
0
0
0
0
0
0
0
0
