0
0
5
0
0
0
2
2
2
2
4
2
0
6
3
0
2
4
5
2
4
2
2
24
2
2
2
2
0
2
0
2
2
0
2
0
21
2
0
0
2
0
2
2
32
0
2
2
2
2
0
4
23
0
0
2
0
48
0
0
2
4
2
0
2
0
0
28
0
0
68
0
2
45
0
5
2
33
2
0
39
0
2
22
2
0
22
0
5
2
2
2
28
2
0
47
2
0
63
0
0
4
3
4
23
4
47
2
2
4
0
0
2
0
5
2
21
6
2
28
2
0
0
2
58
2
2
34
0
0
4
2
4
33
2
0
23
3
3
2
0
0
0
2
2
23
2
2
0
2
0
6
6
9
4
0
4
4
0
30
0
2
28
2
2
45
2
0
26
4
0
24
0
2
25
0
0
2
5
2
25
6
4
2
0
0
2
2
2
9
0
0
0
0
6
0
2
2
4
0
2
0
2
4
21
0
7
2
4
2
2
0
2
2
3
37
5
6
2
2
0
0
0
0
2
5
2
2
0
0
19
2
5
0
2
0
6
6
4
17
0
0
5
2
0
29
0
4
40
4
4
5
2
0
2
24
2
2
24
4
4
4
3
0
46
2
4
45
0
2
2
6
2
5
2
2
0
0
2
5
47
2
0
4
3
3
2
2
