17
10
8
2
8
4
0
0
6
0
4
4
2
0
0
2
2
2
0
0
2
0
2
0
8
2
2
0
0
2
2
0
0
0
6
2
2
0
2
6
0
0
8
2
4
2
10
0
2
6
10
0
0
0
15
2
2
2
2
2
2
0
10
0
0
12
2
2
4
0
2
0
0
0
0
2
2
6
0
4
0
4
0
2
12
0
2
2
6
2
6
0
4
0
2
0
6
2
0
4
0
0
2
0
2
2
6
6
2
2
2
4
8
2
8
6
14
4
0
0
2
2
0
2
2
2
2
2
2
12
4
0
2
4
0
10
2
8
6
2
4
0
0
0
6
2
0
10
4
10
8
2
8
0
15
14
2
6
0
12
12
2
2
2
12
4
2
6
4
0
2
12
4
0
0
2
0
4
12
2
4
0
6
2
6
14
0
6
2
0
15
8
0
2
2
2
0
2
0
4
6
6
4
6
4
12
19
15
4
2
4
4
4
8
6
2
6
0
12
8
2
33
2
0
4
8
0
0
7
4
2
0
6
2
4
0
0
4
2
0
0
2
0
8
0
2
2
2
0
0
0
10
8
0
2
0
0
6
0
0
0
10
0
0
2
2
0
0
0
2
0
6
14
0
6
10
4
0
4
0
0
2
6
2
0
0
0
4
