2
10
7
37
6
5
5
21
2
59
3
20
12
7
5
36
7
4
7
3
41
5
5
3
3
2
61
2
2
5
3
4
4
4
3
5
3
7
30
5
3
3
3
3
5
5
3
3
3
35
6
4
2
3
3
2
4
7
2
5
5
2
6
7
7
2
2
2
46
3
5
4
3
5
4
50
3
3
5
7
23
5
3
3
3
5
3
7
3
6
3
29
6
3
6
2
2
7
3
5
7
3
2
22
3
3
3
5
3
3
2
4
2
7
3
5
4
3
3
2
4
5
3
2
2
3
5
5
7
6
4
45
3
2
4
12
4
5
3
3
7
3
2
42
6
4
5
7
5
5
3
3
3
3
4
41
5
3
5
5
4
3
4
4
5
5
7
32
7
2
2
6
5
4
10
8
5
3
6
3
3
55
3
2
25
1
5
13
3
3
6
3
5
3
3
56
4
5
8
38
1
5
3
7
2
41
5
3
25
5
31
6
3
4
7
3
3
7
3
4
5
3
2
6
5
5
5
3
8
5
3
29
5
10
7
3
2
7
54
5
10
7
5
6
36
3
5
4
5
3
5
3
2
18
3
3
5
3
3
5
2
3
9
3
5
5
2
0
0
0
2
0
0
0
0
0
0
0
0
0
0
0
2
0
0
0
0
0
