8
6
8
6
8
4
4
4
6
4
8
8
6
6
10
14
8
4
6
4
4
6
4
6
2
4
10
11
14
4
6
12
10
6
6
9
8
6
4
4
6
2
6
6
4
6
4
12
4
8
59
0
0
0
2
2
2
0
2
0
2
0
6
2
0
2
0
2
0
4
2
0
0
4
2
2
2
2
2
4
0
2
2
0
2
0
0
2
6
4
4
2
2
2
2
2
2
0
2
4
0
4
2
0
0
0
2
2
0
0
2
6
0
0
4
6
4
2
2
4
2
2
4
2
0
0
2
2
4
2
2
4
2
2
0
2
2
2
2
0
2
4
2
2
4
2
4
2
0
0
0
2
4
4
4
2
0
6
4
2
2
4
2
7
0
4
4
0
2
2
2
2
4
4
0
0
2
2
2
4
0
4
0
0
4
0
0
4
0
2
0
4
0
15
0
2
0
6
0
2
2
0
0
0
2
0
0
0
4
2
2
0
2
0
2
2
0
2
2
2
2
2
2
2
2
4
2
2
2
2
2
0
2
0
2
2
4
2
2
4
0
2
2
2
4
4
2
4
0
2
4
2
2
2
4
2
4
0
0
2
2
0
11
0
2
0
0
4
0
0
2
2
2
2
0
0
2
2
2
2
0
2
2
0
0
2
2
0
