3
25
1
0
1
1
7
0
1
0
0
1
1
1
0
28
0
1
11
1
0
5
1
3
15
4
5
1
1
1
0
1
2
1
0
0
1
0
7
5
5
5
0
0
1
0
0
4
5
0
0
3
0
1
0
0
1
0
1
0
0
7
3
0
0
1
19
1
22
2
18
1
4
3
0
3
3
4
14
8
12
1
0
22
1
3
88
1
0
6
0
1
23
0
0
4
0
1
1
5
3
0
13
65
8
13
1
1
1
0
0
0
0
2
1
22
16
3
1
8
29
49
1
0
12
1
0
11
20
10
13
1
3
1
16
3
3
15
6
16
1
2
7
3
5
20
0
0
3
5
3
8
18
1
3
0
8
0
5
1
11
3
20
1
10
18
1
3
3
1
1
1
4
17
2
4
0
5
1
1
3
5
1
1
1
1
3
1
3
3
0
16
43
6
3
1
18
0
3
1
16
5
0
2
0
2
0
1
0
30
3
0
5
1
1
0
3
7
4
22
19
4
1
21
1
21
0
3
1
2
0
1
0
0
12
3
1
1
3
1
0
0
0
1
4
2
1
2
0
1
1
3
3
3
0
7
0
5
0
16
0
3
0
1
1
0
0
3
3
4
3
10
3
0
0
1
0
1
1
18
3
14
1
0
4
1
0
1
