1
6
1
27
1
1
3
5
1
1
2
0
1
1
1
1
1
5
1
41
1
2
1
1
4
1
37
0
1
1
1
1
0
1
1
1
1
1
3
1
10
1
20
1
3
4
1
0
3
4
1
4
1
0
1
79
5
1
0
2
3
58
1
0
6
3
1
0
2
1
1
1
0
0
42
0
2
1
0
6
4
3
72
3
2
1
0
0
3
75
0
1
1
83
1
0
1
0
0
1
1
82
1
0
0
1
69
1
0
1
78
1
1
1
1
1
0
83
1
1
0
0
1
4
0
1
0
46
1
0
1
5
1
4
70
1
1
3
0
6
0
0
0
4
1
3
3
61
4
1
4
0
3
1
1
0
78
1
1
1
1
0
71
1
1
1
0
1
4
1
2
79
0
1
1
0
1
1
1
3
1
0
3
1
66
5
1
0
1
1
3
6
4
1
3
1
1
79
1
3
5
1
4
1
6
70
3
1
4
1
43
0
1
1
1
81
1
7
1
4
0
2
0
0
1
4
3
2
1
3
79
3
0
4
0
6
6
1
0
3
1
1
1
1
3
3
3
0
3
1
1
83
1
1
2
0
1
1
43
3
82
1
1
2
1
1
1
1
62
1
3
1
0
1
4
82
0
8
3
80
1
1
0
1
5
41
1
0
