27
31
6
23
13
14
35
25
26
28
23
20
27
28
39
25
30
17
24
23
23
26
22
11
29
17
22
14
23
20
35
26
20
18
28
46
14
17
29
25
21
17
20
25
24
27
21
18
23
23
27
33
26
17
28
33
26
19
19
25
21
18
22
18
35
29
25
8
23
13
49
23
9
13
14
22
17
23
30
33
45
39
18
24
20
17
39
29
30
32
25
27
24
34
21
24
16
30
18
18
15
27
23
11
28
17
24
15
17
21
25
23
20
31
19
19
21
22
30
27
23
20
29
28
23
12
28
20
35
21
27
35
27
30
25
29
20
19
24
20
21
19
24
29
24
33
22
24
20
21
23
27
27
32
28
20
24
35
25
12
22
17
28
15
28
24
20
31
24
22
22
30
24
20
14
19
33
28
15
21
27
28
29
22
26
32
25
34
22
35
22
24
29
39
30
26
28
30
44
21
27
28
8
22
15
32
28
29
28
28
30
20
22
21
16
16
30
26
20
20
23
15
18
15
15
24
17
34
21
29
34
20
20
17
32
29
23
26
9
11
14
17
14
35
30
25
17
26
25
20
32
26
25
26
14
25
10
12
14
15
16
30
17
8
9
11
12
18
21
26
9
10
31
12
23
19
16
12
25
21
26
22
23
17
9
12
27
25
