8
8
4
6
7
6
4
7
7
7
5
4
6
8
11
6
7
15
5
4
7
8
7
8
6
13
9
11
7
9
4
13
12
7
8
7
11
4
11
9
9
6
10
7
7
11
10
11
4
11
6
11
7
11
18
5
11
7
4
13
9
9
8
6
2
11
8
11
9
2
8
12
10
4
6
7
5
4
9
9
7
11
6
8
4
9
5
8
4
8
6
3
4
8
8
4
8
4
4
4
9
6
8
7
8
7
8
6
6
10
11
11
7
10
5
4
11
7
11
10
2
8
9
7
7
6
9
4
4
6
9
40
9
11
7
7
7
8
11
13
5
5
6
4
8
11
7
9
9
5
7
9
3
7
6
8
4
7
11
22
9
13
6
17
11
5
6
6
10
4
4
11
4
6
6
11
7
9
5
7
10
8
9
6
7
5
11
7
9
6
7
6
8
7
10
3
5
7
4
7
7
7
11
9
11
11
6
11
10
4
11
9
5
5
6
11
15
11
6
12
4
9
6
7
12
7
6
6
10
5
11
9
9
7
12
9
5
7
11
7
7
5
3
4
12
4
7
18
7
8
6
7
7
5
6
8
6
11
5
7
5
5
6
8
7
6
6
15
8
2
15
9
5
9
11
4
9
11
6
19
12
6
9
5
7
6
6
4
