32
25
37
40
26
30
35
23
42
58
22
30
35
53
37
38
50
27
37
40
26
36
31
27
44
66
25
27
68
28
26
62
39
34
24
64
26
48
20
36
52
40
29
67
26
31
38
29
50
69
35
33
37
30
24
26
20
49
55
37
31
23
41
40
41
14
23
23
32
50
56
55
34
29
31
66
12
57
39
40
28
40
59
31
42
17
27
50
19
72
35
40
37
22
51
24
72
60
60
34
22
25
18
42
37
31
61
37
46
42
44
19
19
53
46
42
27
18
63
57
28
41
23
22
54
30
31
58
27
56
26
18
18
56
43
57
60
36
16
22
43
21
35
37
26
23
40
40
38
25
21
38
14
27
19
26
23
37
21
25
37
33
25
26
26
17
37
51
14
45
44
23
26
39
16
30
40
23
24
27
36
40
38
34
22
50
35
26
56
27
25
38
25
15
25
18
19
22
26
25
27
19
27
24
17
40
25
29
29
26
41
28
22
32
65
41
58
17
39
25
46
41
19
29
25
27
29
16
29
39
31
39
40
21
23
24
25
29
37
15
40
24
39
52
24
30
37
27
54
19
28
26
26
21
37
46
17
28
34
20
37
24
24
26
25
18
35
28
22
37
37
30
23
42
15
29
45
25
27
24
24
26
27
25
24
22
25
30
