17
27
8
17
8
8
13
21
19
8
14
10
21
25
15
8
13
19
15
15
12
10
10
12
12
15
10
10
12
19
19
19
10
13
15
25
12
13
13
13
12
19
10
10
15
10
12
14
15
12
10
10
10
12
35
13
10
12
14
8
15
29
14
10
19
19
15
14
10
13
17
21
12
13
10
10
17
25
15
19
19
21
21
12
14
12
10
17
27
14
14
13
35
19
17
15
25
15
27
17
23
14
27
23
33
15
29
23
23
27
10
19
17
10
12
23
10
15
17
13
27
12
14
33
17
17
23
19
15
23
25
23
17
17
13
15
21
15
12
17
23
23
33
23
17
17
19
23
19
21
15
27
17
23
23
23
21
23
31
21
19
29
17
21
29
15
23
10
35
14
42
19
13
25
35
29
13
33
23
15
38
21
13
15
34
17
10
10
33
19
38
25
31
13
10
27
25
13
21
15
19
17
10
19
21
15
12
17
8
27
21
13
19
15
21
25
17
19
12
13
13
15
23
21
17
13
21
19
25
23
15
32
17
23
17
21
33
8
15
23
17
23
15
37
13
10
17
25
31
11
13
29
12
12
8
8
17
17
15
17
19
13
15
27
21
23
35
13
17
19
21
25
25
25
29
17
17
31
19
15
13
15
15
23
15
21
31
21
