19
17
16
17
17
13
17
15
16
15
16
14
17
17
16
18
15
17
21
20
16
16
15
14
20
14
16
18
16
14
17
18
16
18
16
16
18
19
16
20
16
15
16
20
16
18
16
17
15
13
18
16
15
16
19
20
17
19
18
17
17
17
13
16
19
15
16
17
16
18
15
16
14
18
14
19
18
11
16
16
19
10
14
12
17
20
17
15
13
16
18
17
15
12
15
18
16
15
17
14
16
16
17
13
21
15
19
18
16
14
17
19
17
16
19
17
14
19
15
15
16
15
18
17
17
18
18
14
16
13
22
16
17
19
18
16
15
9
17
19
18
16
16
17
15
17
9
15
17
16
17
17
14
16
16
15
17
18
17
17
16
15
16
17
17
15
19
18
18
17
16
16
17
16
16
20
19
17
15
17
15
16
22
16
16
17
17
16
15
15
16
17
15
16
18
12
18
17
14
17
19
16
18
21
17
16
16
19
15
19
18
20
17
14
18
19
16
12
12
18
16
14
17
13
15
20
14
17
13
19
13
17
17
15
16
15
21
19
15
18
18
16
20
14
16
14
19
16
15
15
15
20
16
15
15
13
16
17
16
15
16
19
19
15
16
14
15
18
16
14
16
19
17
16
19
15
14
18
17
17
17
18
19
16
17
20
18
16
