2
2
2
2
2
0
2
6
4
2
11
4
2
0
0
0
0
2
2
6
2
0
2
2
2
2
3
2
0
2
2
0
2
2
0
4
9
0
2
5
0
0
0
0
2
4
7
2
0
2
5
2
3
2
0
4
0
2
0
4
0
7
2
6
3
7
3
3
2
2
2
2
4
1
2
0
4
5
0
0
2
0
0
4
11
0
3
5
3
0
2
2
7
2
0
0
2
7
4
5
2
4
6
11
8
1
4
0
4
4
5
5
2
4
5
8
2
0
5
3
6
8
8
9
2
4
2
5
3
2
4
13
13
3
2
0
6
4
0
0
3
3
5
4
4
2
4
4
4
2
3
2
4
4
4
0
4
13
3
2
0
6
2
4
2
2
0
2
3
2
6
7
7
16
0
4
6
5
4
4
4
4
2
3
2
0
2
13
8
2
7
12
0
0
0
2
8
4
6
4
2
4
3
4
2
0
2
5
4
5
2
2
2
4
0
2
2
2
2
2
1
2
4
0
6
2
0
1
2
0
2
2
2
6
0
2
5
2
2
0
2
0
2
2
0
7
4
19
4
0
2
0
0
5
2
5
2
2
2
6
2
4
6
0
2
5
2
0
1
0
2
0
6
2
0
5
3
2
0
5
2
0
2
2
4
2
2
2
