17
28
14
9
17
11
10
41
11
32
26
24
21
12
22
14
21
26
11
19
16
18
26
31
19
0
16
3
18
12
30
26
22
19
36
15
16
28
33
29
22
18
13
6
19
56
20
10
6
23
23
14
26
13
14
21
12
25
26
21
22
6
11
31
7
17
8
12
11
5
17
16
16
18
24
21
22
54
36
23
19
7
13
28
21
25
25
17
72
25
0
17
18
47
29
36
25
12
23
18
20
28
21
28
11
24
16
17
23
44
22
20
26
42
10
13
10
13
16
20
10
12
9
13
61
9
13
25
13
26
14
25
9
27
29
24
17
16
24
19
32
18
9
18
14
18
20
35
40
12
17
18
36
17
23
19
20
31
30
2
17
26
20
22
12
25
31
17
16
35
21
15
12
8
29
19
15
15
18
5
20
11
15
45
11
56
16
21
23
21
15
28
15
0
32
31
22
45
35
26
18
12
20
31
13
13
11
21
22
17
23
10
11
8
17
7
8
12
6
25
7
11
5
20
9
15
13
17
11
22
63
6
14
9
20
9
9
10
49
13
40
14
20
14
6
10
44
21
20
11
20
16
8
8
10
7
6
16
17
16
11
15
12
19
17
8
9
25
31
25
18
14
19
25
13
29
3
9
23
33
19
22
27
20
17
13
15
2
