2
2
2
2
2
2
0
5
6
2
0
0
2
0
0
0
0
0
2
6
0
4
2
0
0
2
2
0
0
0
0
0
0
2
0
0
2
0
0
4
2
0
2
0
2
4
0
2
0
0
2
0
2
0
0
2
0
2
8
4
0
4
0
2
0
0
2
0
4
0
0
0
0
2
2
0
2
0
0
0
0
2
2
0
2
2
2
2
0
2
2
2
0
2
4
2
0
2
2
0
2
2
0
6
0
2
0
2
0
0
4
2
2
6
0
4
2
4
0
4
0
0
2
0
4
2
2
2
0
0
0
2
8
4
0
6
4
4
4
0
2
2
9
0
2
0
2
2
0
0
2
0
2
0
0
0
6
2
0
2
0
4
2
2
0
2
2
2
2
2
4
11
0
4
0
0
0
0
6
2
4
0
0
0
0
0
0
0
0
2
0
2
2
0
2
6
2
4
0
0
2
2
2
2
0
4
4
0
4
0
0
2
0
4
2
0
4
0
0
0
0
2
0
0
0
2
2
4
0
0
2
0
0
0
0
0
0
0
0
0
2
0
2
2
2
2
4
2
0
4
0
0
12
0
2
2
0
2
4
2
0
0
0
0
0
2
2
0
0
2
0
0
0
2
0
0
0
2
0
0
0
0
0
0
0
2
0
2
