2
2
3
0
3
2
0
2
0
2
0
2
0
2
2
0
0
0
0
0
3
0
0
2
0
0
0
0
1
0
4
2
0
2
0
4
0
4
2
2
5
2
2
2
0
0
0
5
0
1
2
0
2
2
2
2
7
0
0
2
0
2
2
2
0
2
2
2
2
5
0
0
4
2
2
0
4
0
2
2
4
2
3
2
4
1
0
3
5
2
0
2
3
2
4
2
2
4
4
0
1
5
3
4
4
4
4
2
4
2
2
2
2
6
2
2
1
2
2
2
5
5
0
4
3
2
7
0
4
0
4
2
3
2
4
0
3
3
3
4
0
2
4
2
0
5
0
5
0
1
2
4
0
0
4
1
6
0
3
1
1
2
10
2
0
4
2
4
6
2
2
2
2
0
1
4
2
3
5
2
0
1
0
2
0
0
0
0
0
2
0
5
2
2
2
2
2
0
2
0
2
2
4
4
4
2
0
4
6
1
2
0
0
4
6
0
2
0
2
0
1
4
2
0
2
2
1
0
0
2
2
0
1
2
4
0
2
2
0
0
0
2
3
3
2
0
0
3
2
0
0
0
0
0
0
0
0
3
4
2
0
1
3
0
0
0
1
2
2
1
2
0
0
2
3
7
4
2
2
2
0
2
5
2
2
2
1
2
