2
0
2
0
0
1
0
0
0
4
0
0
0
2
0
4
0
0
0
2
2
0
2
4
2
0
3
0
2
0
4
2
0
0
2
3
5
2
2
0
2
4
7
4
2
5
2
2
0
0
2
2
0
12
0
0
4
3
4
3
4
0
2
2
0
2
4
2
0
0
4
2
4
2
0
0
0
2
2
4
2
0
0
2
2
2
2
2
0
2
4
0
0
0
0
3
2
0
0
2
0
0
0
2
4
0
2
0
8
6
0
1
0
2
2
0
0
2
0
2
0
2
2
0
0
2
3
0
0
4
0
0
0
0
4
0
2
0
2
2
2
2
2
4
0
5
0
0
0
0
0
2
0
0
2
4
0
5
6
4
0
1
2
2
5
2
7
4
2
2
0
4
0
0
2
2
2
0
8
2
2
4
0
2
0
0
0
2
2
4
0
2
2
0
0
0
2
2
0
2
4
4
0
4
2
0
0
0
3
2
0
2
2
0
2
2
0
4
9
1
9
2
0
7
2
2
0
0
2
0
2
0
2
2
0
0
3
2
2
0
0
2
3
0
0
4
0
0
0
2
0
0
0
0
0
2
0
0
0
4
0
2
3
2
4
0
0
2
2
2
0
4
2
0
0
0
0
4
0
0
2
0
0
2
4
0
9
1
