14
14
25
12
23
12
8
12
19
21
19
10
10
8
29
19
10
10
14
8
16
15
16
16
20
10
25
14
8
4
10
6
6
4
10
18
23
8
12
14
16
25
8
18
6
17
8
14
14
2
8
8
2
4
6
6
6
12
8
6
8
8
2
8
18
2
29
33
8
12
4
10
21
8
12
2
10
23
10
19
13
8
14
18
8
14
10
10
6
21
18
10
8
21
16
16
14
12
12
4
14
14
14
8
14
16
10
8
16
12
14
8
23
8
12
12
16
14
10
12
10
8
16
10
16
16
14
14
16
12
18
14
14
10
14
16
19
12
14
18
18
10
10
8
21
14
23
14
10
15
14
4
17
12
10
8
21
19
15
16
16
17
14
16
18
25
16
17
15
16
25
12
14
6
23
14
19
14
21
10
8
41
4
23
16
18
14
6
16
33
14
23
6
21
15
21
19
23
12
19
4
8
23
43
31
18
15
39
27
23
10
16
17
18
10
17
25
18
19
14
18
4
16
19
17
10
8
12
14
6
6
10
6
12
8
16
14
14
16
8
10
4
2
6
8
6
10
8
16
6
10
15
10
6
6
6
2
14
2
6
0
8
4
4
0
2
4
4
6
17
0
4
4
0
10
2
4
4
2
12
2
0
4
2
0
4
0
6
