11
14
13
34
13
11
28
9
11
9
31
15
15
16
16
22
22
11
7
24
26
25
46
16
16
23
25
26
9
13
18
23
10
7
26
19
7
22
13
20
7
13
15
19
11
21
13
41
24
20
16
9
9
7
18
18
20
16
13
16
21
6
17
5
16
22
10
18
6
7
42
31
7
5
11
11
22
15
24
13
29
21
15
11
17
5
4
5
11
7
7
4
19
48
40
31
19
7
19
7
13
24
7
16
11
27
32
18
26
9
9
18
20
4
20
11
46
9
7
28
24
27
9
10
20
11
17
17
2
16
19
15
24
40
5
13
9
17
66
19
28
4
9
11
23
32
7
11
7
17
25
18
5
20
50
27
17
15
31
17
14
12
9
16
22
11
15
7
7
13
26
13
14
14
11
38
36
5
27
18
16
30
11
21
25
38
28
36
22
22
18
50
35
12
24
35
13
7
17
7
28
35
39
7
17
17
27
18
17
17
24
29
15
20
62
20
20
18
29
22
23
20
24
15
13
19
17
11
9
7
15
18
26
7
15
9
11
5
15
37
21
0
16
6
27
13
15
11
6
47
9
9
24
9
9
32
28
19
40
9
11
16
19
7
11
16
2
19
16
9
7
11
20
24
5
15
12
10
38
27
17
7
15
5
12
4
11
15
