56
36
43
67
50
27
31
43
70
46
69
48
25
25
92
45
33
97
59
42
40
38
50
51
25
57
75
36
39
47
92
58
34
40
87
84
42
42
56
61
35
38
63
24
42
53
27
38
51
22
23
88
31
42
59
49
50
51
70
74
44
17
39
43
30
59
36
28
42
54
66
23
70
49
42
51
52
36
88
67
38
36
36
33
38
45
63
75
45
50
43
50
49
30
52
57
40
64
68
38
39
46
24
41
33
58
40
47
83
45
31
76
58
87
33
35
45
56
46
79
32
29
36
34
57
29
46
32
47
31
49
73
32
49
30
89
56
18
41
87
26
41
24
33
61
51
52
73
40
60
46
47
50
57
34
46
45
33
39
33
29
60
37
20
52
43
48
40
36
37
26
24
33
60
34
52
58
30
55
33
50
51
82
45
58
45
52
27
44
58
51
62
46
37
63
26
40
48
25
49
20
31
40
36
34
48
17
33
49
75
49
32
46
40
36
54
36
38
54
38
29
58
55
49
40
30
51
22
41
40
37
54
25
48
33
43
58
35
26
76
28
36
32
64
31
28
44
41
21
51
57
49
50
61
36
22
66
52
78
47
37
47
54
40
15
45
41
48
78
43
41
37
47
40
54
35
70
30
48
39
40
31
60
56
52
36
41
39
