13
22
19
19
18
20
13
6
22
24
15
8
9
15
6
17
7
15
17
29
33
13
8
4
13
25
22
11
22
10
27
25
19
12
22
13
13
33
13
30
16
11
18
37
13
13
17
15
10
18
13
26
19
14
9
14
17
18
20
22
16
15
22
18
18
7
18
15
25
15
13
18
19
21
23
28
31
13
33
12
29
41
14
16
22
29
18
17
13
36
22
24
25
18
24
29
18
33
20
20
16
31
30
20
24
12
23
6
27
17
17
21
24
29
29
24
20
24
20
24
17
17
17
17
30
25
19
29
19
17
22
15
20
22
16
13
19
23
21
36
35
19
35
32
30
32
11
45
39
21
29
11
30
15
24
15
47
26
26
23
16
8
30
16
32
15
9
11
23
23
19
5
38
26
26
11
11
41
27
41
18
32
17
25
36
15
13
24
17
27
36
26
29
30
37
26
20
21
18
20
31
15
22
10
7
6
18
18
20
24
31
21
28
10
25
13
27
32
25
14
13
35
7
9
11
29
18
9
9
13
9
10
20
7
19
21
13
23
22
24
9
11
11
18
15
11
19
6
15
16
6
9
22
20
9
5
29
13
13
11
13
7
16
10
9
18
13
4
9
13
18
14
13
15
8
15
15
9
34
19
11
5
15
7
20
7
35
13
