20
20
10
14
16
10
25
10
41
23
23
19
16
45
8
6
16
12
12
12
8
12
12
16
12
8
27
12
6
20
6
22
27
16
10
6
12
8
14
14
23
16
16
16
22
14
14
16
6
18
6
14
8
21
25
6
12
10
22
39
17
27
23
35
16
33
33
16
27
14
10
14
12
27
16
14
10
14
18
23
27
14
14
16
18
25
14
19
22
14
6
4
27
27
10
4
0
4
6
10
10
10
6
8
12
16
4
12
12
12
10
10
12
6
4
6
4
6
10
4
14
4
14
12
4
16
10
4
6
8
10
8
6
8
10
4
8
16
8
14
8
12
12
8
6
8
6
8
12
4
12
8
4
4
8
2
12
12
4
12
6
6
10
10
12
10
4
6
10
6
12
0
12
8
18
14
14
14
8
12
8
10
4
4
8
6
4
6
12
12
8
16
8
10
12
18
12
18
2
6
8
35
45
4
27
35
10
10
43
12
18
23
12
33
20
12
22
37
10
14
27
35
23
6
31
18
14
25
16
6
20
10
10
29
8
10
22
8
19
12
14
6
18
25
18
25
22
16
18
23
18
6
12
33
25
10
12
17
16
14
14
14
16
12
12
10
8
12
12
21
10
8
10
18
25
6
19
6
6
16
8
8
14
37
8
14
14
23
