15
11
14
10
21
28
20
25
27
21
14
15
31
23
11
31
29
21
10
14
10
19
17
19
13
26
6
12
19
8
17
15
17
11
10
31
17
17
38
15
19
12
29
8
21
12
15
20
19
19
28
19
29
17
18
12
15
29
19
27
23
15
12
31
10
50
19
13
21
8
23
21
21
13
48
13
7
25
21
17
19
8
12
27
19
28
19
21
15
14
23
31
17
21
31
15
29
17
21
23
27
25
17
18
42
19
27
17
18
15
17
13
14
17
33
24
15
33
31
15
19
31
20
38
50
31
23
19
58
23
16
30
19
30
18
35
33
32
17
32
25
15
15
21
35
23
28
23
19
21
37
35
44
38
20
23
21
27
32
24
22
19
35
19
50
33
10
11
23
18
34
14
20
13
47
17
19
10
31
11
25
15
26
12
19
40
35
27
37
37
27
11
28
19
30
11
21
21
38
37
21
33
30
35
35
13
19
29
17
21
21
33
19
21
22
29
50
17
18
25
43
4
14
17
21
19
27
19
30
21
27
17
15
21
23
21
19
19
15
11
14
44
17
21
15
17
15
26
13
13
23
45
19
28
31
23
13
25
20
15
19
23
19
23
43
15
23
17
21
17
21
17
15
21
23
33
17
7
15
20
25
11
22
12
48
10
10
17
