15
0
0
0
0
0
0
0
0
0
0
4
17
0
19
1
24
0
42
3
15
0
0
24
0
3
0
15
7
5
9
8
16
21
0
7
0
4
3
35
26
17
25
0
4
30
36
0
0
0
0
0
0
0
0
0
0
0
0
0
6
6
0
15
0
8
24
23
13
0
0
18
16
24
0
0
0
0
0
0
0
0
0
0
2
6
0
14
12
0
0
0
14
0
15
5
16
4
10
0
23
0
27
23
0
23
18
0
0
0
0
0
0
0
0
0
0
0
0
0
6
18
1
0
11
14
14
0
2
3
0
22
2
0
19
4
0
13
3
7
0
12
14
9
16
0
0
0
0
0
0
0
0
0
0
7
0
0
0
2
7
9
14
0
0
18
18
5
20
4
6
0
11
1
8
0
14
10
0
17
2
6
13
12
10
3
0
0
18
12
0
17
17
11
7
19
0
0
11
15
0
18
0
21
4
0
10
0
0
25
0
20
1
18
18
8
6
6
0
9
10
0
10
25
0
8
19
12
2
0
10
3
0
4
12
0
5
0
27
2
0
11
7
5
0
15
4
0
13
11
26
1
0
13
0
0
13
2
8
27
19
0
0
0
3
3
0
3
2
0
0
0
10
8
0
1
0
7
19
8
0
8
8
5
7
0
18
0
