14
25
10
12
14
14
12
24
22
14
16
22
18
20
33
22
41
10
20
12
22
24
20
20
84
14
14
25
14
16
16
14
27
14
20
6
22
20
10
25
69
35
26
35
8
23
24
24
12
14
31
12
25
20
27
27
20
24
24
25
10
39
35
16
51
12
29
55
24
25
45
37
53
20
43
27
49
33
20
39
24
33
20
16
0
18
12
23
12
18
22
18
26
16
41
12
20
43
20
12
45
24
37
33
14
31
16
14
27
29
22
35
22
16
12
22
16
16
12
14
22
20
33
33
14
18
14
24
18
20
33
12
33
16
20
68
18
24
12
24
8
18
16
22
14
12
16
29
29
10
43
10
26
18
18
41
12
16
8
16
12
10
18
12
27
25
16
24
6
14
10
29
22
14
16
16
18
18
14
18
16
14
18
25
18
20
12
25
18
49
10
23
17
8
20
65
18
22
20
20
10
16
33
16
64
22
31
20
37
33
29
35
35
47
24
33
22
27
18
31
20
33
18
25
33
23
33
27
12
37
16
20
20
25
33
20
14
35
12
18
12
10
21
10
18
18
12
29
29
16
24
41
33
16
41
10
33
25
22
29
10
12
39
22
10
8
16
10
31
29
12
61
41
16
12
6
20
8
18
18
12
10
8
8
8
10
20
8
