5
1
2
2
2
2
1
2
0
3
10
2
3
6
0
2
2
2
3
6
2
1
4
5
2
2
0
4
0
3
1
3
1
4
1
0
4
1
4
6
3
2
12
2
4
4
9
3
8
1
3
0
1
3
0
2
5
2
2
4
4
3
2
0
3
2
5
6
3
7
3
2
1
2
1
1
1
0
2
2
1
2
0
1
2
0
2
3
2
1
3
5
4
7
4
2
1
3
2
5
8
2
0
0
1
13
8
2
2
1
11
2
0
2
4
1
3
1
5
3
6
5
5
2
0
0
3
1
3
1
3
1
3
2
1
13
2
0
1
1
2
1
3
2
3
2
1
4
2
3
2
4
1
1
4
7
2
2
7
4
3
2
6
2
4
1
0
4
2
4
2
3
3
4
4
2
2
3
7
4
3
8
4
4
5
2
6
4
8
5
2
1
2
2
1
1
3
5
3
3
2
0
2
3
7
1
1
1
1
1
2
8
3
1
2
2
0
1
0
3
0
1
5
1
4
4
0
2
1
1
1
2
1
2
2
1
2
2
2
1
3
2
1
0
1
4
2
2
3
1
3
1
0
1
1
2
1
2
2
4
1
1
2
4
3
1
1
2
3
4
3
8
3
2
2
2
2
0
1
1
4
2
1
8
1
1
2
1
