34
25
29
62
39
40
18
40
29
34
36
31
32
35
26
23
32
27
29
27
26
31
27
29
26
28
29
32
22
40
23
35
28
32
35
54
33
30
35
29
32
38
38
25
38
31
25
23
25
28
26
34
35
29
25
32
32
27
32
46
28
27
36
26
40
25
37
27
38
46
47
31
31
26
27
36
29
37
27
32
24
28
24
31
51
39
31
47
28
30
40
47
34
36
41
58
40
33
39
43
34
53
24
39
39
38
36
31
31
35
28
32
13
35
27
43
37
26
36
41
23
49
26
38
33
30
23
29
26
40
28
33
22
24
33
33
38
28
33
29
36
43
28
41
34
35
35
34
22
30
31
18
44
52
28
30
36
32
31
36
29
36
28
35
30
40
34
41
24
26
31
27
27
29
33
26
39
33
38
38
24
41
42
43
38
39
41
30
44
37
33
31
34
22
31
29
32
26
33
25
29
32
27
39
36
30
37
38
39
33
34
27
29
45
45
37
31
27
30
34
31
29
24
39
38
25
31
43
24
31
28
20
31
31
22
36
36
19
27
25
33
24
35
30
32
28
23
33
24
26
31
19
23
28
18
24
20
19
29
27
33
29
31
33
29
27
33
27
20
21
28
24
11
49
28
28
28
32
23
17
35
33
25
23
23
22
24
32
