7
3
15
3
15
9
11
11
9
11
7
11
11
7
7
9
13
3
7
11
13
7
5
9
7
7
11
9
7
9
9
13
9
9
5
11
7
13
7
7
7
11
5
5
11
5
9
9
9
9
9
7
7
7
7
11
5
17
7
5
9
11
11
9
7
5
23
13
3
7
5
9
11
7
9
7
9
5
7
5
9
5
5
11
3
11
11
9
7
11
13
3
11
13
7
17
7
7
11
7
9
9
7
9
5
1
7
7
9
5
7
9
15
11
15
7
5
9
5
5
9
13
9
13
9
12
11
7
11
7
9
7
7
11
5
9
7
13
11
9
9
9
5
9
11
7
7
11
5
9
3
5
6
11
5
13
9
11
7
3
5
11
5
11
3
7
7
13
13
11
9
7
3
5
7
5
7
5
9
11
7
11
5
7
7
5
5
11
9
9
9
11
9
3
9
9
3
9
7
7
9
9
9
3
9
9
7
9
9
7
11
9
11
7
9
13
13
5
7
9
9
9
13
7
7
5
7
11
13
9
7
5
7
11
8
7
5
5
9
3
9
9
5
3
5
5
15
7
11
10
7
7
5
7
17
5
9
9
9
9
9
11
7
1
7
16
9
7
9
11
9
9
5
11
7
9
5
5
7
5
9
11
9
7
9
9
5
5
