11
15
11
4
15
2
11
13
11
5
15
12
11
9
15
13
17
2
9
9
13
17
11
15
9
9
15
15
15
6
8
13
11
11
15
13
13
11
8
15
9
2
11
15
15
7
15
17
13
9
17
17
13
4
11
13
13
13
15
15
9
8
13
11
17
4
11
13
11
12
13
15
11
9
11
13
15
2
11
15
8
7
15
17
13
10
11
15
15
4
7
15
9
15
15
11
11
7
9
9
13
8
9
9
9
13
17
7
13
8
15
9
11
5
6
9
9
5
19
11
15
9
15
9
9
2
8
12
9
7
13
13
15
11
11
10
13
4
13
12
7
13
9
8
8
6
9
15
11
2
8
10
7
11
9
4
15
9
10
11
13
0
7
11
17
11
11
19
15
5
15
13
13
2
11
15
11
6
10
13
17
13
13
7
10
4
11
8
11
4
11
11
2
5
4
2
11
5
5
9
9
11
19
13
9
5
15
7
8
2
13
12
9
7
15
11
4
4
6
11
13
2
8
15
15
17
13
15
10
13
9
7
13
4
7
15
17
11
12
17
9
4
13
13
11
6
3
15
17
15
8
17
6
17
17
9
11
4
8
11
17
17
13
13
7
15
13
9
7
2
4
19
21
15
17
17
15
8
11
13
11
4
9
15
13
0
7
15
