91
90
91
93
82
98
89
89
90
91
94
87
82
87
84
72
66
88
92
87
90
86
82
90
84
92
84
76
96
94
95
94
86
81
88
86
86
82
87
71
82
83
90
76
86
82
82
94
53
94
96
96
88
96
92
84
92
44
86
90
67
65
89
70
88
70
81
88
72
88
83
87
88
92
88
94
92
88
91
70
89
90
91
92
75
94
94
86
88
63
91
87
82
96
92
90
53
88
82
92
79
84
94
92
94
94
60
80
90
82
92
78
82
90
83
91
81
94
91
77
77
86
82
84
86
94
86
75
77
65
75
90
86
86
86
86
86
78
82
88
86
93
92
92
80
90
84
73
80
95
82
86
88
82
90
78
93
86
83
96
91
94
94
90
69
86
92
92
85
63
86
77
88
88
82
84
88
84
88
59
84
93
87
84
68
89
88
72
90
84
92
84
82
81
56
88
86
87
71
87
94
86
90
85
92
84
94
91
88
98
93
89
80
94
86
85
90
92
85
86
90
85
94
75
90
80
87
88
82
84
89
98
86
94
90
87
90
98
92
94
98
91
81
95
89
85
91
63
67
73
51
44
37
47
85
92
86
85
92
87
82
67
88
82
83
93
87
90
96
90
89
88
94
94
93
90
83
86
92
92
94
84
86
87
67
92
88
82
