2
6
4
6
43
4
6
4
2
0
6
8
2
2
2
29
6
4
4
24
2
6
4
2
2
2
4
33
43
4
2
4
0
12
4
27
4
29
2
2
2
4
4
6
0
2
4
37
2
41
43
6
2
0
0
2
2
4
2
0
2
4
2
2
4
2
2
2
4
6
27
6
2
4
2
2
4
2
12
2
29
2
4
2
0
2
2
2
0
2
2
2
0
0
0
0
4
2
6
6
6
2
2
4
2
2
2
4
0
4
2
2
2
6
4
4
0
2
2
0
2
2
2
2
2
4
4
2
4
8
0
4
0
6
6
76
6
2
4
2
4
2
2
0
4
4
16
0
31
2
4
6
4
2
0
2
2
4
6
2
0
0
4
6
2
0
18
4
2
4
4
4
39
2
2
4
2
4
4
4
2
0
2
2
4
2
2
4
2
4
4
4
2
2
10
4
6
12
4
2
4
2
2
2
4
2
2
4
2
4
2
4
4
2
0
0
4
12
2
2
2
6
2
8
4
2
2
2
4
2
4
2
2
2
4
2
4
0
2
2
23
2
2
0
0
2
2
4
4
41
2
4
4
6
2
2
2
4
4
2
6
39
18
4
2
10
6
2
2
2
2
2
2
2
2
2
4
6
0
2
2
4
0
6
2
4
0
0
