2
2
4
2
0
4
6
2
2
0
4
2
6
2
2
0
2
0
0
2
2
2
4
0
2
2
0
6
0
2
4
2
4
2
2
2
2
2
0
0
0
0
4
4
2
4
4
4
29
2
4
2
4
0
4
0
0
2
2
4
2
2
10
0
2
2
4
0
0
6
0
6
4
0
0
0
0
2
14
2
4
2
2
4
2
0
4
0
4
0
6
6
2
2
4
2
0
4
0
0
0
0
0
2
0
2
0
0
0
0
0
4
2
0
2
0
4
0
2
0
2
4
6
0
4
4
0
0
2
0
0
2
2
0
4
2
0
0
2
8
4
0
2
4
0
2
0
2
2
0
0
4
0
2
2
0
0
0
0
4
0
6
17
25
0
2
6
4
4
2
2
0
2
0
4
2
4
4
6
6
2
2
2
0
2
2
2
0
27
0
4
0
6
2
2
4
2
2
6
0
4
6
0
4
4
0
2
4
4
8
2
0
2
6
15
6
0
2
2
15
4
2
2
2
0
0
2
4
4
2
0
2
2
2
2
0
0
0
10
0
4
0
2
48
4
4
4
2
2
4
2
4
4
4
2
0
10
2
0
2
0
2
4
2
23
2
2
2
0
0
2
2
2
0
4
2
2
2
8
0
2
4
0
0
4
4
4
0
