2
0
0
83
24
0
0
0
2
0
1
4
0
4
0
2
2
0
2
0
2
0
0
0
0
4
0
2
4
0
2
2
2
0
0
0
2
0
0
8
0
0
0
0
2
1
2
0
4
2
0
4
1
0
0
4
2
2
0
0
0
2
0
6
10
5
6
4
2
0
0
0
4
1
0
2
0
2
0
2
2
0
0
2
2
0
0
2
2
2
0
2
2
2
0
2
2
0
6
2
3
0
4
0
0
2
0
2
4
4
2
0
0
2
0
2
4
2
0
0
4
4
2
0
0
0
0
2
1
4
0
0
2
0
2
2
0
1
1
2
2
1
0
0
0
2
0
0
0
2
6
4
0
0
4
2
0
4
0
2
2
2
2
0
4
0
2
2
2
4
0
5
2
0
0
0
2
2
0
0
0
2
0
3
0
2
2
4
0
2
2
0
2
0
2
0
0
0
4
0
2
0
0
2
0
0
4
33
13
10
4
10
2
0
2
2
2
0
0
2
1
2
6
2
4
0
2
2
2
2
0
0
2
0
0
0
0
0
2
0
0
2
2
0
2
2
0
2
0
2
4
2
1
0
2
0
0
4
0
0
0
0
2
0
0
0
2
1
1
2
2
2
0
0
2
0
2
2
0
2
0
2
2
0
0
0
1
0
