0
0
0
0
0
0
0
0
0
0
0
0
0
0
0
0
0
0
0
0
0
0
0
0
0
0
0
0
0
0
0
0
0
0
0
0
0
0
0
0
0
0
0
0
0
0
0
0
0
0
0
0
0
0
0
0
0
0
0
0
0
0
0
0
0
0
0
0
0
0
0
0
0
0
0
0
0
0
0
0
0
0
0
0
0
0
0
0
0
0
0
0
0
0
0
0
0
0
0
0
0
0
0
0
0
0
0
0
0
0
0
0
0
0
0
0
0
10
12
10
16
12
14
10
10
18
10
6
14
20
8
18
18
10
22
12
21
14
16
12
22
12
10
14
31
12
10
20
16
12
10
12
16
14
16
15
14
12
22
55
10
14
14
16
10
12
8
12
12
12
16
18
37
18
14
10
12
18
12
10
10
16
14
16
10
10
10
22
14
10
21
18
14
16
14
12
14
8
14
18
16
21
12
22
20
14
14
16
14
14
8
8
25
14
14
10
14
10
18
8
12
20
8
10
12
10
8
20
22
8
20
14
14
10
14
8
14
16
6
10
22
14
16
18
2
16
14
6
10
12
16
8
14
8
4
12
14
8
12
8
12
8
16
12
10
8
10
12
12
12
18
8
10
6
8
8
6
18
43
8
12
8
8
10
10
10
14
10
