1
3
5
0
9
0
18
5
1
0
5
7
3
28
0
3
8
3
0
1
1
1
61
5
3
10
5
0
0
3
5
4
4
5
3
31
0
1
4
0
3
1
0
3
0
3
1
3
0
0
5
3
1
3
3
3
13
1
6
3
1
3
1
0
15
0
6
3
1
1
0
1
1
0
1
3
0
0
3
1
0
1
10
3
1
0
1
1
1
1
1
3
1
5
0
0
0
3
1
0
3
25
11
1
1
7
31
32
24
5
27
15
6
24
3
1
22
0
4
9
1
1
35
1
2
31
11
0
23
26
21
9
7
18
12
5
0
3
1
14
20
8
1
21
3
1
20
18
16
6
3
3
16
1
0
22
16
51
1
25
4
8
19
14
5
7
22
15
4
5
27
1
3
1
32
30
3
2
65
17
6
30
13
26
21
13
35
0
0
3
4
1
1
28
16
8
0
25
1
1
1
1
1
0
1
1
24
18
1
3
5
3
24
4
5
15
11
3
3
28
25
28
20
16
21
5
0
1
32
20
15
4
20
1
1
3
19
15
3
3
6
19
25
13
25
30
7
4
17
5
23
25
26
39
18
4
1
2
17
13
39
0
6
27
5
0
19
24
18
15
1
37
3
0
1
17
3
0
9
52
3
8
61
5
71
10
16
8
