0
0
7
14
12
14
10
0
0
0
0
1
0
1
5
9
6
0
4
11
1
0
0
0
11
1
9
0
8
13
6
2
9
0
0
1
8
0
5
7
0
9
10
14
8
0
10
12
0
0
16
0
13
16
14
5
0
0
0
2
0
7
9
6
0
12
7
3
0
6
3
0
0
7
8
0
0
10
6
0
2
8
9
7
0
9
10
0
0
9
9
3
0
1
14
1
10
0
15
11
5
13
6
0
2
0
5
6
7
3
0
5
10
0
0
8
14
3
1
1
14
6
7
0
10
1
7
0
7
9
7
0
0
0
9
9
1
0
0
14
9
0
3
0
0
14
5
0
0
9
10
11
12
7
0
9
1
13
1
0
0
10
6
5
4
0
0
7
11
0
0
0
0
2
5
9
1
1
0
2
3
14
1
1
1
0
0
0
10
11
1
0
0
0
13
0
2
0
0
0
6
14
9
1
0
0
7
9
0
0
9
10
13
0
0
0
1
1
5
1
2
0
0
10
8
0
8
1
0
5
7
1
4
1
0
0
0
8
12
0
1
2
0
0
0
0
11
1
2
2
0
0
5
0
5
0
0
0
11
8
2
8
0
0
14
4
6
0
0
0
12
16
0
2
1
1
0
7
0
6
7
9
6
0
0
0
12
6
