18
11
2
3
0
2
2
3
2
3
2
7
5
0
13
0
0
4
0
2
2
5
5
3
3
11
3
2
0
3
2
0
2
5
4
2
2
0
2
5
4
2
3
0
0
3
4
2
3
2
0
2
2
0
7
2
5
2
0
4
2
0
2
2
2
0
4
0
12
0
0
3
2
4
7
0
0
13
3
2
4
2
4
2
2
5
1
0
2
2
3
3
3
0
0
4
3
2
0
2
2
0
0
7
2
5
4
0
2
4
4
7
0
2
0
0
4
2
2
3
4
0
8
0
10
2
0
0
2
2
3
0
3
3
3
2
2
4
0
0
2
0
4
2
2
9
2
2
3
0
0
3
0
2
2
0
5
5
0
13
2
2
0
5
0
8
0
0
2
2
12
5
0
2
2
2
2
4
3
2
0
5
4
2
2
1
4
2
0
3
2
2
3
7
2
2
0
2
2
2
0
2
4
0
0
2
0
3
5
2
0
5
2
5
0
2
2
2
0
4
0
2
0
2
3
0
0
0
2
4
0
2
3
0
0
2
0
4
0
3
4
4
5
5
3
4
4
5
3
5
6
4
2
4
0
0
2
4
2
0
2
2
2
5
0
0
3
3
5
0
2
0
2
4
2
2
2
2
2
2
0
0
0
0
3
10
2
5
