6
2
4
2
7
8
2
7
0
5
4
5
4
4
4
0
5
9
2
2
4
2
4
7
2
2
5
4
2
4
5
2
5
10
8
4
2
6
2
9
4
2
0
5
8
2
5
6
0
2
0
2
0
2
2
7
6
5
2
0
4
2
2
4
6
4
0
7
2
4
2
2
2
4
2
6
4
5
2
6
2
2
2
5
4
2
2
2
4
2
4
5
2
4
7
9
9
6
5
5
7
3
7
9
5
5
4
7
4
4
5
4
2
2
0
4
2
5
4
2
5
4
9
4
2
0
2
2
4
2
5
4
7
4
2
4
3
7
6
2
4
3
4
7
7
7
2
2
4
9
4
2
2
2
3
4
0
2
2
4
0
4
7
4
2
7
9
0
2
2
4
4
6
4
3
4
4
5
4
4
4
2
5
5
4
3
4
5
4
4
4
5
2
5
7
7
6
4
4
4
4
0
2
9
4
5
2
9
2
2
5
2
4
2
2
5
5
4
5
2
8
2
6
4
2
4
0
7
5
7
2
7
4
5
4
0
6
0
4
5
6
4
2
4
0
7
5
2
2
5
7
2
4
5
5
6
3
5
9
2
2
4
7
2
4
2
6
6
4
0
4
4
4
3
4
4
4
2
4
3
2
0
4
0
2
6
5
2
