0
9
4
6
5
2
8
7
4
6
2
13
4
6
4
4
2
10
2
2
2
3
6
8
6
2
5
11
4
8
4
8
7
3
6
2
8
4
4
6
4
2
2
7
4
8
5
4
0
6
4
6
6
2
6
6
2
9
6
7
4
6
9
6
2
4
6
4
8
2
4
6
8
4
4
5
6
7
4
2
4
0
4
8
2
6
2
6
4
2
2
9
8
0
15
15
17
20
11
5
12
5
6
4
9
9
9
12
9
7
3
4
6
5
6
8
8
6
11
8
4
8
6
8
2
2
11
4
4
7
17
6
7
13
6
6
16
4
2
4
7
9
5
9
7
7
13
5
9
6
6
8
9
4
10
4
6
4
10
4
2
11
9
8
4
11
15
7
7
4
6
8
9
13
6
8
11
7
2
9
2
4
11
6
9
13
85
4
8
6
4
7
9
9
7
7
6
2
6
8
11
11
4
11
2
9
4
4
2
11
3
3
6
8
10
3
3
8
2
2
11
4
11
6
6
4
8
4
9
11
4
9
10
23
11
7
19
6
4
7
9
9
4
7
11
5
2
9
6
7
9
10
8
6
12
8
5
4
4
6
6
5
9
2
4
7
6
11
7
13
9
6
6
7
6
2
6
6
6
5
4
8
9
8
6
4
7
4
