4
0
3
1
18
19
10
14
2
2
2
3
2
4
2
0
2
2
2
2
5
5
0
0
2
2
4
0
0
0
2
2
3
6
2
5
0
0
2
4
2
3
3
2
0
0
2
0
0
0
3
3
5
1
2
2
0
3
1
2
2
2
2
2
0
2
1
0
2
0
0
2
2
0
2
5
2
7
2
0
2
2
2
0
2
0
2
2
0
3
0
3
0
3
2
2
2
0
1
2
2
1
0
0
2
0
0
2
2
2
2
0
0
0
0
2
3
0
4
3
3
1
0
5
0
2
1
2
7
2
2
0
3
2
2
2
1
0
2
2
1
4
10
0
0
0
5
2
3
37
29
15
2
3
3
2
2
2
0
3
2
4
2
0
3
0
0
4
2
3
3
2
0
0
13
7
6
2
15
13
7
34
9
4
29
17
12
0
2
2
2
0
2
4
3
0
4
2
2
0
0
2
0
3
2
2
0
0
1
2
2
2
2
3
2
2
0
2
3
0
2
0
2
3
2
0
2
0
2
3
0
2
3
0
2
2
5
3
4
5
0
0
2
2
2
2
0
0
3
2
3
4
4
16
16
13
13
5
1
0
2
0
0
4
1
2
3
2
2
2
2
2
2
1
0
0
3
2
2
3
0
0
2
2
0
1
2
2
