6
34
12
16
19
26
31
15
42
12
31
31
15
19
12
35
18
13
13
29
8
9
9
21
21
50
33
10
23
36
31
26
25
17
19
27
17
29
27
48
44
27
21
22
15
15
50
15
42
25
19
35
26
13
12
29
19
7
17
27
10
13
26
21
25
34
23
17
29
19
23
25
21
31
34
40
19
17
25
21
19
29
33
24
32
25
14
15
23
23
13
37
6
21
18
35
19
19
41
29
38
23
29
35
29
29
27
19
38
38
5
21
50
36
23
40
31
31
24
40
32
27
42
37
35
32
21
56
46
30
17
40
16
13
42
31
33
27
25
19
27
30
33
23
28
19
65
27
23
32
13
15
21
11
22
16
17
58
15
12
16
34
24
17
31
44
25
17
25
15
33
15
22
8
42
29
52
46
6
16
31
35
21
19
25
9
17
32
50
19
31
27
38
21
10
43
42
24
25
21
20
21
23
19
34
13
17
41
34
10
11
17
13
19
19
11
13
13
21
30
15
22
21
25
14
40
32
30
15
18
21
17
26
34
12
17
39
24
13
12
25
15
17
16
23
13
31
8
8
11
24
4
11
16
17
19
22
13
29
15
33
28
14
40
6
15
26
19
19
17
4
19
32
9
25
11
10
21
6
21
52
18
13
19
23
6
13
24
