2
0
2
4
6
4
33
39
62
2
6
4
2
2
2
4
18
27
44
38
2
2
4
4
10
8
15
17
6
13
37
44
6
10
19
5
6
2
12
2
34
14
31
90
44
2
4
17
4
0
4
19
26
75
37
31
48
6
2
2
2
0
4
2
0
25
6
2
29
49
42
8
8
2
2
13
40
33
43
48
41
42
35
43
19
8
4
8
0
46
46
53
46
42
45
31
2
10
4
22
0
38
2
51
8
4
13
4
2
2
4
4
2
33
8
8
10
4
12
19
17
5
6
8
31
40
44
48
46
36
37
40
42
2
4
11
38
22
44
48
37
52
42
48
40
6
36
46
0
2
64
63
4
2
0
9
4
2
6
19
0
61
17
2
13
21
8
12
2
3
6
6
2
8
8
8
6
7
10
8
2
10
8
6
2
4
8
4
6
4
6
4
6
2
6
2
4
2
6
4
13
17
8
6
0
2
8
9
11
0
6
8
6
9
6
15
7
6
8
7
4
11
8
2
4
6
16
6
2
5
6
2
2
10
13
73
10
7
8
11
12
8
6
9
17
2
73
6
2
8
4
11
0
2
10
4
13
10
4
2
4
4
2
2
2
4
6
8
38
28
66
3
2
2
4
10
4
2
2
2
5
5
38
2
0
2
2
2
