69
4
3
4
7
2
20
71
4
6
8
10
5
15
49
4
2
6
5
2
4
68
7
5
10
5
6
7
9
6
4
7
14
6
6
0
2
5
39
32
5
51
9
6
7
86
7
7
5
7
5
49
52
6
8
9
14
8
21
4
10
7
17
7
4
58
16
2
20
20
10
8
7
17
6
4
9
6
56
6
6
4
50
7
6
8
4
6
2
45
4
6
45
5
5
10
5
4
17
4
2
5
32
1
6
12
6
3
6
32
13
9
4
4
14
6
9
6
6
48
5
6
6
7
5
4
9
9
11
10
6
15
16
9
10
2
13
4
4
5
6
5
9
4
33
9
7
4
4
4
62
6
6
6
5
4
5
6
6
0
7
7
6
4
6
39
2
7
5
45
5
5
55
8
2
6
4
4
4
4
4
36
1
6
78
7
4
5
6
16
8
11
4
6
2
5
29
4
4
6
74
5
35
7
4
6
15
6
4
5
12
6
44
4
3
5
6
3
5
5
37
4
4
6
27
2
5
33
4
39
6
4
4
7
74
9
6
5
61
6
4
7
23
6
9
18
7
20
2
4
54
56
5
5
39
7
4
50
7
10
8
4
9
7
8
7
4
37
2
5
7
6
5
6
6
7
6
2
6
8
15
8
6
5
3
5
7
6
