2
2
6
0
10
10
8
4
8
6
6
6
4
6
2
0
2
2
84
6
4
0
0
8
4
6
4
8
6
6
10
10
4
0
6
5
8
0
2
4
6
6
2
0
6
6
12
10
4
13
6
2
0
8
4
2
2
8
0
2
2
4
2
2
4
6
10
6
9
6
0
8
4
6
6
2
4
4
0
2
8
0
0
2
13
4
2
2
2
4
4
10
4
4
2
8
2
0
8
6
0
0
0
6
4
4
6
4
8
4
12
2
4
6
8
0
6
4
4
0
7
6
12
4
12
12
2
2
2
6
8
10
8
8
4
10
4
8
2
2
4
6
4
8
4
8
6
5
6
2
6
4
6
2
6
4
2
2
10
4
5
4
10
4
0
10
8
12
4
10
4
7
6
4
2
2
10
14
8
4
8
2
6
2
2
0
14
8
17
4
4
6
0
6
10
6
0
4
4
12
4
8
2
2
0
6
6
6
8
6
6
6
6
4
4
4
8
6
4
2
0
0
8
8
4
4
2
6
8
10
8
6
8
4
6
6
0
6
2
6
0
66
8
0
0
4
4
2
2
0
2
4
2
2
6
4
4
4
2
6
6
2
8
6
6
6
4
8
6
8
2
6
6
6
10
14
6
6
2
17
8
0
4
4
6
11
8
6
