26
6
16
15
2
11
2
21
27
29
12
11
7
2
19
22
28
22
7
5
15
16
10
4
4
11
12
16
4
18
17
12
19
16
23
15
6
4
4
10
7
15
7
9
14
26
6
2
14
13
24
4
2
17
31
19
13
5
24
4
7
18
9
2
6
4
21
11
4
26
5
2
10
2
10
23
19
5
10
7
9
12
15
14
7
9
11
23
10
12
7
4
2
12
0
44
3
41
34
2
34
9
7
12
4
7
20
8
5
1
23
29
6
7
21
6
5
6
6
3
6
4
4
22
24
27
7
3
8
6
4
2
7
4
7
8
4
2
7
8
5
26
6
4
4
8
7
15
10
6
9
13
7
6
7
4
3
27
33
4
32
21
4
22
8
4
9
6
15
4
26
13
24
21
16
4
5
4
7
6
10
4
22
12
23
9
26
16
4
7
2
4
2
15
30
8
12
7
15
2
2
26
11
4
17
4
7
17
11
20
8
15
4
2
4
6
2
11
6
7
3
13
2
10
9
4
9
6
9
5
4
4
4
11
6
3
9
7
37
3
5
10
5
4
8
5
9
9
2
6
4
4
4
2
11
8
5
6
4
4
5
4
3
4
6
9
4
7
9
9
13
4
7
2
4
8
9
4
5
2
7
4
9
10
7
6
7
7
