53
50
33
29
40
56
34
27
52
46
63
32
54
44
51
52
67
30
42
49
43
47
37
40
58
59
68
60
58
34
39
40
48
57
51
46
13
26
40
74
67
30
42
86
35
36
83
39
43
55
42
67
43
48
30
46
48
50
43
35
59
46
41
34
21
48
43
57
41
47
55
31
61
25
39
41
64
44
44
52
52
46
43
51
57
56
35
56
31
41
39
60
43
58
56
41
37
29
37
32
27
43
30
24
37
40
54
31
41
23
32
36
47
62
38
39
44
31
42
50
56
23
39
36
50
53
37
51
42
54
30
35
41
53
29
36
21
68
29
46
48
70
68
32
31
60
40
45
49
39
29
48
17
63
66
51
51
32
51
44
44
30
29
56
35
31
47
49
63
18
25
31
53
46
49
75
45
70
34
54
37
29
30
25
45
23
65
47
66
35
30
50
50
69
58
60
26
66
54
37
39
28
19
50
50
32
46
42
40
30
41
32
32
48
57
45
38
27
39
52
31
44
61
28
35
41
20
58
49
34
31
46
15
17
44
54
22
22
43
35
21
42
35
47
18
54
45
41
7
43
17
35
43
41
37
22
40
22
54
18
39
19
18
31
34
29
26
48
12
20
18
16
19
44
28
24
14
37
13
21
29
16
12
27
36
58
17
36
