44
45
34
45
36
41
32
35
28
38
30
31
34
50
34
36
38
43
36
24
36
44
41
36
15
19
29
33
43
35
27
31
32
54
45
38
22
49
44
76
39
33
39
26
36
14
33
56
47
25
33
69
28
21
56
40
22
22
31
36
69
27
37
40
22
43
36
23
24
16
31
34
28
35
38
48
39
32
24
32
15
26
34
34
71
43
32
45
26
35
26
31
20
60
23
16
43
39
40
28
37
55
40
29
30
24
19
39
47
38
63
25
28
33
32
33
21
29
31
38
47
27
38
46
41
25
29
13
54
18
46
72
12
42
39
39
32
31
39
26
32
38
39
33
41
45
51
34
35
37
28
32
38
45
20
45
59
39
45
44
39
51
35
32
33
32
38
28
57
42
44
40
33
22
35
25
7
34
36
72
42
37
44
44
43
27
36
42
25
44
37
43
10
30
38
41
38
52
31
32
28
19
26
34
48
45
48
43
42
39
39
36
28
15
47
37
66
31
18
26
43
27
32
31
24
38
47
39
35
32
34
64
39
31
29
36
39
45
30
37
25
47
42
45
69
40
17
34
45
44
60
67
48
59
47
64
42
25
10
17
25
11
73
23
30
62
32
46
43
29
35
26
53
76
48
39
64
37
46
28
41
25
28
40
57
29
33
47
