14
2
8
8
21
4
10
6
6
6
18
4
6
17
8
10
2
10
2
6
6
8
10
6
6
4
8
6
14
8
4
6
8
4
4
10
2
6
2
8
2
10
6
2
8
6
4
4
8
16
4
5
6
4
4
4
8
8
6
2
8
14
6
15
8
19
19
13
4
4
6
2
10
6
4
10
6
6
12
6
10
15
10
6
4
14
10
6
2
8
4
10
8
2
8
2
8
12
4
6
8
10
8
10
23
15
8
17
15
4
12
10
10
14
8
52
6
8
8
21
8
14
10
14
8
10
10
15
12
6
10
10
11
10
10
10
8
17
8
23
25
16
4
17
14
13
8
10
8
23
23
12
10
16
10
10
8
10
8
25
2
27
10
14
17
17
17
16
16
19
29
19
8
8
25
8
10
51
10
32
23
21
8
6
25
6
14
16
22
18
10
10
14
10
21
6
49
19
17
29
45
64
21
6
12
25
80
17
10
16
16
19
14
12
23
27
4
11
17
14
8
17
8
8
4
18
8
17
17
10
41
12
8
10
48
15
19
14
12
25
31
21
12
12
6
12
12
14
12
18
12
10
10
21
8
6
11
15
27
4
21
2
14
4
10
6
7
4
10
2
14
0
14
8
10
4
6
4
8
2
10
4
2
6
14
2
6
6
