2
4
6
4
2
6
2
2
4
6
7
6
2
6
6
2
4
6
11
9
2
8
4
4
10
6
10
6
6
4
6
6
2
13
10
2
4
4
12
8
10
4
0
6
9
6
9
4
8
6
6
7
34
6
15
15
6
8
6
10
6
2
6
6
7
8
8
6
4
4
10
4
8
4
4
4
12
6
4
6
4
12
4
4
42
8
12
22
4
15
30
21
15
40
34
8
34
23
20
13
23
20
19
26
11
13
18
8
34
15
19
27
22
13
8
10
19
22
14
31
20
17
21
9
32
6
33
19
20
14
23
9
30
27
28
8
6
19
10
30
22
11
11
36
29
18
13
25
29
15
9
30
15
27
37
8
29
31
29
12
7
39
21
4
29
12
18
10
30
24
8
13
22
9
27
32
39
27
8
8
8
11
8
16
18
22
9
25
32
17
33
13
34
11
13
12
0
4
15
17
12
6
4
4
2
21
4
7
8
4
4
8
4
6
5
6
4
7
6
6
6
8
2
4
2
8
2
8
5
5
0
8
4
4
4
8
6
4
9
8
6
4
2
5
10
9
2
4
11
2
9
13
8
6
6
7
0
2
9
4
5
6
8
10
2
6
6
2
2
13
4
7
8
9
6
6
2
9
6
2
11
2
5
6
2
10
4
2
