1
3
5
0
1
1
0
3
0
7
5
5
5
5
8
1
1
2
1
3
1
0
3
3
3
0
1
1
0
0
3
20
25
3
0
5
2
0
1
3
0
1
3
0
1
0
51
0
5
1
3
0
0
1
1
1
0
0
3
0
1
82
0
5
0
1
1
1
5
3
75
0
0
0
13
0
5
1
1
30
5
12
0
0
0
0
3
3
0
1
0
5
1
65
3
3
3
0
1
1
10
0
0
3
1
3
0
1
0
9
1
1
0
0
0
1
0
3
1
3
0
1
0
1
3
3
3
0
0
1
1
0
4
60
0
1
1
1
2
7
1
1
15
78
0
1
0
0
0
0
0
3
0
3
5
1
1
0
3
1
1
3
3
5
0
3
3
1
3
0
1
0
3
0
3
0
1
4
0
1
1
0
3
0
1
3
6
3
0
0
9
1
5
0
0
3
3
1
3
5
1
1
3
5
0
0
5
16
5
1
3
0
0
0
0
0
5
3
0
1
7
7
1
1
0
1
0
0
0
1
0
0
0
1
1
1
1
0
0
5
1
31
0
7
0
3
3
1
0
1
3
1
1
0
3
0
3
5
3
3
14
1
1
1
1
1
1
0
1
1
1
0
3
3
5
3
6
11
0
3
0
0
3
3
0
1
1
5
