9
16
17
15
81
15
9
13
6
12
13
9
11
49
11
12
15
10
13
13
13
11
17
15
17
15
16
17
17
17
17
15
13
13
16
21
12
13
16
17
24
29
14
18
14
23
13
11
25
10
21
17
20
19
17
21
13
15
26
15
21
17
15
17
29
16
41
21
63
18
20
25
15
18
19
19
18
24
16
15
26
17
20
21
12
22
13
12
16
19
22
13
17
16
15
20
20
9
19
33
16
17
16
19
24
17
10
2
7
10
8
4
12
10
8
6
10
4
4
6
4
8
12
2
7
7
8
8
2
6
12
2
8
4
4
6
7
5
7
8
4
6
8
6
6
4
4
6
3
10
38
6
4
2
4
4
4
8
6
7
2
8
8
4
4
6
8
4
6
6
6
6
4
8
5
4
7
4
11
10
6
6
8
7
10
10
6
6
4
6
4
5
9
7
8
6
4
8
8
6
7
4
8
9
8
4
8
6
6
6
2
6
8
12
10
6
4
8
8
6
6
4
7
4
6
6
10
4
8
45
4
2
6
8
6
8
4
7
2
6
8
8
8
2
6
4
6
6
4
6
2
8
8
4
4
4
4
6
2
4
2
2
4
2
6
2
8
4
4
4
4
4
4
6
2
8
4
6
6
6
2
4
5
2
2
7
6
7
