4
6
5
5
7
6
6
5
5
6
3
6
4
6
6
5
4
5
5
4
5
6
4
6
2
6
4
6
4
5
6
6
6
5
6
4
4
5
4
4
7
8
5
4
6
3
3
6
6
6
6
7
5
6
7
8
5
5
5
6
4
4
5
5
5
4
6
4
6
5
6
5
7
4
7
6
6
3
4
6
4
5
5
5
4
6
6
6
6
6
4
7
6
6
4
4
4
5
8
5
6
4
7
6
6
5
4
4
6
6
6
4
6
6
3
5
5
4
4
6
5
5
4
5
4
5
5
4
4
5
6
6
5
5
5
5
6
6
6
5
6
6
7
5
4
5
5
4
4
6
5
4
7
5
5
4
5
4
6
3
6
6
4
6
6
5
4
5
7
5
6
7
5
4
5
5
5
6
6
7
6
5
8
6
5
7
6
4
6
5
5
6
6
7
4
6
6
4
6
5
4
6
5
7
5
4
6
5
8
8
5
4
5
5
6
4
6
5
6
7
4
6
6
4
6
5
6
6
5
5
4
6
6
6
6
5
5
6
7
4
6
5
4
6
3
6
5
7
5
6
4
5
5
6
7
7
5
5
8
6
7
6
6
5
4
4
5
6
5
7
4
5
4
6
5
4
6
4
8
6
7
5
6
5
4
6
4
5
