4
10
8
6
2
2
4
8
2
2
0
8
2
0
4
2
2
0
0
0
0
0
4
13
4
0
0
6
2
4
2
0
2
0
0
0
0
0
14
6
2
0
0
0
2
0
0
2
0
0
2
0
0
0
0
0
2
4
17
0
0
0
0
6
0
2
4
12
10
2
0
0
4
0
0
2
4
6
2
2
4
4
0
10
2
0
0
4
2
0
6
0
4
6
4
0
2
6
4
6
4
0
2
2
0
13
0
6
4
0
14
0
0
2
2
2
10
2
0
4
4
0
4
30
0
2
4
2
4
6
4
0
8
11
2
0
2
2
6
4
10
2
4
8
2
8
6
19
4
2
2
7
6
4
4
4
4
6
4
4
8
6
4
2
11
2
4
12
2
4
14
5
2
4
0
0
0
0
2
2
2
2
6
2
4
2
10
4
6
2
4
4
0
2
7
6
2
0
2
0
2
0
4
0
10
0
4
13
10
2
2
2
0
0
4
2
4
0
2
10
6
0
4
0
2
0
0
8
2
0
25
4
0
5
0
0
0
6
2
10
0
2
2
19
0
2
0
4
4
2
0
4
0
4
6
0
2
0
0
2
4
8
2
6
4
0
14
4
0
0
0
10
2
0
5
2
2
2
2
0
4
2
2
4
8
0
0
0
