6
29
12
12
9
10
6
14
10
6
4
12
14
8
14
6
8
8
17
8
6
10
10
18
4
14
8
22
4
14
16
10
2
10
4
2
8
6
6
18
6
6
8
14
8
8
6
10
18
12
10
24
10
8
10
19
14
4
4
18
10
10
10
10
11
12
14
29
12
12
12
8
12
20
25
12
8
8
18
10
12
8
8
20
11
18
8
8
14
25
10
14
16
8
25
12
10
12
14
8
6
8
10
18
10
12
10
14
12
8
12
2
6
24
24
14
8
6
8
31
12
21
12
22
12
12
10
12
16
14
2
8
12
4
8
16
2
6
0
4
6
6
2
4
4
2
6
8
6
2
8
2
2
8
6
4
6
6
6
4
10
4
0
10
6
6
6
2
4
4
8
10
6
2
2
4
0
4
4
2
2
6
8
29
6
2
6
6
6
8
2
6
6
8
6
0
6
6
8
4
4
4
2
6
10
6
4
6
8
4
8
4
12
2
6
10
10
9
6
8
4
8
8
2
0
2
0
4
4
2
8
8
2
2
6
4
6
2
12
6
4
4
2
4
12
6
4
10
6
2
2
6
2
4
10
4
4
0
4
0
4
6
2
2
4
2
4
2
4
0
4
4
2
8
14
2
14
6
4
4
14
4
12
4
10
6
11
14
