2
6
0
2
4
2
0
2
2
86
2
0
2
2
0
0
2
0
0
0
2
2
6
0
0
4
0
2
4
2
2
0
0
4
2
0
0
8
0
2
4
2
2
2
2
2
2
0
0
4
0
2
4
4
0
2
4
2
2
2
2
0
4
6
2
0
2
0
2
2
2
0
0
4
6
2
4
2
2
0
2
2
4
2
10
6
2
4
0
0
4
6
8
4
6
11
6
2
4
2
2
2
0
0
4
2
2
6
2
2
4
0
4
0
4
4
4
2
4
4
6
2
8
2
4
0
4
2
10
4
2
4
4
0
0
0
4
2
2
2
8
2
2
0
4
9
6
2
6
2
2
2
4
7
2
4
0
4
6
4
6
4
4
6
2
0
4
2
2
4
2
12
0
6
4
6
2
56
0
4
0
2
2
9
2
4
2
4
4
0
2
2
4
0
0
0
6
2
0
2
4
2
0
2
6
2
0
4
0
0
4
4
4
4
2
2
2
0
0
69
0
0
71
2
0
2
0
0
2
0
0
4
2
2
69
2
2
0
2
4
0
6
2
4
2
2
0
0
0
0
0
4
2
4
0
0
0
6
0
0
4
2
0
2
4
4
2
4
6
4
4
0
2
2
0
4
6
2
2
0
6
0
0
2
2
0
4
4
