21
0
2
0
7
7
0
0
4
20
2
16
8
30
7
0
0
22
27
9
0
23
31
0
0
0
0
16
0
0
17
0
29
0
25
7
65
0
5
2
17
0
0
20
37
0
0
0
0
0
0
23
6
0
5
0
0
7
4
0
0
9
0
0
0
2
0
46
0
4
36
45
0
0
16
11
0
0
21
0
2
0
0
2
40
9
5
0
3
12
8
5
0
17
10
18
0
0
0
9
0
29
0
5
0
0
19
0
0
17
9
0
2
0
2
0
5
0
26
2
2
22
0
1
7
0
3
0
0
7
7
43
0
0
9
31
0
0
9
9
21
0
0
0
27
8
0
2
0
17
0
0
26
2
25
0
3
0
0
0
18
2
0
42
5
6
37
0
0
20
7
22
4
0
0
0
46
0
0
23
0
0
16
0
0
7
0
0
0
0
13
4
14
4
2
7
25
0
0
7
0
0
26
0
0
44
32
0
4
0
18
7
0
7
0
2
33
13
0
12
16
0
20
0
22
0
19
6
25
18
5
0
0
3
17
0
0
0
5
0
7
0
19
3
18
0
19
2
20
0
0
0
24
2
0
0
0
2
15
2
19
52
0
0
3
0
0
0
29
2
0
0
28
0
22
0
0
7
0
11
0
2
0
46
4
16
0
34
