6
17
10
9
14
7
5
15
10
6
24
13
24
9
6
9
7
9
9
22
9
2
42
10
0
9
19
31
13
28
18
10
24
10
30
9
32
12
33
7
7
16
0
11
13
20
19
9
15
12
15
43
22
18
15
15
7
1
11
20
15
21
14
15
31
13
27
18
12
15
5
3
19
19
25
29
23
16
2
13
26
60
21
36
10
10
20
21
24
19
18
40
24
27
14
35
33
28
11
24
1
18
13
22
24
15
12
27
60
23
14
27
16
13
11
35
18
11
13
33
22
11
7
8
23
15
8
28
11
17
32
29
56
20
28
15
13
15
16
14
9
22
22
24
19
13
2
5
9
0
15
24
25
45
15
31
22
36
14
10
53
15
12
25
35
19
33
26
20
11
7
17
27
30
37
38
28
9
22
16
4
14
22
12
47
16
7
7
4
18
26
32
33
36
27
17
16
5
7
29
17
17
2
18
13
6
24
6
20
38
20
21
30
8
53
33
12
25
29
9
14
18
50
18
21
18
36
26
0
27
37
28
42
20
21
21
16
31
17
11
30
20
22
16
0
11
11
20
11
17
24
3
11
15
7
9
7
31
15
16
35
16
9
13
13
18
35
27
33
60
61
3
13
20
7
14
13
23
23
9
21
20
0
22
32
7
11
22
