33
42
20
38
33
30
31
33
48
23
49
23
23
26
21
27
49
38
35
49
31
22
25
39
34
26
46
53
33
41
39
38
40
50
36
31
14
50
62
58
49
55
31
54
11
55
40
38
54
48
51
33
40
53
51
41
25
46
36
43
34
28
35
33
34
27
38
39
29
41
46
33
27
47
19
38
26
46
30
48
37
35
41
34
28
40
44
27
42
32
40
34
29
62
61
53
48
46
38
31
44
48
29
37
26
42
22
42
37
35
54
51
44
33
32
37
46
46
32
49
35
45
60
52
56
43
49
53
23
56
41
43
21
46
49
38
52
45
42
36
55
42
40
47
37
47
48
31
49
44
48
46
55
54
16
16
38
40
48
54
51
55
53
33
34
49
58
41
57
50
38
39
36
37
35
48
40
41
35
37
47
34
45
18
33
50
32
31
32
38
30
42
42
38
33
38
45
40
32
24
39
38
29
43
32
39
31
29
32
22
45
35
29
17
50
58
34
30
60
20
28
45
28
21
35
23
39
34
12
22
22
21
41
30
22
12
35
31
39
14
41
17
30
21
27
29
30
19
17
32
9
28
31
7
33
14
21
7
42
21
29
13
14
32
11
12
24
14
31
27
11
14
13
37
43
20
28
20
20
15
40
12
17
20
26
10
12
27
