7
20
51
37
40
43
20
46
36
76
24
40
18
32
24
33
21
33
30
26
62
31
34
17
19
32
31
46
23
36
54
39
41
13
33
24
18
31
19
31
34
22
17
27
29
32
32
19
20
29
35
33
45
31
35
7
21
19
50
48
70
42
41
34
52
27
36
54
33
47
28
25
56
85
35
41
40
60
42
32
44
34
50
44
53
24
33
46
28
32
34
32
35
75
61
53
25
52
44
47
53
45
38
55
79
27
30
27
21
79
28
63
60
48
46
71
51
35
54
48
42
46
37
33
53
42
51
25
39
72
67
26
48
53
40
46
64
51
48
39
36
40
41
49
44
37
53
40
33
30
48
13
38
32
45
44
41
23
36
39
35
29
7
43
23
37
55
60
72
31
36
33
16
50
19
32
31
52
46
27
50
47
44
31
33
37
36
44
53
60
50
23
59
29
43
60
64
44
60
39
49
45
35
19
44
35
30
28
51
42
42
28
39
32
56
33
29
38
41
34
59
45
25
36
57
23
28
32
33
28
36
26
28
33
21
44
28
44
28
33
34
25
29
21
26
36
27
15
19
47
24
37
30
29
21
5
36
31
31
15
38
23
20
22
33
42
19
48
27
22
24
40
46
15
43
32
19
21
13
21
19
27
26
17
31
22
18
33
