14
11
23
12
18
18
12
23
10
16
18
10
10
12
8
43
16
12
11
14
13
18
11
18
21
11
18
18
14
26
12
10
18
10
14
16
8
12
37
19
12
14
8
27
8
18
14
12
8
14
16
12
16
20
25
14
11
27
13
21
10
23
27
21
13
23
10
15
14
17
14
13
13
23
13
17
11
16
17
13
19
21
14
14
23
10
6
9
18
18
12
47
15
21
17
14
12
14
17
11
14
13
20
23
13
10
15
20
14
12
15
21
14
17
8
4
14
20
17
16
12
13
18
13
14
17
14
18
12
15
11
15
16
19
16
15
8
14
12
16
18
13
14
10
14
10
16
15
12
23
16
11
15
14
17
16
23
13
21
13
6
15
12
14
17
23
23
23
18
13
21
17
19
18
23
17
20
19
14
14
15
19
19
20
19
18
23
15
29
25
15
14
21
15
21
16
14
18
19
17
21
14
12
17
20
17
12
31
19
16
16
10
12
16
17
27
20
16
13
18
10
14
14
21
12
19
12
10
16
13
14
4
12
8
15
12
7
15
14
6
12
10
8
11
12
13
10
19
12
12
8
8
16
14
8
16
17
8
12
4
13
12
8
11
6
25
10
4
6
6
4
2
17
12
29
11
12
12
6
8
6
6
10
13
18
12
8
15
