8
4
9
6
4
8
2
6
11
10
8
8
8
10
6
9
6
2
15
6
2
11
0
6
6
8
4
8
13
10
4
8
8
2
6
4
6
6
8
8
19
6
13
12
4
10
19
13
15
17
17
10
13
12
13
11
15
19
15
15
15
13
8
21
21
8
23
11
28
10
23
15
12
11
17
26
17
13
25
12
10
17
13
19
13
21
12
13
17
23
13
25
15
19
10
15
32
11
21
11
38
15
15
19
21
15
13
19
23
34
33
33
11
19
13
13
8
19
13
33
11
17
19
27
11
17
15
13
8
33
15
23
13
9
11
28
30
19
7
28
27
15
8
10
17
17
19
34
30
10
41
34
6
29
36
23
21
26
19
44
19
13
19
48
25
27
15
29
13
16
12
19
4
13
21
8
10
4
21
8
8
10
11
15
6
8
4
4
13
4
4
6
8
14
15
6
2
8
4
6
10
10
8
10
4
15
8
4
12
9
6
12
4
6
7
4
15
6
6
13
8
6
4
6
10
8
6
4
10
11
19
6
4
8
10
6
12
13
8
6
6
0
6
8
6
8
15
8
0
6
11
8
10
11
6
12
6
6
2
7
0
6
6
6
6
4
11
8
4
6
8
10
10
9
6
8
4
4
6
2
17
8
8
8
17
2
7
8
