8
2
2
2
4
6
4
4
6
8
2
4
0
0
4
6
2
4
6
2
0
2
2
2
2
4
2
6
4
8
6
2
4
4
4
4
4
4
6
2
4
2
4
6
6
2
2
4
4
0
6
2
0
4
2
4
4
4
6
2
4
6
2
4
4
4
2
4
2
2
2
2
4
4
6
6
4
2
6
2
6
8
4
2
4
4
2
2
10
4
4
5
2
4
6
4
4
2
4
6
4
4
4
4
6
6
4
4
2
4
6
6
4
4
6
6
4
4
6
4
8
0
8
4
4
6
4
6
6
6
4
5
6
8
2
2
2
6
2
6
6
4
4
4
6
5
8
2
4
4
4
4
6
4
4
4
2
6
2
4
8
6
6
6
2
2
2
6
6
4
4
0
4
2
6
4
2
4
2
2
4
4
4
6
8
4
2
8
6
4
8
4
2
4
6
4
4
5
6
4
9
8
8
6
8
8
4
6
4
6
7
4
4
6
4
6
4
6
8
6
6
6
8
6
8
4
4
6
4
4
4
4
6
4
8
2
4
2
4
4
2
2
4
0
4
2
2
2
0
4
6
2
4
2
0
4
4
2
2
4
2
2
2
2
2
2
4
2
2
2
4
0
8
0
4
4
6
2
2
0
2
2
2
4
2
2
4
2
