0
2
0
0
2
2
2
2
0
0
2
0
2
2
2
2
0
2
2
2
0
0
2
0
0
2
2
0
0
0
2
2
0
2
0
2
0
0
0
2
2
4
0
0
0
6
2
2
0
2
2
0
2
0
2
0
0
0
2
0
2
0
2
0
2
0
2
2
2
0
2
2
2
0
0
0
2
4
0
0
2
2
2
2
2
0
4
2
2
2
0
0
0
0
2
0
0
0
0
2
2
0
0
0
2
2
0
2
2
0
2
2
2
0
2
2
0
2
0
2
0
2
0
4
2
8
2
2
2
2
2
2
0
2
10
0
2
2
2
2
0
2
0
0
2
2
2
0
0
2
0
0
0
2
0
0
0
0
0
2
0
2
2
0
0
0
0
2
0
2
2
0
0
0
0
2
0
2
2
0
2
2
2
6
0
2
0
2
2
0
0
2
0
2
2
0
2
0
0
0
2
2
0
2
0
2
0
0
2
0
0
0
0
2
0
0
2
2
0
2
2
0
2
2
0
2
2
2
0
2
2
2
6
0
2
0
0
0
0
2
2
2
2
4
0
2
2
0
2
2
2
0
0
2
2
2
0
2
2
0
2
0
0
2
2
0
0
0
2
0
0
2
0
2
2
0
2
0
0
2
0
2
2
0
0
0
2
2
