18
9
9
9
13
15
11
9
13
12
17
23
7
11
9
25
14
9
8
7
15
9
15
15
9
13
11
10
9
13
10
6
11
12
5
15
10
17
20
4
13
13
19
8
2
8
11
7
8
0
5
4
9
18
15
11
4
4
17
8
2
2
7
0
10
13
17
14
15
6
13
26
9
2
6
11
13
8
11
8
7
10
4
13
13
13
5
13
15
9
9
9
9
19
15
7
12
9
11
9
8
7
13
13
17
7
11
23
33
17
17
21
10
18
9
18
19
19
12
17
11
7
9
6
15
6
5
11
7
17
16
13
7
13
15
13
21
11
10
6
13
11
9
9
13
6
6
4
13
10
9
15
9
11
13
10
8
11
8
7
19
6
21
11
15
17
7
13
15
9
8
14
8
17
15
13
3
4
11
8
15
4
20
11
17
12
13
13
14
28
16
23
10
5
11
9
15
12
11
15
8
11
38
17
19
6
15
13
28
7
11
11
9
9
13
15
11
10
17
21
17
10
19
13
9
15
11
11
13
16
9
4
11
13
9
19
34
4
7
6
7
5
8
4
11
17
13
17
12
8
7
11
15
5
9
10
7
14
11
7
4
4
7
7
9
5
13
7
13
5
2
2
18
22
11
19
15
7
5
6
17
9
11
15
6
8
16
7
