23
22
17
11
7
15
34
11
21
17
13
16
20
20
25
23
20
13
6
15
20
13
15
15
11
15
30
22
11
19
26
24
13
31
11
13
16
5
15
15
42
32
36
33
23
22
42
42
40
39
38
64
31
25
31
64
80
64
50
38
38
35
54
0
47
65
56
62
60
55
44
58
52
53
31
44
62
67
58
30
40
61
20
70
48
28
11
41
27
26
42
45
60
58
72
54
44
49
35
35
58
34
24
48
37
26
48
38
45
42
44
48
64
55
32
14
44
47
39
45
34
41
39
36
28
69
50
33
45
67
17
15
36
49
47
63
42
47
40
43
45
47
44
30
50
43
59
41
53
34
56
20
58
52
36
42
66
70
69
47
44
53
59
60
56
34
66
60
61
48
69
22
66
38
53
47
67
67
68
82
48
36
35
54
61
44
49
57
17
32
41
59
36
60
59
35
15
58
42
75
47
54
64
55
55
44
36
56
73
72
33
54
36
31
46
26
49
42
45
43
47
66
32
36
49
58
51
46
58
57
43
16
41
35
52
29
26
28
35
5
20
13
17
13
16
34
18
15
9
16
28
8
34
13
13
10
33
9
14
23
15
14
17
13
23
11
9
26
4
18
7
32
23
63
16
15
9
21
10
25
16
18
32
11
17
13
18
17
