28
30
28
30
32
27
28
42
31
38
19
35
24
31
45
19
33
25
36
22
37
35
33
23
37
27
27
30
32
27
16
38
22
28
30
40
27
38
35
37
40
28
19
16
12
15
15
28
42
36
15
40
35
32
13
22
21
15
32
23
25
31
27
13
35
3
18
26
30
28
35
32
28
26
31
32
25
27
22
15
28
37
28
32
14
39
41
32
20
28
33
35
32
45
36
31
28
20
27
30
32
33
15
35
40
31
32
34
40
40
40
28
37
32
35
37
28
19
33
30
33
37
30
31
27
28
33
36
25
32
34
42
43
27
37
18
28
36
40
25
27
19
12
34
28
28
33
25
29
36
37
38
31
34
37
35
42
22
36
24
26
25
24
16
30
39
32
27
32
37
27
28
35
33
40
38
30
37
30
19
35
33
35
37
38
42
25
35
31
34
30
37
25
35
35
18
45
36
30
32
35
27
37
40
35
35
30
41
38
40
28
24
36
18
28
35
28
30
31
33
30
35
25
29
30
24
27
33
37
18
24
28
37
41
27
35
36
27
28
24
35
24
33
38
33
38
42
31
40
32
33
33
25
35
30
39
32
30
20
33
28
42
30
33
24
30
36
32
24
28
32
36
25
22
32
25
45
11
18
24
25
25
28
35
27
36
21
22
