48
7
43
26
23
68
67
38
71
21
43
6
37
56
29
29
11
41
42
30
38
20
17
36
48
28
41
7
27
15
59
19
8
13
21
30
8
23
22
9
28
0
27
32
18
23
17
33
43
17
21
13
17
19
43
22
28
52
22
28
63
19
15
15
13
51
37
27
72
38
42
22
17
19
23
26
26
17
17
9
33
21
31
23
19
10
35
33
13
44
23
43
31
17
17
26
30
29
21
17
45
24
23
39
32
7
28
22
35
15
40
11
37
20
34
53
21
21
18
11
33
29
28
39
26
41
24
34
34
26
15
23
21
43
32
13
36
26
10
9
9
67
24
45
11
55
45
38
29
41
26
26
34
18
43
26
15
29
29
45
28
44
46
11
36
38
30
55
25
15
45
50
51
38
79
17
36
34
39
39
23
13
38
44
45
44
35
15
45
30
39
43
55
40
41
61
43
37
22
21
33
43
38
11
17
17
47
63
25
39
19
11
66
32
19
25
18
26
49
27
44
33
22
52
29
34
10
23
24
23
11
13
19
24
26
41
13
36
28
11
19
45
30
11
27
50
13
37
16
58
22
15
76
17
18
28
13
7
32
17
15
31
24
26
11
53
16
33
8
20
32
15
17
39
13
8
40
27
27
31
18
36
13
34
51
30
35
33
