29
36
31
39
39
29
36
41
32
38
24
35
25
35
41
27
33
23
37
23
36
36
33
25
36
28
28
36
39
36
18
38
21
32
35
40
27
37
31
39
37
28
15
22
18
23
15
22
37
37
18
36
39
39
13
23
25
22
33
21
13
33
24
13
35
5
21
25
32
29
34
36
28
28
32
35
25
29
19
14
32
37
29
28
13
42
37
33
23
28
35
40
33
40
34
33
28
27
29
33
34
38
18
39
40
28
38
32
41
38
39
29
38
16
36
38
33
20
35
34
41
36
35
27
28
31
37
34
30
31
33
38
40
30
37
21
30
31
40
28
27
24
14
37
30
30
37
30
30
40
35
36
30
31
39
39
40
27
37
29
28
23
27
15
31
40
34
19
40
41
35
31
40
35
41
32
31
37
33
26
37
36
35
38
39
40
34
36
33
22
33
39
27
34
38
20
39
21
34
37
36
31
35
39
36
39
42
39
40
39
35
31
38
10
31
35
1
34
35
37
34
39
27
30
32
25
26
40
41
17
23
33
40
39
19
35
20
27
31
30
36
27
40
31
39
41
43
32
38
39
36
30
28
41
33
39
38
22
21
33
28
40
24
39
25
39
37
29
28
27
35
39
28
29
40
31
39
8
16
23
24
21
29
42
30
38
18
25
