4
2
2
0
7
2
0
2
8
4
6
4
4
8
6
6
15
2
8
6
11
19
2
2
4
4
2
4
6
4
4
6
4
0
4
6
4
4
2
4
8
6
4
0
2
2
6
2
2
4
4
2
2
6
9
4
4
2
2
10
2
6
2
4
8
6
6
9
2
2
6
2
5
7
4
6
4
4
2
3
2
87
6
6
4
9
3
4
8
4
4
2
8
6
2
6
7
6
6
6
2
11
6
6
2
4
4
2
2
6
4
10
4
2
6
11
2
6
2
6
11
6
2
4
6
4
6
2
3
8
7
4
8
8
4
4
4
4
8
4
2
4
6
8
4
2
8
6
2
9
4
4
4
8
4
13
4
2
14
9
4
4
2
7
6
4
6
6
6
2
4
6
8
2
4
6
4
3
4
4
8
2
8
6
6
5
7
4
3
6
4
9
4
4
8
7
10
10
6
11
5
7
8
6
4
10
8
7
6
9
4
2
4
2
8
8
6
6
15
6
4
6
4
2
4
8
2
4
6
73
8
2
2
2
6
2
6
2
0
4
4
0
3
6
4
4
2
4
2
10
6
7
6
4
11
8
4
6
8
8
4
4
2
4
6
5
6
3
6
4
4
4
4
5
4
4
6
4
2
2
7
4
2
2
0
5
4
9
