6
6
4
8
7
9
6
14
17
2
6
8
6
9
6
8
10
6
4
8
7
2
6
10
6
6
12
12
12
6
10
4
4
4
10
6
6
2
2
4
8
2
13
16
6
10
10
16
27
17
12
25
10
16
23
17
61
37
23
4
21
19
19
8
12
12
8
39
12
10
12
19
35
19
17
10
12
27
19
23
8
16
2
19
25
12
14
17
15
6
15
21
29
19
12
27
21
12
13
12
17
12
19
19
10
21
17
25
20
17
15
19
10
14
19
39
31
16
19
19
6
12
19
19
31
35
21
8
12
27
6
19
10
19
6
12
7
15
12
6
6
19
23
10
14
6
12
19
15
7
12
17
12
19
16
19
8
8
10
17
18
17
15
21
10
23
6
8
12
19
27
31
17
21
12
6
14
27
10
27
10
19
23
31
12
23
14
14
27
23
21
27
13
10
11
2
19
17
14
8
14
12
16
18
21
17
13
16
17
14
21
25
17
11
23
8
8
0
13
6
2
6
6
10
4
6
8
10
6
4
4
10
4
6
2
10
10
9
4
10
4
11
2
8
10
4
6
12
8
4
4
2
4
14
4
18
6
6
8
0
4
6
4
16
6
16
8
4
8
13
6
6
0
8
31
2
8
6
14
2
15
7
2
10
21
4
6
10
