30
34
70
89
66
80
84
74
66
57
93
81
39
46
75
35
42
43
60
15
49
9
79
80
28
64
72
74
89
66
68
40
78
58
30
11
38
25
75
79
19
68
75
41
70
38
24
28
40
66
74
62
42
51
72
57
80
78
32
18
34
74
80
74
87
95
73
71
77
35
72
21
43
38
68
83
28
59
81
80
68
9
21
28
28
73
50
89
76
47
6
66
48
45
9
28
32
85
77
57
19
34
45
51
57
43
2
61
66
77
0
68
24
68
38
66
82
17
19
23
35
30
72
68
53
46
37
66
48
30
7
17
9
69
77
19
38
70
47
59
53
95
63
9
26
25
9
29
9
60
49
49
68
64
10
93
80
24
96
61
47
57
85
75
72
93
19
26
19
28
78
81
89
71
81
89
91
19
28
39
10
9
40
49
85
38
82
53
38
0
38
80
65
74
36
79
45
60
60
50
58
68
28
18
41
28
46
70
61
87
77
44
49
41
4
0
73
33
72
83
24
55
65
78
53
24
32
18
74
87
77
38
84
74
85
35
9
19
58
9
15
72
38
70
42
91
47
30
91
19
19
83
26
85
69
19
30
53
86
55
74
53
60
46
57
68
74
33
62
80
89
66
57
9
8
35
40
41
79
0
86
42
74
83
61
0
36
28
