9
1
0
0
0
0
0
0
0
1
8
17
20
4
0
0
0
0
1
1
0
0
17
22
0
0
0
1
1
0
3
0
0
5
11
18
11
15
0
0
1
1
0
1
4
0
6
7
15
10
4
0
0
1
1
0
0
0
8
4
9
9
0
0
1
1
1
0
0
11
7
9
0
0
0
0
0
0
0
0
1
8
5
9
11
14
0
0
0
1
1
1
1
9
5
4
9
12
0
0
0
0
0
1
2
1
7
10
13
8
0
1
0
2
0
0
1
0
6
3
8
7
7
0
0
0
1
1
1
0
9
6
5
8
6
1
0
0
2
1
2
0
3
5
7
5
2
9
9
0
0
1
3
0
0
0
1
0
0
5
5
7
8
25
18
0
1
4
0
1
1
6
6
7
7
7
12
6
0
0
0
1
0
1
0
0
6
7
7
8
11
0
0
1
1
2
0
4
10
10
6
6
8
0
0
1
0
2
0
0
6
5
6
10
15
0
0
0
1
1
0
0
1
0
0
5
11
9
3
8
0
0
0
0
1
1
2
0
6
11
7
15
0
0
1
0
1
1
0
0
0
5
6
8
17
0
0
0
1
0
1
1
0
0
0
4
8
5
3
12
0
0
2
1
2
0
5
2
6
6
5
6
0
0
0
2
0
1
