0
8
9
9
9
7
0
9
7
9
8
0
8
0
9
10
9
9
5
9
9
9
8
9
9
14
8
5
8
9
8
9
9
9
0
0
13
8
8
9
9
2
9
9
15
9
9
10
9
8
9
16
8
8
8
9
9
5
8
9
9
9
14
9
8
9
8
0
8
9
0
5
9
0
9
8
0
8
8
2
8
8
9
6
8
9
7
8
9
9
9
0
7
8
9
5
9
0
9
9
9
9
9
8
9
2
9
9
9
9
9
8
9
8
9
9
9
2
8
9
3
8
7
9
9
9
8
0
8
8
8
8
8
8
8
6
5
9
9
8
9
17
9
7
9
8
9
9
2
20
9
0
7
8
7
8
9
9
9
0
9
7
8
9
9
8
7
8
3
9
9
32
9
6
9
2
8
7
0
9
9
8
0
0
0
9
9
9
8
8
9
9
9
8
8
3
9
9
8
9
8
6
8
7
0
9
8
0
8
8
2
9
9
9
9
8
0
9
0
7
8
5
11
9
8
7
8
9
9
9
9
8
8
8
9
9
9
9
9
9
9
9
9
0
0
7
8
9
9
7
0
7
8
9
3
7
9
7
8
0
9
7
8
7
17
0
9
9
9
9
8
17
3
9
9
9
8
9
9
8
9
9
9
8
8
9
9
8
