1
3
0
0
0
0
3
3
0
0
6
0
0
0
3
2
3
1
0
5
0
3
1
2
3
6
0
3
6
3
0
0
0
5
0
0
0
0
1
3
1
4
4
0
3
3
2
1
0
1
5
1
5
3
0
2
1
5
6
2
5
0
4
16
0
2
2
9
0
0
3
3
0
1
1
0
0
3
1
0
0
1
1
0
0
0
0
0
4
0
5
0
3
0
0
0
1
0
1
0
3
1
1
0
1
0
0
4
0
0
0
0
0
1
1
5
1
0
0
0
0
3
0
1
1
1
0
3
0
0
0
1
0
0
0
1
7
0
0
0
0
0
1
1
1
1
0
5
1
0
1
1
2
0
0
1
1
0
0
1
0
1
0
0
0
0
0
9
0
0
0
3
0
0
0
3
0
0
0
3
1
0
0
0
1
0
0
0
4
7
0
0
2
0
3
0
1
0
1
0
0
0
1
1
3
0
0
1
0
3
1
1
0
6
2
3
1
3
0
1
4
0
1
0
3
0
3
1
1
1
0
1
0
0
3
5
3
3
0
0
0
9
0
0
1
0
0
0
0
3
0
1
4
3
1
0
0
4
1
1
1
1
1
1
1
0
0
1
4
1
3
0
0
0
0
11
0
2
1
0
0
0
1
0
3
0
3
2
