0
74
0
5
1
0
0
5
5
0
1
0
1
0
37
0
1
3
5
1
1
0
1
5
0
0
0
1
1
7
1
0
1
0
5
1
1
0
1
0
1
1
5
3
0
0
3
0
0
0
1
5
3
3
1
1
1
5
0
0
1
1
1
0
0
0
5
1
1
5
0
0
0
0
3
0
3
0
0
1
1
0
36
3
1
7
1
1
0
1
0
5
1
0
0
1
3
1
0
0
0
0
0
5
1
1
0
1
1
5
3
0
3
1
7
0
1
3
3
3
5
5
5
0
1
13
1
1
0
1
1
1
3
1
1
0
1
1
0
0
3
3
1
0
1
3
3
0
1
1
0
0
1
0
32
0
3
0
0
29
0
0
1
1
1
5
0
1
1
1
0
3
1
0
0
3
0
1
5
0
0
1
1
3
1
3
7
1
0
0
0
0
1
3
3
1
26
0
0
1
3
0
0
1
0
0
5
1
5
10
0
0
1
3
1
7
17
0
1
5
1
0
3
0
1
1
0
5
0
7
0
0
1
3
3
0
1
1
0
3
5
1
1
0
0
1
0
0
3
1
3
1
0
1
5
1
0
3
3
0
0
0
3
5
7
11
1
5
3
3
0
0
3
0
1
1
1
0
0
7
5
7
6
0
12
1
3
65
