7
5
9
5
5
5
5
9
15
9
13
7
22
7
9
5
12
9
4
8
5
4
9
8
22
9
7
7
7
4
9
8
6
8
9
5
13
5
4
4
4
5
7
30
7
9
15
8
10
6
9
9
5
8
8
6
14
6
11
9
2
28
4
7
4
17
4
4
10
6
5
7
15
6
4
11
4
6
8
9
11
3
5
20
9
6
16
13
7
9
10
5
4
4
9
7
67
19
12
7
10
15
5
11
7
5
4
16
8
6
11
7
7
6
2
11
9
15
8
6
5
6
14
11
17
7
6
9
3
5
5
6
5
9
5
5
5
9
5
5
4
2
5
9
14
5
9
5
8
8
7
15
5
9
7
6
9
11
6
7
5
11
8
11
7
5
5
11
11
15
5
9
6
11
7
6
7
9
4
11
2
10
11
9
7
4
8
6
13
7
6
10
16
7
5
11
4
7
9
11
15
7
9
7
5
5
7
4
7
13
6
9
9
9
10
9
21
4
9
11
8
6
7
11
9
8
9
7
9
6
7
8
7
23
4
2
9
2
4
5
6
6
4
12
7
7
7
14
18
7
9
6
9
6
4
11
13
11
7
7
7
9
8
8
7
13
7
11
15
11
7
13
12
9
3
22
4
11
9
5
8
4
15
2
7
7
14
8
