30
36
35
35
19
32
17
25
29
32
38
5
40
18
13
39
39
18
36
33
51
34
28
45
23
24
25
16
45
28
52
37
22
74
31
15
5
20
36
22
26
15
49
21
21
14
22
62
74
34
14
39
23
30
15
33
24
22
28
28
26
20
49
35
35
38
21
28
14
36
52
28
19
10
11
51
31
35
59
41
36
48
42
16
28
30
26
36
30
42
43
50
39
40
34
23
24
21
4
63
36
48
14
19
58
29
29
29
30
26
53
39
76
25
35
35
24
26
17
25
28
21
36
29
27
36
31
24
45
43
30
57
38
32
35
31
24
39
50
37
54
19
53
25
51
71
59
56
51
26
75
21
36
69
28
39
42
26
27
22
45
48
35
44
36
33
37
52
71
36
68
49
33
26
73
11
19
30
62
33
19
48
44
47
84
69
14
34
34
45
10
21
34
54
75
55
40
19
34
40
34
28
53
35
27
63
45
34
20
42
42
53
44
46
26
31
29
36
40
11
24
40
26
15
51
50
30
44
17
21
23
12
28
26
18
15
28
25
31
23
25
38
26
12
17
40
32
17
23
24
17
11
28
20
23
26
22
10
23
21
8
18
28
11
10
20
23
36
22
14
15
14
18
3
28
22
37
13
9
29
26
15
25
15
51
23
10
39
