5
15
22
28
19
11
25
13
23
13
7
9
24
26
15
4
11
7
9
29
24
18
17
23
13
6
25
2
6
13
5
9
20
7
12
6
7
17
6
15
15
11
6
13
8
8
4
6
18
6
9
13
9
20
13
22
42
4
30
6
20
15
6
19
17
6
13
9
5
22
17
11
10
24
9
9
17
20
7
13
7
9
29
25
45
15
26
31
18
24
11
15
37
36
21
27
57
5
17
13
26
22
11
7
25
16
16
11
40
26
2
15
26
5
7
14
7
20
27
26
54
16
9
9
9
21
25
17
22
15
13
9
41
23
31
30
16
7
7
13
11
16
22
9
13
20
6
26
15
11
32
19
16
18
20
20
13
18
32
16
21
30
7
13
13
13
11
18
6
23
30
6
14
22
4
19
26
13
20
28
11
6
19
14
14
11
15
24
11
9
9
11
13
18
24
18
19
4
0
4
2
13
9
26
13
18
17
19
22
14
20
27
21
23
19
18
13
19
11
17
9
9
13
9
18
19
23
15
16
21
11
22
21
11
22
13
13
6
20
6
19
4
7
19
19
28
6
11
14
18
11
15
17
15
13
26
26
11
6
9
11
20
14
7
17
13
14
15
6
6
4
20
13
16
30
6
18
9
11
7
16
11
13
7
9
11
10
11
