11
8
6
10
15
13
8
6
6
13
13
10
13
15
10
8
15
10
4
12
2
6
6
8
17
10
10
13
12
4
6
8
14
8
8
15
8
10
4
4
2
10
13
8
15
10
12
13
8
13
13
13
13
6
21
10
10
10
6
19
10
13
4
12
10
12
21
8
15
10
29
13
10
12
8
8
10
13
10
6
13
11
15
10
8
6
13
6
12
13
19
8
19
8
15
15
19
12
48
6
4
17
10
6
10
15
13
13
12
10
8
12
17
8
12
13
13
12
12
6
8
6
10
12
4
19
50
13
10
15
10
10
12
2
19
6
2
4
4
8
8
10
4
6
4
12
8
4
6
2
2
10
6
6
6
4
4
6
6
8
2
4
10
6
10
4
4
6
8
25
8
2
10
6
2
4
6
0
4
4
10
2
6
2
2
6
4
8
6
2
2
2
4
6
4
2
6
4
2
4
4
2
6
10
11
8
6
2
2
4
4
6
8
6
4
6
6
4
4
8
4
2
6
8
6
8
2
4
4
2
4
4
6
6
2
6
0
0
8
4
2
2
2
8
8
8
4
4
13
8
4
4
2
2
4
6
8
10
2
2
4
0
10
8
10
10
10
8
10
4
2
12
12
13
10
10
8
8
4
10
8
8
11
8
6
11
10
19
