12
10
12
4
15
8
6
10
6
4
19
10
15
12
12
6
4
8
8
2
10
4
6
13
12
8
8
8
8
6
4
15
10
10
4
4
6
10
10
6
2
12
6
2
6
10
10
4
2
6
2
14
4
8
10
12
12
10
8
6
12
8
12
8
8
6
13
6
12
10
6
21
14
40
6
4
6
12
14
6
4
10
4
6
10
6
4
8
6
6
10
10
8
8
17
13
12
14
6
6
21
12
10
6
8
6
12
6
14
8
14
13
12
14
8
13
12
10
8
10
12
10
14
8
12
6
10
13
12
13
12
12
6
8
6
15
10
8
39
14
8
13
12
14
6
17
10
12
10
14
10
10
2
6
17
6
12
15
12
6
10
4
8
6
8
12
10
8
10
6
8
8
6
12
12
6
17
10
8
13
6
6
10
8
15
10
6
8
10
6
6
14
10
12
15
14
4
4
14
14
15
13
14
4
13
14
4
14
10
8
10
15
14
12
8
2
8
6
12
8
6
14
6
10
10
6
8
6
15
6
8
12
12
10
48
6
6
6
14
6
10
10
10
17
12
12
12
12
15
4
10
12
8
12
4
10
6
8
10
6
13
6
8
8
8
4
6
4
12
8
10
8
39
6
8
12
14
4
2
10
4
6
12
10
13
13
4
10
