37
38
35
37
28
39
34
38
17
34
29
38
28
38
38
38
38
37
38
39
38
36
38
39
33
29
38
39
30
38
38
39
38
38
38
38
38
39
38
38
37
38
39
37
38
29
36
37
38
38
38
29
38
37
38
37
38
36
38
37
37
37
38
28
38
38
36
37
37
29
37
37
38
37
39
39
38
39
37
33
39
38
38
38
39
38
38
28
38
39
30
38
38
34
37
38
38
39
39
29
37
38
38
38
38
37
37
38
38
38
34
33
35
38
38
38
37
27
22
36
39
38
26
38
39
35
38
38
34
38
39
36
35
37
37
37
20
29
37
32
28
38
33
38
38
37
38
38
14
38
37
38
28
38
27
38
39
37
29
38
38
39
38
26
27
38
38
39
25
38
37
37
36
28
38
36
28
38
36
34
37
39
28
38
37
38
29
38
38
34
37
37
25
34
32
37
38
39
38
38
37
37
38
37
38
28
37
39
37
38
38
28
36
38
37
33
39
29
38
38
37
38
38
28
37
36
38
38
37
27
38
29
38
38
38
38
37
39
39
39
39
38
37
38
37
38
37
29
39
23
39
39
37
38
39
39
20
39
38
38
37
38
38
39
38
28
33
39
22
39
26
34
28
22
28
39
37
38
38
38
39
38
38
38
39
35
38
38
