5
5
0
5
7
5
12
0
7
0
4
0
5
6
4
0
5
6
0
0
7
9
9
0
3
5
15
0
6
0
16
0
7
3
0
0
4
0
7
0
9
0
9
0
7
6
7
8
6
0
6
0
5
0
5
0
7
0
7
5
4
0
3
0
7
0
5
3
6
0
5
0
4
5
7
0
0
12
2
0
0
5
7
0
0
7
14
0
0
11
9
0
0
9
14
0
0
6
4
0
0
7
4
0
0
5
4
0
0
5
11
0
0
7
8
0
0
14
6
5
0
0
0
0
0
4
6
0
0
0
2
0
8
4
0
0
0
4
9
0
0
0
0
0
0
0
0
0
0
0
0
2
5
0
0
0
0
0
14
0
3
2
0
10
0
4
2
0
3
5
2
3
7
5
0
0
0
0
0
0
0
0
4
0
0
5
0
0
0
0
0
2
0
0
2
3
0
0
6
7
0
0
3
4
0
0
2
0
2
14
0
0
6
6
0
3
0
12
0
5
0
5
10
6
0
1
0
8
0
5
0
7
0
2
5
10
0
0
11
3
0
0
13
11
0
0
10
12
0
0
3
5
0
0
5
21
18
0
10
8
3
0
3
3
0
0
17
9
0
0
9
7
0
0
7
21
0
3
3
3
0
0
9
0
6
0
23
5
