71
0
6
26
4
2
24
8
4
16
2
4
4
4
2
4
2
33
6
2
2
2
2
7
2
2
6
2
4
0
2
6
22
3
2
30
8
38
6
2
0
2
9
4
0
4
4
5
2
2
4
8
37
4
2
4
3
4
4
8
4
39
0
0
4
4
6
47
4
4
0
4
6
2
2
0
4
22
4
5
4
23
4
28
2
3
2
4
4
4
6
0
13
2
17
2
4
2
0
4
2
4
41
4
4
4
19
2
45
6
2
15
4
4
6
3
0
5
2
6
23
9
13
29
10
4
30
2
2
6
7
4
38
4
2
17
6
4
39
2
7
4
7
4
4
2
4
76
4
5
2
4
4
0
2
2
0
4
6
6
0
34
6
2
8
2
2
4
4
4
30
5
2
20
2
0
4
12
2
2
8
2
7
11
29
4
6
37
7
2
28
4
0
22
4
4
4
4
2
22
14
24
21
26
21
4
8
7
0
6
4
15
4
2
20
35
4
4
44
4
2
21
2
2
18
18
0
27
0
6
5
4
11
6
4
3
2
15
20
2
9
17
6
5
0
4
20
6
6
2
4
4
23
0
2
4
8
2
4
2
4
9
2
2
6
2
4
8
0
4
4
23
5
2
25
8
4
8
0
6
40
4
0
32
32
0
4
6
