14
4
7
6
2
4
3
14
7
8
8
8
7
5
4
10
11
7
8
5
7
8
8
3
14
4
5
6
6
3
4
6
8
8
11
7
12
4
13
3
6
12
4
7
10
10
10
6
11
7
5
4
9
8
7
9
9
9
13
7
7
12
7
10
0
13
6
9
9
13
10
9
7
8
4
10
7
10
10
5
9
11
9
7
7
15
16
21
8
13
5
6
7
9
4
7
11
10
9
15
8
11
7
4
5
11
11
14
4
12
11
12
17
8
9
9
11
5
13
10
9
14
14
15
17
11
11
10
15
9
13
11
7
9
9
11
9
7
12
9
7
7
9
6
6
5
19
12
13
14
8
2
6
8
8
10
6
11
17
18
10
24
10
9
19
12
7
11
12
7
7
12
9
10
7
11
10
17
11
6
8
9
7
11
10
9
11
5
8
12
11
9
8
10
11
5
14
7
8
6
9
12
11
6
4
11
8
5
9
11
9
8
10
9
9
16
10
4
6
11
10
16
11
7
11
6
11
11
2
15
16
7
7
10
23
6
9
14
5
6
12
15
19
10
5
12
4
12
10
10
7
9
15
13
4
20
14
9
18
13
9
6
9
9
7
9
14
12
13
8
5
10
7
11
14
10
6
15
15
11
9
9
10
9
10
9
7
2
