35
46
30
16
24
39
39
43
45
23
40
39
30
29
33
52
51
34
11
31
26
49
30
62
68
60
52
67
38
57
43
44
35
22
45
19
74
49
38
25
51
48
32
26
34
22
42
26
40
44
38
37
57
18
69
32
35
30
46
15
32
18
39
32
36
55
39
35
55
27
61
39
27
50
12
49
31
29
81
48
40
30
27
17
41
44
55
48
44
39
43
44
34
39
17
29
26
37
19
28
46
22
49
42
43
56
22
36
38
36
38
18
44
30
57
30
35
34
30
34
25
37
39
68
46
33
31
40
27
47
20
28
50
29
35
39
60
35
27
33
29
38
22
41
21
33
36
27
62
39
36
17
31
27
26
35
43
47
42
29
24
29
31
44
35
40
35
34
19
33
17
17
10
31
35
14
47
28
38
21
26
28
24
18
29
13
44
24
29
24
43
19
12
28
43
38
21
36
33
31
37
44
30
35
41
30
27
36
34
35
45
23
25
36
20
40
30
17
30
23
30
61
21
32
20
30
25
12
36
29
24
44
36
35
23
20
42
49
26
29
40
29
42
44
27
18
34
40
19
18
40
35
43
42
43
31
43
40
32
46
35
33
52
18
20
42
49
31
31
58
16
37
55
31
41
23
54
43
41
33
26
37
44
23
42
49
26
25
