14
6
7
0
16
9
4
0
11
11
0
9
15
9
7
9
9
14
0
17
22
14
8
0
12
13
0
21
16
12
0
10
13
16
0
16
7
10
0
13
10
0
15
0
11
9
7
13
9
0
11
0
9
8
0
10
9
9
0
16
0
9
7
8
0
11
11
0
0
10
11
0
0
11
13
0
11
0
10
0
16
0
7
0
12
0
8
11
10
12
11
12
10
15
16
14
9
18
13
14
2
10
15
10
0
12
12
0
0
11
31
0
0
14
14
0
0
13
21
0
0
0
0
0
7
6
9
0
10
12
0
0
11
11
7
0
16
2
8
0
0
0
0
0
0
0
0
0
0
0
15
0
0
0
0
5
0
0
4
0
0
8
0
23
0
0
6
11
0
0
10
20
0
0
0
0
0
0
0
0
0
0
0
0
0
0
0
0
0
0
0
10
0
11
12
0
12
28
16
22
0
5
0
7
0
9
0
7
0
9
0
29
14
11
0
12
0
20
0
16
8
15
0
15
0
18
0
10
0
11
0
13
11
12
0
14
9
3
11
35
12
4
14
15
3
0
3
18
0
0
10
12
0
0
28
7
0
0
13
13
17
0
0
3
9
0
7
7
5
0
2
10
9
0
0
12
15
0
8
8
35
0
11
0
6
0
6
16
