20
3
23
1
1
26
23
25
16
17
8
18
36
33
0
16
1
31
3
38
14
4
1
10
1
0
1
9
2
13
21
1
19
19
3
3
1
12
22
12
23
28
2
19
1
35
18
24
1
12
12
26
23
1
13
0
21
1
18
3
10
30
11
25
5
27
21
1
27
31
9
22
24
2
6
8
23
2
36
25
31
2
30
1
6
8
3
18
23
19
26
21
1
19
9
24
0
17
15
17
5
14
25
23
3
4
8
26
3
0
0
15
11
14
4
6
15
22
19
17
9
26
1
3
18
17
20
19
3
28
1
21
3
0
16
22
1
19
0
28
11
18
14
3
3
20
4
2
3
21
21
24
4
16
20
31
0
3
18
26
1
22
20
9
9
15
21
19
18
22
1
11
20
16
0
7
7
12
1
21
3
3
2
17
3
3
1
9
0
14
21
2
17
3
9
4
0
12
7
20
13
19
19
16
0
0
1
21
14
6
22
5
16
18
22
1
8
0
0
2
2
14
13
4
15
18
26
23
7
1
1
18
3
9
27
7
14
17
13
1
9
1
4
4
0
0
3
16
0
14
20
15
27
21
24
0
3
14
19
4
0
1
38
19
15
2
1
13
14
22
1
23
16
8
3
4
23
23
4
24
3
3
1
13
14
18
16
26
