3
5
9
2
2
4
2
0
0
0
2
2
2
6
2
2
3
2
2
4
4
4
2
0
4
4
2
2
2
4
2
4
4
6
2
0
4
8
4
2
2
10
4
2
2
0
4
0
2
2
2
2
4
2
4
4
12
4
4
0
11
0
2
0
0
6
2
4
2
0
0
2
5
2
2
0
0
6
2
2
2
0
0
0
4
2
2
2
2
4
2
4
8
0
4
0
0
4
2
2
2
0
2
2
2
2
4
2
0
2
2
2
2
2
0
2
4
0
6
2
2
4
0
0
0
7
4
2
4
0
2
4
0
0
2
2
2
4
2
2
4
2
2
0
6
2
2
2
0
4
0
0
2
3
4
4
6
2
2
2
2
2
2
15
2
2
4
0
2
0
4
4
4
2
2
0
2
2
2
2
4
2
2
0
2
0
2
0
2
4
0
0
2
2
0
4
2
5
0
2
0
4
0
2
2
2
4
0
0
2
2
4
0
2
2
4
2
2
0
4
6
6
2
0
0
4
0
2
4
2
2
4
0
3
4
2
4
2
4
2
0
2
2
4
2
0
2
2
2
6
4
2
2
2
4
2
2
13
2
0
4
2
2
4
13
0
2
2
2
6
2
2
2
0
2
0
2
2
4
4
11
2
4
2
2
0
2
2
