4
9
5
1
5
5
3
4
3
3
4
5
3
2
0
2
1
1
5
1
5
6
5
6
4
1
3
4
2
1
5
5
4
3
0
2
2
5
1
11
2
2
7
0
7
5
7
0
2
5
3
7
9
7
9
4
7
4
9
15
2
7
3
3
4
6
4
15
2
5
5
5
0
2
9
2
13
7
9
2
2
2
4
2
4
5
6
5
3
3
3
13
0
2
15
2
4
6
4
3
0
1
2
2
5
4
0
2
13
5
7
2
4
15
7
2
5
2
4
6
13
2
4
5
7
5
6
2
0
7
3
4
5
2
5
13
2
5
3
11
0
7
2
2
2
2
0
5
4
6
7
4
0
4
3
4
4
4
1
4
2
9
2
13
5
9
6
3
0
3
1
2
4
2
0
7
6
9
2
6
4
3
15
11
6
15
6
2
0
4
9
5
5
5
15
11
2
3
7
1
5
2
7
2
1
11
2
2
2
2
5
4
0
9
2
7
3
5
3
0
5
3
4
2
3
4
2
4
3
0
4
0
2
4
7
7
0
2
4
0
2
2
3
13
5
4
4
0
5
0
4
4
2
0
5
5
0
5
2
4
3
11
2
21
6
2
0
2
3
0
7
2
5
5
1
3
5
0
0
4
2
2
2
2
5
9
2
6
