9
12
8
9
16
10
5
9
6
14
13
7
15
3
9
10
5
9
14
16
10
7
15
11
13
7
7
9
5
8
9
13
5
17
9
6
14
9
13
12
8
10
9
7
9
9
7
5
12
16
9
10
7
14
7
9
20
10
15
14
11
4
7
13
6
8
13
2
16
15
8
13
15
7
7
5
6
11
19
12
13
6
7
7
12
6
6
14
5
12
13
13
6
16
9
10
11
7
10
10
11
4
5
15
10
3
11
12
13
11
14
15
8
9
17
7
17
26
12
13
5
13
14
12
11
14
6
3
10
19
7
11
14
21
11
11
14
10
9
9
9
9
10
4
16
10
5
15
9
10
18
20
9
23
10
8
12
15
14
20
10
2
4
12
4
4
2
4
7
11
4
2
0
0
4
3
6
2
5
2
7
4
5
3
7
7
2
5
14
1
5
3
0
6
4
7
0
2
2
2
3
2
3
2
2
2
3
6
3
2
5
2
2
4
3
5
3
0
5
5
8
2
3
3
5
5
7
4
5
2
5
2
3
5
3
5
7
4
4
5
14
5
2
5
3
4
4
2
10
5
6
2
3
10
9
2
3
3
7
2
2
2
3
0
2
3
2
9
2
2
2
5
4
2
0
4
4
4
3
3
21
2
6
3
7
6
5
6
