3
3
0
2
1
7
3
1
3
0
0
0
0
7
3
0
3
1
0
42
0
3
5
0
0
3
1
61
1
0
0
0
3
0
0
0
0
0
0
5
1
2
0
2
0
0
0
0
0
0
0
3
1
1
0
0
0
3
0
0
1
33
3
0
3
0
5
0
3
0
1
1
9
3
0
0
1
1
3
1
1
0
1
5
1
1
1
1
3
0
7
0
1
3
1
0
3
0
0
1
1
0
3
1
3
7
5
0
1
0
0
34
0
0
3
0
0
11
0
0
0
0
0
0
4
0
5
0
1
1
0
9
0
0
1
3
0
5
0
7
5
0
3
9
0
5
28
5
0
5
0
3
0
5
1
5
1
0
0
3
0
3
0
5
0
1
0
3
0
0
0
0
0
7
1
0
1
5
0
3
0
7
0
5
0
6
1
0
0
3
5
3
0
0
0
5
1
3
0
0
0
3
0
1
0
0
0
1
5
7
0
0
0
0
0
5
1
0
0
5
0
5
3
0
3
0
3
3
7
30
1
0
0
7
0
3
1
0
0
5
0
41
0
3
1
3
3
3
3
0
0
2
0
0
0
0
0
2
3
0
3
7
0
7
0
0
1
0
1
3
3
1
3
0
1
3
0
0
1
0
0
5
3
5
0
13
0
0
