17
15
13
9
22
8
18
20
10
34
19
6
23
6
15
8
9
2
13
12
14
15
6
12
14
17
11
4
8
17
15
16
16
14
8
17
6
17
6
20
17
24
19
6
7
26
23
10
10
16
9
28
18
9
17
20
13
15
15
12
17
13
6
6
13
17
16
21
20
11
15
21
4
18
8
25
23
8
10
4
10
11
19
29
11
6
10
9
24
26
15
9
11
12
19
14
22
8
19
21
0
6
11
20
11
11
14
13
17
21
15
13
13
14
14
15
24
11
15
22
31
12
22
23
23
0
17
20
13
27
39
9
27
12
31
21
10
26
13
13
26
19
23
18
11
15
9
10
35
16
13
11
6
21
13
6
6
12
6
17
17
21
11
9
13
15
24
13
17
17
23
4
13
15
11
19
7
4
6
2
13
13
13
4
14
9
9
12
6
13
13
6
7
15
0
15
8
6
19
21
11
8
15
15
2
8
11
5
4
9
15
14
13
9
19
19
13
13
17
8
7
11
9
9
17
15
5
15
8
6
10
10
22
15
8
15
5
12
8
11
10
4
7
8
8
10
8
12
6
6
13
7
13
8
13
12
15
6
6
13
11
17
14
11
8
6
6
6
14
6
10
7
13
13
19
15
17
15
12
8
6
13
11
13
12
8
14
7
