31
13
21
17
17
12
23
21
13
19
8
11
8
17
17
8
15
23
19
6
12
27
21
18
8
35
16
8
21
14
17
17
14
21
11
27
21
6
10
12
16
16
12
6
19
19
31
23
39
18
21
12
21
19
11
27
4
21
8
19
43
19
17
12
10
22
10
8
15
11
14
16
11
10
2
10
25
8
19
15
23
23
35
6
4
8
23
15
27
19
48
29
31
29
16
12
25
21
14
33
4
25
8
27
8
23
10
4
15
18
11
37
10
19
15
25
15
27
18
13
10
13
10
19
10
15
23
17
36
23
14
13
29
15
10
19
23
13
29
12
21
20
8
17
12
23
29
2
10
24
10
8
17
15
23
12
12
12
25
12
28
15
17
13
18
8
8
21
23
6
19
18
31
35
19
6
23
19
19
8
16
14
37
6
16
12
10
16
7
37
6
44
29
10
22
23
11
8
16
21
21
12
13
13
18
21
19
10
9
31
25
8
14
10
17
21
10
21
8
14
25
11
33
15
23
19
15
27
15
31
15
6
29
16
20
27
14
10
23
30
18
12
14
28
19
14
12
8
12
13
25
18
10
12
12
17
16
16
23
23
31
11
12
19
21
12
16
6
16
15
19
12
20
17
17
16
12
16
11
25
13
6
20
18
28
17
8
14
