1
1
1
0
0
0
0
1
0
0
0
0
0
0
0
0
0
1
0
0
1
3
0
1
3
1
0
1
1
0
0
0
0
1
5
1
3
1
2
1
3
5
0
0
1
0
1
0
0
1
5
0
1
1
0
3
1
0
1
0
1
1
1
3
1
0
1
1
0
0
1
0
0
0
5
1
0
1
0
1
0
0
3
0
1
0
1
1
0
0
0
0
3
1
0
0
0
0
0
0
0
0
2
0
0
0
1
4
0
0
1
0
0
1
0
3
3
0
0
0
0
0
1
0
0
0
0
0
0
1
0
0
4
0
0
0
0
1
3
0
1
0
0
0
0
0
0
0
0
0
0
0
0
0
0
0
0
0
0
0
1
0
0
0
0
1
0
0
3
3
1
0
1
3
1
3
6
1
0
0
0
1
1
1
3
3
5
1
3
4
1
1
3
0
3
0
0
1
3
1
0
1
3
3
0
1
1
1
3
3
1
1
0
4
1
4
3
1
6
1
1
3
3
1
3
1
3
3
0
0
1
1
33
32
1
38
36
1
3
1
3
35
5
9
1
3
3
5
0
5
5
4
0
3
7
0
5
1
1
1
3
1
1
1
1
0
0
1
0
0
1
0
1
1
3
3
5
3
1
1
4
4
1
0
3
1
3
1
