42
80
29
70
76
80
67
38
78
69
79
71
70
78
71
70
75
71
71
46
38
85
38
77
67
73
36
41
79
77
78
49
54
53
71
56
43
71
84
37
65
73
78
70
74
44
57
72
72
37
69
67
78
70
32
79
61
42
80
25
74
36
24
63
35
24
77
70
72
73
74
73
72
66
45
77
58
40
80
76
78
40
68
39
34
31
37
25
61
51
77
82
75
56
36
76
69
82
58
68
72
72
51
45
60
31
79
73
89
47
41
71
47
40
40
38
29
75
76
74
34
61
84
73
72
69
41
71
73
72
70
40
40
66
70
71
58
65
59
37
55
84
78
79
26
69
66
65
38
63
61
76
51
79
73
80
35
34
38
77
84
49
83
74
58
82
74
56
29
73
54
73
75
64
52
61
43
30
50
69
62
67
32
69
28
32
68
33
61
33
39
33
29
36
23
48
24
18
30
30
55
12
34
72
33
43
32
42
72
39
35
56
44
33
37
26
29
72
57
44
39
37
54
29
30
52
46
42
35
70
75
39
57
35
9
71
52
41
83
56
43
67
20
73
41
39
35
58
24
32
44
67
78
39
19
41
36
31
58
38
35
34
38
48
37
58
24
63
43
36
42
52
32
37
76
66
78
55
36
65
40
37
54
65
57
30
58
51
