66
59
52
27
62
58
68
65
30
41
18
57
63
49
61
50
30
42
54
60
61
68
66
63
50
59
64
7
65
71
60
28
43
45
58
59
27
67
13
62
63
62
74
57
68
72
63
69
68
63
58
19
20
59
72
62
20
56
64
63
72
54
64
63
58
64
39
68
36
60
76
67
69
65
65
25
73
25
25
57
37
73
34
75
77
35
48
60
82
35
68
36
72
69
71
76
76
61
75
61
60
74
12
77
55
72
74
35
71
64
18
73
70
76
76
74
56
61
79
32
76
40
45
74
59
81
77
65
79
25
69
72
30
73
60
59
75
69
30
61
62
68
71
77
35
70
72
70
68
75
63
75
74
59
77
67
67
68
36
41
70
74
61
70
54
72
64
54
63
70
58
72
53
54
59
64
68
73
75
51
64
66
50
53
71
62
47
71
61
39
70
74
52
73
66
62
37
66
66
57
76
73
66
67
63
25
71
68
35
66
50
59
47
62
15
65
63
71
68
63
70
64
71
72
68
71
35
36
71
53
63
38
41
34
34
38
37
40
32
57
69
37
28
60
51
55
35
61
69
21
66
20
73
68
70
73
65
40
23
45
15
64
49
49
54
62
37
49
65
69
53
34
47
29
49
34
67
58
73
68
44
35
55
65
52
72
49
69
