15
10
12
8
10
6
23
8
12
12
2
8
15
16
21
12
29
12
17
16
21
25
12
21
25
35
6
23
33
8
14
6
19
6
33
25
10
14
15
14
17
12
19
16
15
21
19
16
31
17
31
15
17
23
23
14
10
29
17
10
29
16
14
17
25
23
21
33
37
19
17
35
14
29
66
23
19
25
31
21
19
39
27
25
33
27
21
19
15
25
25
27
43
43
23
54
31
43
19
29
43
29
21
31
19
16
16
19
27
54
16
25
41
31
48
25
41
10
25
17
37
43
12
39
21
29
33
10
42
39
14
17
52
46
58
27
25
21
48
41
38
41
17
23
23
29
45
31
45
17
13
10
23
10
27
29
33
12
21
10
8
23
25
15
21
15
21
37
8
46
50
27
14
19
13
29
28
10
29
48
45
46
41
37
42
39
17
23
41
50
12
35
40
17
17
25
17
35
23
41
28
58
27
19
31
48
14
17
16
21
29
29
52
25
41
35
31
43
37
29
37
31
14
37
16
29
8
31
31
8
29
14
21
25
19
12
13
52
23
19
37
23
17
35
33
15
23
29
20
18
14
14
80
8
10
29
21
10
23
16
8
12
6
8
14
10
23
10
19
6
12
21
10
10
6
8
16
10
14
10
25
6
27
15
19
21
6
31
