15
7
15
22
25
13
28
17
25
13
15
13
19
58
9
13
13
20
10
17
12
11
11
23
9
13
15
21
18
17
13
12
22
13
13
19
13
9
10
20
2
18
20
9
15
12
30
23
16
11
15
17
0
13
10
21
13
12
17
18
18
13
15
15
17
13
8
30
27
12
17
15
15
17
9
23
11
11
23
17
13
55
10
9
19
15
15
22
17
22
20
13
9
10
28
17
13
16
15
21
15
17
14
37
27
31
36
30
25
25
39
19
34
35
30
40
22
43
27
22
30
32
31
33
31
32
33
50
21
35
23
29
25
27
30
39
31
24
24
36
40
23
38
22
30
24
28
39
29
31
20
35
23
21
31
33
34
24
31
32
32
33
26
35
33
38
20
22
32
21
26
33
26
28
36
45
34
57
33
25
39
42
37
35
25
29
29
34
46
28
28
30
35
38
30
48
2
29
19
13
31
18
24
22
30
25
33
46
36
23
23
26
21
14
31
51
27
43
19
28
34
30
23
33
19
32
13
34
26
25
11
40
37
29
42
24
25
24
46
19
36
30
32
29
40
31
35
33
30
25
33
22
17
22
24
22
23
26
27
32
25
23
22
21
29
58
19
26
21
15
20
26
19
15
24
40
17
34
32
33
39
35
17
21
28
24
21
20
