6
10
0
5
6
6
4
0
4
6
4
4
8
6
10
6
0
4
4
8
0
6
6
8
0
6
6
4
6
4
4
6
10
5
6
6
0
2
6
6
0
2
6
63
2
6
6
2
8
6
0
0
6
2
2
94
2
8
0
0
6
2
8
0
0
0
5
2
2
8
6
0
4
7
80
0
6
4
0
6
0
2
2
4
0
4
0
6
2
2
0
4
0
6
0
2
4
4
2
4
2
6
0
8
0
2
0
0
12
8
0
66
0
0
8
0
2
6
2
8
59
0
4
6
10
8
4
6
0
0
6
6
6
8
0
6
6
0
6
0
8
0
6
6
4
6
4
0
2
8
4
6
8
6
6
0
2
6
4
8
8
91
8
12
2
2
4
0
2
6
6
0
6
54
4
0
4
0
0
4
0
6
54
4
0
6
4
0
2
4
59
8
6
4
4
4
6
5
6
4
0
6
4
4
8
6
6
4
61
4
6
2
4
0
6
8
4
6
6
4
6
6
4
0
4
2
0
8
6
2
2
8
2
8
0
10
6
0
0
12
8
4
2
4
0
2
4
4
2
0
13
10
6
6
6
92
10
6
83
0
2
4
8
2
6
0
0
88
6
6
6
4
6
4
0
56
0
4
2
2
6
44
4
5
8
8
7
4
