1
7
5
1
1
3
3
3
64
3
13
3
3
0
1
0
1
1
1
3
3
12
1
51
3
43
0
3
1
3
3
43
0
3
1
3
1
5
1
1
82
8
5
5
1
1
5
3
1
5
1
1
3
5
3
5
0
1
7
0
5
1
1
3
1
3
1
57
15
3
9
1
0
18
1
4
1
5
5
1
3
49
0
1
0
49
1
1
0
3
3
1
0
0
3
1
1
3
1
5
3
3
1
87
1
3
1
1
0
1
3
3
46
0
1
9
1
3
60
0
1
1
1
3
1
3
3
1
58
1
1
79
1
1
1
0
3
5
1
3
3
5
5
1
49
1
3
1
1
5
5
1
3
7
0
1
5
5
1
51
0
7
7
1
3
1
7
5
1
5
5
3
3
32
1
5
3
20
1
3
4
8
1
3
5
1
3
5
5
3
1
11
3
7
3
58
3
7
1
5
66
16
0
0
5
1
1
93
0
3
5
1
1
1
5
1
1
12
3
1
1
5
1
46
1
5
9
1
1
3
1
1
66
1
9
0
3
1
1
3
3
5
3
3
3
5
1
3
3
1
3
5
5
9
3
1
3
45
3
3
1
6
1
1
3
1
1
3
0
3
1
3
1
1
1
3
4
1
1
5
3
1
3
1
1
0
3
5
