19
2
4
4
6
0
6
8
2
6
4
4
4
4
6
2
2
2
4
8
2
4
8
4
2
4
2
4
2
4
6
8
8
2
2
2
6
4
6
6
6
2
17
10
4
6
4
6
2
6
2
4
0
4
4
2
6
13
4
4
6
2
15
4
2
8
6
6
4
4
4
4
4
6
2
0
4
2
6
4
7
6
6
6
2
8
2
6
6
4
6
13
4
15
19
19
23
8
4
6
4
2
2
2
4
6
8
17
2
6
4
4
6
6
0
6
6
6
8
2
4
6
4
15
6
4
4
8
2
14
4
4
0
6
4
6
4
2
6
2
6
2
4
4
23
4
15
2
4
17
2
2
6
8
0
6
18
23
4
6
0
6
4
2
0
6
4
2
8
2
4
4
4
8
6
10
6
6
4
4
4
2
0
2
2
2
2
4
4
6
2
4
6
4
4
14
6
4
6
8
2
4
10
6
0
6
0
2
0
0
6
6
19
2
6
2
4
4
2
2
6
6
2
2
4
2
2
6
8
2
4
8
2
6
2
6
2
38
4
2
4
6
0
0
0
8
4
6
6
2
4
4
6
15
6
6
4
4
2
2
6
4
4
2
6
2
8
4
6
8
6
6
4
2
4
4
6
4
6
2
4
4
2
4
4
6
2
8
