11
9
7
19
7
19
11
9
17
15
15
15
10
3
21
5
28
17
7
15
7
5
17
21
9
7
5
5
15
7
13
23
11
9
27
17
31
13
13
27
16
25
22
23
17
9
11
19
19
15
9
15
17
13
19
30
7
9
5
31
22
15
29
17
27
15
17
19
15
19
15
20
11
11
21
17
7
28
21
15
21
5
13
11
21
49
15
11
7
19
17
13
17
26
7
15
17
11
15
13
12
13
17
11
30
21
23
29
25
28
21
11
11
11
15
15
9
34
35
23
13
11
32
5
5
28
9
23
44
5
19
15
9
13
7
9
32
7
27
3
28
38
13
30
28
27
29
7
15
23
7
17
36
19
15
24
21
7
44
29
9
17
29
7
32
36
11
21
28
19
25
13
22
30
32
28
27
27
32
17
18
34
36
30
40
19
17
18
19
9
42
7
21
19
13
9
56
15
15
34
19
9
17
23
32
33
24
25
11
21
36
34
32
27
29
21
21
9
19
16
37
21
44
17
21
19
24
39
20
23
23
23
30
19
29
37
9
15
21
5
15
13
19
25
5
21
7
16
17
15
19
17
10
25
7
17
5
33
9
24
15
13
9
9
9
17
21
11
9
7
17
21
29
13
11
17
13
26
27
13
15
16
25
17
19
15
13
12
