0
6
6
13
6
6
7
6
6
7
8
4
4
6
8
6
6
8
6
10
4
11
6
10
9
4
2
6
6
0
6
8
6
8
4
4
6
6
6
2
6
2
8
0
8
0
8
4
6
11
2
10
10
16
4
8
0
15
6
4
4
6
4
2
4
2
4
4
4
8
4
13
2
4
6
0
6
6
13
2
4
2
6
10
6
13
4
4
8
4
17
12
6
4
4
4
4
17
0
6
6
2
6
6
4
4
4
4
6
2
8
3
4
8
6
9
4
4
0
4
8
4
15
4
2
4
2
4
13
4
6
8
8
6
2
10
4
4
9
4
4
13
4
10
4
6
14
8
4
6
2
2
2
4
2
6
8
4
8
4
2
4
8
6
5
4
8
10
13
8
0
4
4
13
6
6
4
10
2
4
19
11
4
4
8
4
6
2
4
2
17
6
8
6
4
15
6
6
7
2
9
6
22
8
6
2
10
8
0
6
6
3
4
14
4
2
0
6
3
2
6
15
8
4
4
8
10
2
8
4
13
7
4
8
5
0
8
13
4
6
2
6
2
4
6
8
2
2
0
0
9
6
2
17
6
2
2
9
19
6
4
6
6
2
2
4
7
6
6
15
2
9
6
4
2
13
4
11
8
4
6
6
4
8
6
8
6
4
