6
6
4
6
11
15
6
9
11
6
6
6
9
9
9
4
15
11
4
13
8
8
12
10
8
13
12
12
6
10
10
10
15
6
15
8
10
15
13
12
11
12
6
19
11
8
10
8
8
17
12
6
10
10
15
10
8
15
15
12
23
31
13
10
31
31
17
10
13
34
15
25
17
15
13
31
34
31
6
17
11
21
42
42
36
8
19
15
19
27
15
15
51
29
15
37
27
17
38
15
12
69
42
42
34
36
42
42
8
25
40
13
13
10
10
10
8
19
31
10
23
8
8
10
10
4
17
12
8
8
8
25
27
35
6
42
6
13
37
8
21
10
6
6
6
8
12
8
8
8
6
10
8
6
4
29
10
19
10
17
12
56
19
11
8
8
8
10
6
31
15
8
8
25
8
6
8
10
31
8
15
12
29
36
10
4
8
13
25
8
8
31
25
12
15
8
35
13
37
35
33
29
33
23
19
8
10
17
12
12
33
15
17
15
10
19
27
35
13
12
15
15
17
8
8
12
25
15
19
10
13
21
17
21
17
19
8
25
33
15
8
15
15
33
23
31
13
11
27
8
19
13
19
21
15
11
12
23
23
13
27
21
8
19
12
12
13
25
10
25
8
13
21
15
12
15
25
12
23
17
21
56
13
31
13
25
21
8
