18
19
14
18
18
19
17
12
15
17
19
18
17
18
16
18
17
17
19
18
17
18
19
18
19
19
18
19
19
19
19
19
18
16
17
18
19
19
19
18
19
18
18
17
19
18
18
19
19
18
17
19
18
18
19
18
16
17
16
19
19
18
19
19
19
19
18
17
18
18
19
17
16
19
16
19
19
18
15
19
19
18
19
20
16
18
19
19
19
19
18
19
18
12
18
17
19
18
16
19
18
17
19
18
19
19
16
19
17
19
17
19
19
19
19
17
17
17
19
18
19
19
11
18
19
19
17
12
18
18
19
18
18
18
18
18
17
18
19
18
17
17
18
18
18
19
16
18
17
17
14
12
19
18
18
18
17
19
19
17
16
18
17
17
11
17
18
17
17
20
17
17
17
17
14
15
17
14
18
18
17
18
17
19
18
16
13
12
19
16
17
18
18
17
14
18
20
18
18
18
19
19
17
18
17
19
18
19
19
17
19
17
19
18
17
18
19
18
18
18
18
19
18
13
19
17
19
17
19
16
17
16
18
19
17
16
19
19
11
19
18
18
19
18
18
19
18
18
12
18
18
19
19
18
16
17
18
17
18
18
18
18
18
18
19
19
15
19
16
17
19
18
17
18
17
18
16
15
17
18
18
17
18
17
18
17
19
18
