5
9
5
13
7
7
5
7
3
5
5
5
9
5
5
3
9
2
13
3
7
5
9
3
2
15
5
3
3
7
11
5
5
7
3
7
3
3
5
7
0
9
7
7
3
3
7
3
2
13
7
15
9
5
11
11
5
7
9
5
9
3
5
9
9
7
15
21
9
15
9
42
7
19
11
15
19
21
5
13
5
11
25
25
17
19
21
7
9
19
21
23
13
13
21
23
21
35
11
13
9
7
11
21
31
15
9
7
15
11
29
17
13
23
13
15
21
9
27
11
7
13
21
13
23
5
15
15
9
17
13
11
25
9
9
17
29
9
5
27
21
11
19
11
31
21
37
36
11
15
15
17
17
11
23
15
11
3
15
19
11
7
15
13
19
7
5
5
9
17
13
13
5
5
11
5
9
11
15
5
3
5
17
9
5
7
10
7
11
3
13
17
11
15
5
7
17
9
9
17
23
23
5
9
3
0
7
7
21
5
27
9
17
3
25
19
5
7
13
15
12
13
15
7
15
9
15
9
5
7
7
13
9
31
9
7
17
13
5
11
13
9
9
7
15
19
7
11
7
17
9
13
7
7
9
15
9
17
11
7
9
7
11
9
11
9
11
9
9
9
15
3
5
11
13
7
11
9
5
5
7
7
7
11
11
17
7
5
