57
8
2
9
2
8
7
5
54
12
6
60
9
14
0
12
2
6
8
6
12
2
6
4
6
12
2
4
4
0
12
6
4
6
0
2
0
0
10
0
6
10
6
10
0
13
6
12
8
2
4
6
69
0
0
69
10
4
56
11
2
2
2
4
0
4
10
2
2
2
10
6
4
4
6
0
4
10
4
0
0
4
8
10
33
4
7
67
0
8
6
10
4
32
2
6
2
0
8
0
2
0
2
8
9
4
12
2
8
2
2
4
10
8
0
78
0
0
8
2
0
4
0
0
10
6
4
8
65
6
12
12
9
6
8
6
4
10
6
8
2
4
10
4
4
4
2
0
8
6
2
6
0
9
6
0
6
14
2
8
11
8
6
2
12
12
2
4
2
12
10
10
6
11
12
14
4
75
10
2
11
10
12
10
8
71
4
2
2
36
4
2
0
4
73
10
8
2
8
2
10
4
2
6
4
2
10
16
5
6
4
4
8
6
4
88
4
8
12
2
6
7
10
17
8
0
10
4
2
4
10
4
8
2
2
2
6
4
27
6
14
73
10
8
57
4
12
10
2
8
8
6
8
98
8
8
2
0
48
10
6
10
6
0
4
12
10
6
6
4
12
2
6
8
6
92
8
2
63
6
77
14
10
2
60
4
4
6
