36
26
41
2
26
20
42
61
67
42
38
37
43
38
25
2
29
3
36
4
28
2
27
6
35
18
33
38
47
3
22
34
8
8
31
27
57
54
35
2
14
32
32
38
0
36
21
31
27
29
35
0
2
45
19
6
48
48
34
46
55
38
31
56
25
25
31
32
38
5
26
28
20
61
24
23
36
12
37
27
44
25
4
44
37
16
37
0
31
31
14
22
32
42
40
24
41
9
33
41
22
6
42
23
51
43
21
37
26
75
39
6
47
2
25
4
38
31
26
21
18
20
32
2
38
17
16
31
37
26
52
34
32
54
35
15
20
9
7
8
49
28
32
40
4
50
37
32
26
29
53
43
7
50
33
55
42
32
8
34
50
5
44
20
34
41
42
21
30
46
20
25
7
19
22
26
54
47
11
25
6
38
29
44
52
4
8
63
15
34
9
3
34
9
22
39
42
0
9
31
36
56
2
5
29
50
69
30
1
30
26
5
22
28
37
33
39
36
4
85
38
17
0
27
16
0
36
20
0
47
6
4
8
37
4
23
46
36
4
7
45
34
11
28
16
4
61
6
33
36
37
42
22
27
2
31
29
24
2
45
59
37
31
2
50
53
4
40
23
40
40
28
6
19
70
13
44
31
33
6
33
39
32
44
58
6
6
43
