14
10
6
33
16
10
16
4
18
10
16
4
10
6
10
2
18
6
14
5
4
10
12
10
12
15
10
12
8
8
16
14
12
15
10
23
4
4
6
18
21
6
15
8
10
19
14
29
12
16
6
18
8
6
21
29
12
10
29
33
14
8
23
15
21
12
8
19
20
12
14
14
25
19
21
25
12
16
14
8
16
18
25
16
14
11
18
10
18
25
23
17
12
20
25
10
5
16
18
16
14
21
6
12
18
20
8
10
25
20
21
27
12
18
14
18
19
25
13
16
16
10
12
21
8
29
13
31
12
16
35
33
18
10
10
29
14
11
23
19
14
19
14
27
17
39
29
21
31
27
12
17
37
23
14
25
12
37
17
39
23
21
27
31
30
43
21
27
23
41
23
28
21
43
45
23
17
9
35
23
27
29
42
19
17
44
17
23
48
19
31
12
8
21
8
23
16
19
30
33
13
20
12
2
27
11
4
6
21
10
17
16
8
12
6
24
10
13
10
10
14
14
8
6
4
6
8
10
6
18
14
6
0
8
12
23
16
4
10
12
13
6
16
10
6
12
26
16
10
25
6
18
16
10
22
27
14
8
12
18
4
27
14
21
12
21
14
11
14
12
8
16
10
8
8
25
35
8
9
14
10
12
18
14
6
18
14
7
