2
0
6
4
0
2
2
2
4
2
4
2
4
6
0
6
4
2
2
4
2
2
2
0
8
0
2
2
2
4
4
4
4
4
2
4
0
6
6
2
2
2
8
0
4
6
4
2
4
2
6
6
4
4
2
2
4
6
6
2
2
0
4
6
4
8
0
6
4
2
2
4
2
2
2
0
2
4
4
0
4
4
2
2
4
0
6
6
6
2
4
0
6
4
8
2
2
2
0
2
4
2
0
4
4
0
4
2
2
2
2
0
4
2
4
2
2
0
8
4
6
2
4
4
4
6
6
0
2
4
4
6
6
0
4
0
2
2
6
4
4
2
4
2
2
2
4
2
4
4
4
2
4
2
2
8
2
2
6
4
0
2
4
4
6
0
4
2
4
4
2
2
2
4
6
2
4
0
4
2
2
2
6
6
4
4
4
2
4
2
4
2
2
4
8
0
4
2
6
6
6
6
4
2
6
0
6
8
0
6
6
2
2
2
0
2
2
2
0
2
4
0
4
0
2
0
6
4
2
8
4
2
0
4
4
6
4
4
6
2
4
4
0
2
4
2
2
2
2
10
2
4
4
0
6
0
2
2
0
2
2
4
2
4
2
4
2
4
4
4
4
2
4
2
0
2
6
0
2
4
6
2
6
0
2
2
2
2
