17
5
9
30
6
15
9
9
6
9
17
10
13
11
19
19
10
13
8
6
15
11
11
15
9
10
6
21
11
19
11
15
15
6
11
10
17
11
4
11
2
6
10
12
10
13
4
10
9
9
12
11
6
6
10
6
4
6
13
4
12
4
6
6
4
6
10
4
4
9
6
4
6
4
8
6
8
10
6
6
4
6
6
8
19
11
6
21
92
6
6
8
2
4
13
47
6
12
9
11
9
8
11
11
14
17
6
10
10
13
9
6
12
10
4
12
11
8
17
10
6
15
15
14
8
10
8
11
10
11
13
10
12
8
17
6
8
14
17
8
13
17
13
10
6
4
16
17
10
14
13
4
11
19
12
15
6
6
9
10
12
15
17
17
13
19
17
6
10
4
13
12
10
25
6
8
10
12
6
19
15
10
14
21
13
14
8
10
10
8
8
6
9
14
10
17
23
12
10
13
18
23
6
12
6
4
10
11
17
14
6
10
8
10
6
8
12
4
6
10
8
6
10
6
6
6
8
4
14
10
8
15
12
8
10
6
10
10
15
21
10
6
12
6
14
10
4
8
14
8
8
10
8
14
8
10
6
4
6
8
6
15
10
10
12
10
19
4
6
6
8
10
13
6
12
4
2
8
2
16
4
8
10
8
12
6
13
6
