51
65
47
50
42
67
58
46
44
50
54
68
59
51
55
50
49
41
55
44
69
77
62
53
53
49
58
53
39
66
70
47
47
61
59
53
65
47
55
41
41
61
62
43
40
64
35
72
54
56
57
45
28
55
70
43
32
56
47
44
81
38
65
37
36
65
66
39
44
50
38
66
63
68
49
35
38
68
46
47
38
62
34
68
64
75
60
46
81
67
67
47
64
72
65
65
38
70
66
43
34
51
55
39
59
46
79
71
71
60
52
46
45
78
54
43
48
57
73
56
58
64
61
72
48
64
71
49
40
45
47
62
60
72
58
35
52
51
56
41
47
46
58
61
58
75
61
50
34
57
55
36
46
61
60
66
59
65
60
22
25
51
42
60
27
30
65
79
43
75
83
37
40
49
48
31
38
39
71
56
54
48
59
32
44
38
30
41
45
28
49
63
66
32
77
46
49
74
47
26
39
51
38
81
78
86
48
44
45
51
79
29
24
36
49
46
89
83
47
44
61
46
79
41
40
66
75
51
49
51
47
87
42
88
35
44
90
49
56
83
47
87
45
47
46
47
48
46
44
53
59
87
77
49
49
46
48
72
49
33
32
57
52
49
49
89
46
45
47
47
78
54
42
72
70
64
67
43
72
41
45
49
52
45
37
94
91
64
