3
3
3
5
7
5
0
1
1
3
5
5
0
0
8
3
5
5
0
5
6
1
5
1
3
3
3
3
0
3
7
5
0
5
7
7
1
1
7
3
3
3
1
7
0
9
1
3
1
5
0
5
5
7
0
3
3
5
1
1
1
5
1
1
3
3
3
1
3
1
9
5
0
5
3
5
3
7
7
7
0
0
7
7
5
0
0
7
1
3
0
1
5
7
7
3
5
5
5
1
3
1
0
1
3
3
7
0
5
3
3
7
7
3
7
3
3
0
3
5
5
7
3
5
0
3
3
3
7
1
3
5
0
3
1
1
0
3
5
9
1
11
1
1
9
5
0
3
1
1
1
9
1
5
5
6
1
1
0
0
1
3
3
1
1
3
0
3
3
0
5
0
3
0
3
3
1
1
0
7
1
8
3
3
3
3
1
7
5
5
0
3
1
1
3
1
0
9
3
1
3
5
5
6
3
3
0
7
5
1
7
3
3
1
5
3
5
0
3
3
9
1
3
0
3
5
0
5
3
3
5
1
0
3
3
1
3
9
5
1
5
5
1
3
9
3
3
0
5
5
5
5
7
7
0
3
0
5
1
1
0
5
0
5
5
3
5
3
5
3
7
3
5
5
3
3
5
5
13
3
1
5
5
0
3
1
7
5
