11
12
12
12
7
10
11
13
5
14
8
13
7
6
19
9
8
6
7
6
9
11
13
13
11
7
12
7
8
9
5
9
11
7
7
9
9
12
9
8
5
10
8
8
6
6
5
6
6
5
6
9
7
4
4
4
3
8
8
7
6
7
8
15
9
6
8
7
7
8
9
10
5
6
7
6
5
6
8
9
6
7
9
6
7
6
5
8
6
8
5
9
8
8
2
6
9
7
7
9
2
7
4
7
12
7
16
17
10
16
10
7
11
10
18
7
14
12
11
20
11
12
8
12
7
18
5
9
6
10
9
8
6
4
8
6
9
13
8
7
10
7
16
18
8
8
9
16
12
9
11
11
10
16
14
9
16
9
9
9
11
9
6
5
6
4
10
7
6
8
6
5
6
8
5
4
4
4
9
9
8
6
8
10
9
14
11
7
8
7
7
7
6
11
4
6
10
10
6
9
4
10
7
10
7
8
7
12
9
10
10
9
6
7
9
13
9
7
7
8
9
9
9
8
6
6
7
6
9
7
4
7
12
6
5
7
4
8
12
4
9
6
3
6
7
7
7
4
11
8
3
6
6
6
7
9
5
9
13
6
5
6
2
6
5
5
3
4
2
3
5
4
5
3
4
4
9
6
5
4
5
4
3
4
8
5
5
5
