2
3
5
2
3
3
2
2
6
2
10
0
0
0
0
5
2
21
15
15
3
2
2
3
0
3
3
0
1
3
2
1
3
1
3
4
2
2
2
15
0
3
2
0
0
0
3
3
4
3
2
0
0
14
15
21
0
0
2
4
0
2
1
2
0
2
2
19
3
2
2
0
2
0
0
0
0
0
2
2
0
3
0
2
0
0
3
0
0
0
0
8
18
0
1
0
3
0
2
2
2
3
0
0
0
0
0
0
0
2
2
3
0
0
0
0
2
2
0
2
0
0
7
2
2
0
2
2
2
3
3
4
2
0
2
0
0
2
16
18
0
0
2
0
0
2
2
4
2
0
0
4
2
10
17
2
2
0
2
0
2
2
2
2
0
2
0
0
4
2
0
0
0
17
16
21
0
0
2
3
2
0
33
17
13
0
3
5
20
25
0
12
16
27
2
0
2
21
18
12
3
2
2
2
2
8
6
3
3
13
16
13
0
11
0
3
0
2
2
0
0
2
5
4
2
13
3
3
0
4
2
25
5
3
1
3
17
17
19
5
3
0
2
2
0
0
30
22
20
0
4
11
2
0
2
2
0
15
34
2
16
4
0
2
2
0
2
2
2
17
25
33
0
0
26
4
0
0
3
3
22
25
17
5
8
6
3
2
