5
5
3
4
3
1
1
7
3
3
6
3
3
3
3
1
3
1
4
1
1
4
1
3
3
5
1
4
5
5
1
3
3
3
3
0
3
4
5
3
3
3
1
4
1
3
6
3
3
5
0
3
4
1
3
10
1
1
1
4
3
7
3
2
4
3
2
6
1
3
0
6
3
3
2
1
4
1
4
1
5
1
1
1
6
3
3
3
4
1
5
7
1
4
6
1
1
1
3
4
1
2
1
3
3
8
3
1
1
5
4
8
4
9
1
2
3
3
5
11
3
3
3
1
3
3
3
5
1
5
3
3
6
6
3
1
5
3
4
3
9
3
5
4
1
5
1
2
6
3
3
5
5
3
3
6
1
3
3
8
1
1
6
1
3
0
1
5
3
2
3
0
3
3
1
4
8
4
5
0
4
8
1
7
3
3
3
1
5
5
2
5
1
1
3
1
1
3
1
3
3
6
3
3
3
5
4
3
5
5
1
1
1
1
3
0
5
3
1
3
3
3
3
4
1
3
3
1
3
1
5
4
4
1
6
3
5
0
3
1
0
1
2
3
1
3
3
2
5
3
1
3
5
3
6
3
1
3
5
1
5
1
5
1
3
2
0
1
3
1
1
3
1
3
4
3
3
3
3
1
5
1
3
1
1
1
1
3
