0
29
2
0
2
0
0
0
0
0
0
2
2
0
2
2
0
0
2
0
0
2
4
2
0
2
0
0
0
0
12
0
2
2
0
2
0
0
0
49
0
4
2
0
4
0
0
0
0
2
2
0
0
2
2
0
2
0
0
2
2
0
4
2
0
0
2
2
2
2
2
2
2
14
2
2
0
0
4
4
6
2
2
2
2
2
4
0
5
4
0
2
0
2
4
2
4
2
0
6
2
0
2
0
4
4
6
0
0
0
0
0
2
4
4
0
0
0
4
0
0
2
0
0
4
0
0
0
0
2
2
0
0
0
0
0
4
2
2
2
2
2
0
0
0
0
0
4
0
2
2
4
2
2
2
0
2
2
2
2
0
2
4
4
2
0
0
4
2
0
2
2
0
2
4
2
2
2
2
0
2
2
0
0
4
2
2
2
2
6
2
4
2
0
2
2
0
4
2
0
2
0
2
0
0
0
0
0
0
2
2
0
0
0
2
0
0
4
0
0
0
4
2
2
0
0
2
4
4
2
0
0
0
0
2
2
0
2
2
0
0
2
0
2
2
4
2
0
2
0
0
0
0
0
4
0
0
2
0
2
0
0
0
6
2
0
2
0
2
0
0
2
2
0
4
0
0
0
2
0
0
0
0
2
0
0
0
0
