7
7
5
0
5
0
9
0
9
0
11
0
5
0
11
0
5
0
11
0
9
0
7
0
11
1
11
0
7
0
5
0
11
0
7
0
5
0
5
0
11
7
7
0
11
5
7
10
15
5
0
7
7
7
0
11
5
9
3
7
12
1
0
9
5
5
0
9
9
0
11
7
7
0
5
9
7
0
11
0
3
0
3
0
11
9
7
5
9
9
9
13
11
0
5
9
0
11
19
7
7
9
17
7
7
9
13
13
9
13
9
7
0
7
7
5
0
9
9
0
0
0
0
0
9
0
5
0
9
0
7
0
0
7
9
0
5
7
7
0
0
0
0
0
0
0
0
0
0
0
11
9
0
0
0
7
7
0
7
0
7
11
9
0
7
9
0
0
9
7
0
10
12
0
0
0
0
0
0
0
0
0
9
0
0
9
0
0
0
0
11
9
0
16
11
0
7
13
9
9
7
12
0
11
11
22
0
3
7
11
7
0
9
5
9
0
13
0
11
0
7
0
13
5
13
0
11
7
0
0
7
7
0
0
9
13
0
0
9
7
0
7
15
9
11
7
0
15
7
9
9
12
0
3
9
15
11
0
11
9
7
1
21
7
13
0
7
11
3
0
0
19
7
0
0
7
7
0
5
1
7
0
7
8
5
0
11
8
