2
2
2
2
0
2
2
2
2
2
2
0
2
2
2
2
2
2
0
0
0
0
2
2
2
4
0
0
2
2
2
0
2
2
0
4
2
0
4
0
4
2
0
0
2
4
0
2
2
2
2
0
0
2
4
4
2
2
2
2
0
2
3
0
8
2
2
2
2
0
2
2
4
2
0
2
2
0
4
2
0
2
4
4
2
2
2
4
2
2
4
4
2
2
0
0
2
2
2
2
2
4
2
0
4
0
2
2
0
4
4
4
0
4
2
4
0
2
0
2
6
6
4
2
2
2
2
0
4
4
2
2
4
2
0
2
2
2
2
4
2
2
2
2
2
4
3
2
2
4
0
6
2
42
4
2
2
2
4
2
2
2
2
4
2
4
0
0
4
4
2
2
4
2
2
0
2
2
4
0
2
2
2
2
2
2
2
8
2
0
2
0
2
4
2
4
2
2
4
2
2
4
2
4
0
4
2
2
6
2
2
4
0
9
4
2
2
4
2
2
4
0
0
2
6
4
2
2
4
2
2
4
2
2
2
2
6
2
2
2
2
2
2
2
2
0
4
2
0
4
2
2
2
2
2
2
2
2
11
2
4
4
0
2
2
2
2
0
2
2
2
4
2
2
2
4
2
2
2
4
2
2
2
2
2
2
2
8
