8
2
0
0
4
4
2
0
6
7
0
0
6
4
0
6
7
6
2
0
2
6
0
0
6
6
0
4
6
8
6
11
10
0
4
0
6
2
6
0
7
4
2
0
4
4
4
0
2
0
8
0
8
0
6
7
8
0
4
6
4
0
6
0
7
6
4
0
4
0
10
8
17
0
6
0
4
0
4
0
0
4
6
0
2
8
8
0
0
6
6
0
0
6
8
0
0
10
4
0
0
6
6
0
0
6
12
0
0
17
9
0
0
9
8
6
2
7
6
0
0
0
0
0
0
4
8
2
0
6
4
0
6
6
2
0
0
9
0
0
0
0
0
0
0
0
0
0
0
6
0
13
0
0
0
2
4
0
7
4
0
13
11
0
10
11
6
0
8
6
0
13
11
0
0
2
0
0
0
0
0
0
0
0
0
2
0
0
0
0
0
6
0
2
2
15
6
6
0
6
8
6
0
8
0
6
4
7
0
4
0
6
8
0
11
4
0
4
0
12
0
11
0
8
6
8
0
8
0
4
0
11
0
13
0
6
8
0
13
0
13
0
2
8
6
0
0
6
10
0
0
2
6
10
0
4
15
0
6
4
19
6
6
25
0
0
11
4
0
0
2
6
0
0
8
4
6
0
9
8
7
0
25
2
4
6
17
11
