7
8
0
6
6
4
8
15
4
14
4
2
2
6
10
2
8
4
6
4
4
4
6
0
4
2
0
4
8
6
4
0
4
4
4
5
6
2
8
21
6
2
6
2
4
6
8
4
6
10
2
6
2
8
8
4
5
6
8
24
8
10
4
2
6
8
2
2
13
2
0
8
22
4
0
4
8
6
2
6
4
4
6
0
2
6
4
19
6
2
6
2
4
4
4
4
2
14
4
2
2
0
2
2
2
17
6
4
2
19
6
2
4
4
6
2
4
8
8
6
8
2
0
2
6
7
4
8
8
6
6
6
4
2
6
4
4
6
2
6
2
6
0
13
4
2
6
6
4
2
6
21
2
4
10
4
20
6
6
6
6
2
4
4
2
8
8
6
4
6
6
15
11
4
6
2
0
4
8
0
8
6
4
2
0
0
0
4
13
4
4
6
6
8
4
4
8
2
0
6
6
4
17
4
6
2
4
2
4
5
2
8
5
8
2
8
2
2
4
4
4
8
2
4
2
17
6
6
6
4
2
4
6
2
8
8
0
10
6
15
2
2
8
2
2
6
2
4
6
6
17
2
0
6
6
6
6
4
6
4
4
4
6
4
4
4
6
6
2
6
4
13
2
4
2
4
4
2
4
2
2
4
6
2
0
15
4
2
