13
17
9
4
4
13
9
21
7
8
9
15
9
6
12
4
12
10
10
6
4
8
8
8
10
17
11
4
10
8
12
13
4
15
10
8
10
15
8
17
9
4
8
10
12
4
17
9
8
17
8
7
10
10
18
5
9
9
13
17
10
11
8
8
10
6
7
11
15
6
8
12
11
13
13
8
15
13
8
11
9
6
4
6
10
8
13
6
13
8
9
13
11
12
12
6
10
19
17
6
12
9
13
33
8
10
17
8
13
15
12
19
25
13
15
13
7
17
12
10
15
15
31
19
13
10
13
29
10
13
17
13
11
50
15
21
19
15
15
13
9
6
11
13
6
15
15
10
10
17
27
37
8
15
27
17
13
11
17
21
13
17
15
13
8
10
17
28
25
4
17
18
21
19
18
21
17
25
23
30
25
8
23
13
19
27
11
10
23
6
30
15
15
21
21
20
21
19
9
16
17
4
25
11
11
6
10
19
16
15
19
33
20
19
20
8
10
19
13
12
13
13
11
9
10
15
13
13
17
17
15
11
13
8
19
13
4
12
25
13
8
19
17
15
17
12
19
15
17
12
13
11
6
17
12
13
19
10
10
11
10
6
17
13
8
12
9
5
19
13
15
10
17
13
6
10
15
19
17
11
13
10
4
13
10
13
10
13
