6
0
3
1
1
1
3
0
0
0
0
1
1
1
1
1
1
0
1
1
0
0
0
0
1
1
9
1
1
1
0
0
1
0
1
1
1
0
1
0
2
3
0
1
0
1
3
0
0
3
0
4
1
1
1
1
1
3
4
3
0
4
0
4
0
1
0
1
1
1
8
3
1
3
1
1
1
0
2
1
0
1
3
0
1
0
1
0
1
0
4
0
1
2
1
4
0
0
0
0
1
4
4
4
1
0
2
0
1
2
1
5
4
1
0
1
1
1
0
3
0
0
0
4
0
1
0
1
0
1
0
0
4
3
0
0
0
0
0
3
9
3
1
0
0
3
1
1
1
0
3
1
3
7
0
0
3
0
0
0
0
3
3
0
0
5
3
3
6
2
1
3
1
0
1
0
1
1
2
1
0
1
0
1
1
3
1
2
0
1
1
1
0
2
1
4
3
3
1
1
1
1
1
1
0
1
3
1
3
3
3
0
0
1
3
0
0
6
0
0
0
1
3
1
0
6
3
0
1
0
3
0
3
3
1
1
0
3
3
1
1
3
3
3
0
1
1
1
1
0
1
1
1
0
1
2
0
1
1
3
0
3
0
0
3
0
0
1
8
0
1
1
1
4
3
0
2
1
0
3
0
1
0
3
0
10
7
3
