15
5
0
0
3
6
7
0
10
7
8
0
11
6
9
0
5
5
5
0
11
5
0
0
4
5
0
0
9
13
0
9
9
3
7
0
7
9
7
0
9
0
5
0
7
0
7
0
7
0
5
7
8
0
7
0
6
0
10
9
4
6
5
0
7
0
7
8
5
8
7
0
0
7
9
0
0
9
7
0
0
4
5
0
0
7
8
0
0
11
5
0
0
11
9
6
5
10
8
0
0
9
9
6
0
7
9
0
0
11
10
9
0
7
7
0
0
6
4
0
0
0
0
0
4
0
0
0
4
8
7
0
6
0
8
0
7
0
5
0
0
0
0
0
0
0
0
0
0
0
0
7
0
0
4
11
0
0
9
13
7
7
8
3
0
7
0
15
21
5
4
0
6
7
0
0
0
0
0
0
0
0
0
0
0
4
0
0
9
0
3
0
0
4
11
0
6
3
5
0
9
6
0
3
0
7
0
12
0
15
0
9
0
5
0
0
0
5
0
3
0
5
0
7
0
7
9
5
0
12
5
5
0
16
10
22
0
0
22
10
0
9
7
11
0
0
7
8
0
0
9
9
9
5
0
12
7
7
8
8
9
0
43
7
13
5
12
12
7
5
8
5
0
0
8
7
0
0
5
12
0
0
6
9
5
7
27
5
