8
2
8
2
5
7
9
4
6
11
8
8
8
4
7
4
9
2
7
8
8
6
8
11
11
11
15
9
8
6
6
10
9
6
10
8
13
7
4
5
11
15
8
6
17
6
52
14
10
15
6
8
11
15
9
6
10
15
4
8
11
13
9
2
12
6
4
8
4
8
6
14
9
21
8
16
15
11
4
10
4
4
11
6
13
13
9
5
11
9
8
7
8
8
10
9
4
6
0
7
6
10
7
10
15
10
19
6
8
9
12
16
15
12
8
18
11
13
13
15
9
10
15
14
12
22
13
17
11
14
14
4
21
8
15
11
16
9
15
14
12
10
15
17
6
10
18
12
12
23
13
12
13
8
15
13
8
13
13
15
19
25
13
25
15
21
12
21
24
13
14
15
9
10
7
14
6
25
21
25
11
17
8
14
24
23
8
13
10
25
12
6
10
17
13
17
15
17
15
15
11
13
15
8
11
21
21
14
33
19
12
17
21
21
6
7
15
15
21
11
11
11
9
38
21
10
13
19
13
17
12
11
15
15
12
17
10
10
14
19
10
10
14
13
21
11
8
12
21
19
9
9
12
12
4
7
8
11
13
12
11
10
23
4
52
6
9
14
8
13
12
15
10
5
23
10
8
21
10
8
15
11
8
6
4
6
15
15
