13
18
13
14
23
14
20
11
16
15
21
15
8
25
16
12
6
9
14
15
25
32
25
23
19
21
17
11
13
16
26
11
10
15
20
13
20
12
8
13
13
23
23
26
16
23
20
19
14
21
36
22
13
22
37
18
22
27
14
49
25
20
17
18
56
27
10
19
29
14
45
19
20
9
15
11
22
26
12
13
20
16
14
12
21
20
17
13
19
34
7
45
12
8
20
14
25
21
17
17
19
26
17
31
29
16
13
29
22
35
30
25
28
14
14
33
21
20
21
27
25
42
30
41
45
28
39
20
37
30
17
37
16
36
26
44
35
26
32
21
38
25
46
35
43
29
30
42
47
33
22
34
46
47
39
23
22
31
19
22
27
36
19
42
35
35
32
26
20
19
19
14
29
27
24
31
28
17
37
33
20
11
19
25
24
42
20
24
24
22
15
10
21
21
29
32
29
20
15
40
44
21
33
20
25
31
23
16
16
19
33
27
16
20
19
32
36
28
34
22
20
17
20
19
17
14
30
15
8
17
18
11
24
8
22
11
16
20
13
19
18
18
14
15
14
13
15
22
15
18
12
15
13
15
18
22
35
20
13
7
14
10
22
6
20
15
17
14
21
15
19
19
25
21
17
35
25
16
17
22
12
12
15
29
14
25
17
13
