12
20
18
11
13
18
11
18
18
24
14
22
11
17
27
13
15
17
11
8
13
11
7
7
5
4
4
6
38
26
6
27
10
13
15
15
25
7
11
9
15
9
9
15
21
9
18
36
11
17
27
30
20
18
26
20
11
15
16
13
38
22
26
9
23
13
7
7
11
17
13
17
9
22
7
5
17
18
17
15
11
13
19
19
15
11
17
10
4
11
9
16
38
7
24
14
9
13
13
9
11
7
9
13
9
18
25
22
25
18
13
18
9
20
11
40
35
18
19
27
15
32
23
7
29
25
30
19
26
43
18
25
30
25
37
38
36
24
22
17
28
21
26
17
42
13
22
27
16
16
14
13
21
24
36
40
38
21
26
21
42
11
41
26
24
19
9
24
36
32
34
20
48
36
17
53
13
25
41
35
45
51
41
17
24
36
28
74
30
25
20
35
23
49
23
21
25
38
53
36
9
21
9
35
34
40
34
44
13
17
42
49
27
28
21
23
11
42
34
21
16
43
19
38
24
9
21
23
19
25
24
30
24
6
23
17
11
15
27
15
23
21
19
15
22
9
26
13
13
17
20
13
46
21
20
9
24
2
13
2
13
30
13
25
43
26
7
17
24
19
11
15
23
15
17
21
47
13
11
9
6
13
15
15
16
13
13
8
