2
6
2
4
18
4
6
6
2
6
6
2
4
4
6
4
4
6
4
2
2
2
4
6
2
6
4
6
4
8
2
6
8
4
6
2
6
4
4
6
4
2
2
2
2
4
4
7
6
4
4
6
4
2
8
8
2
4
4
2
6
2
4
2
6
4
4
2
4
6
4
2
4
4
2
4
6
4
6
6
6
4
2
8
6
4
6
4
6
4
6
2
2
2
4
8
4
6
6
2
4
6
2
2
2
4
6
2
4
4
2
4
4
4
2
2
4
4
4
4
4
4
4
2
2
2
2
6
4
4
4
8
2
2
2
2
8
2
6
4
6
4
6
4
4
4
4
2
4
4
4
6
2
2
4
4
4
2
6
6
6
4
4
2
4
6
6
4
4
2
4
6
4
4
4
8
4
6
8
4
6
6
27
10
4
4
2
4
4
4
2
4
4
6
4
6
4
4
16
4
2
4
4
2
2
6
4
4
2
2
2
4
4
4
6
4
4
2
4
6
4
4
4
4
4
4
6
2
2
4
4
4
8
6
6
4
4
4
4
4
2
4
2
2
8
4
2
4
4
2
4
6
6
4
6
4
4
8
2
4
4
2
4
4
4
4
35
4
4
6
2
6
4
4
4
6
4
4
2
2
6
4
6
6
2
8
4
2
