20
17
9
28
30
24
47
44
28
36
36
2
39
31
38
38
32
4
42
28
24
21
19
23
15
48
22
13
32
28
20
22
34
16
22
25
12
30
19
34
23
23
23
78
22
25
52
31
24
23
48
20
28
28
18
24
28
24
22
23
13
23
20
24
8
23
13
20
35
27
26
19
24
23
17
46
17
11
38
21
82
15
24
26
7
22
9
13
38
27
20
35
23
23
21
19
15
25
30
31
22
27
17
21
18
15
15
21
26
15
17
19
23
36
31
16
18
21
24
20
29
17
87
75
15
21
29
14
31
20
41
28
38
31
20
34
33
23
28
24
19
27
34
30
28
28
39
37
20
26
34
20
35
47
16
24
24
22
16
25
19
51
28
34
62
19
34
25
23
26
2
29
23
40
27
32
30
23
30
38
28
30
31
27
33
64
31
20
28
22
41
28
23
30
27
29
25
24
31
35
57
28
6
26
28
29
13
9
29
36
19
26
25
24
26
21
31
18
40
21
19
34
30
20
20
11
33
24
23
26
30
22
30
34
25
24
26
28
28
7
27
36
24
16
15
15
12
9
11
11
11
4
9
20
15
6
9
9
16
18
9
11
17
9
15
15
19
24
10
8
15
39
11
11
16
11
15
24
9
11
9
15
17
21
11
10
18
9
