6
17
2
17
4
61
4
2
37
4
4
2
0
4
61
8
0
6
4
4
4
4
6
4
8
10
37
4
2
14
6
6
8
4
2
4
45
0
6
4
4
4
8
4
6
0
52
4
2
10
2
6
10
6
4
6
45
2
8
40
4
4
6
4
2
8
6
4
6
0
2
4
4
6
61
4
0
2
8
4
6
6
4
64
2
2
6
2
6
35
4
8
4
8
10
4
4
2
2
4
4
11
61
8
6
6
2
6
2
4
4
4
47
8
2
13
0
2
6
14
8
12
36
4
4
2
8
6
15
2
4
4
2
2
4
8
36
4
0
63
2
8
10
2
4
10
6
8
49
13
6
8
4
4
14
4
10
32
4
4
2
19
6
4
8
8
4
4
6
6
6
8
6
8
4
2
4
6
4
4
6
4
4
4
4
6
4
2
51
4
4
29
2
4
4
2
4
57
6
2
8
11
4
4
4
2
7
6
2
6
5
2
4
6
4
6
6
8
8
6
30
4
4
4
4
6
29
2
2
8
6
8
6
15
8
6
8
4
4
62
2
10
6
2
0
8
11
4
8
6
2
4
8
2
21
4
6
4
2
2
9
76
2
0
58
6
2
4
8
4
46
4
6
4
2
2
4
2
4
6
4
6
6
8
2
4
2
6
