13
9
19
0
7
8
19
16
4
0
11
11
0
7
11
4
7
13
17
4
13
7
16
0
10
14
4
1
6
14
14
13
7
0
11
8
1
22
10
11
7
13
15
0
18
5
10
0
17
11
13
0
9
6
17
12
8
1
10
8
0
13
10
12
10
1
19
13
11
12
17
9
0
1
15
10
0
8
11
19
10
17
12
7
5
21
11
11
10
9
10
28
9
12
13
6
15
0
13
12
1
1
13
0
0
0
13
0
0
10
13
1
7
9
20
0
6
0
1
19
15
12
30
8
6
8
1
22
9
17
1
0
15
11
0
3
9
18
0
27
25
0
16
14
0
13
12
1
11
10
19
0
8
13
8
13
11
0
8
12
10
8
18
11
0
3
10
16
11
13
13
9
9
17
17
3
10
7
6
11
6
10
0
1
9
0
7
1
0
1
10
13
7
2
11
0
4
0
7
9
10
9
0
9
10
2
13
17
8
0
8
0
0
12
13
9
10
5
13
0
6
0
5
7
6
0
4
8
10
1
4
6
6
4
9
6
15
0
4
13
14
10
1
13
0
5
13
0
13
0
10
14
0
13
11
0
12
11
12
1
4
16
6
28
13
10
7
4
10
8
19
17
25
1
10
14
14
2
0
1
15
12
11
8
19
19
8
18
