3
1
1
2
3
3
3
4
2
0
2
1
3
2
2
4
3
2
2
2
5
2
3
3
3
3
3
2
1
2
2
3
3
2
3
2
3
3
5
3
1
2
3
3
3
6
3
3
2
3
3
3
2
0
3
2
2
2
2
6
3
3
1
3
2
3
3
3
2
0
1
3
4
3
3
3
0
3
5
2
3
2
3
4
3
3
4
5
2
2
2
3
3
1
2
2
2
2
3
2
3
5
2
3
3
3
3
2
3
2
2
3
4
5
3
3
3
3
4
4
2
3
3
1
1
3
2
3
2
3
1
2
0
4
5
3
1
3
1
1
2
1
4
3
2
3
1
3
1
3
1
4
3
3
3
3
2
3
2
2
5
1
3
5
3
1
3
3
2
3
2
1
3
2
3
4
1
2
1
1
1
5
2
3
3
2
1
2
2
1
2
2
2
3
3
3
4
1
3
1
2
2
4
2
1
1
2
1
3
1
3
4
3
1
3
4
3
2
3
3
2
2
3
3
3
3
1
3
3
2
3
1
3
2
3
2
2
1
2
2
2
2
3
3
3
0
2
2
2
4
2
3
2
2
1
2
1
2
2
0
3
3
3
3
3
2
3
3
2
4
2
5
1
3
2
6
2
3
1
2
1
4
2
4
3
3
3
1
