0
2
0
3
2
5
4
5
0
2
5
0
2
0
2
4
2
2
2
0
0
2
0
5
2
2
3
2
5
3
2
5
0
2
4
2
2
4
2
4
0
4
1
2
0
1
2
0
0
2
0
3
2
0
1
2
0
0
4
0
0
3
4
0
2
3
1
4
5
0
0
2
0
2
5
4
5
3
0
2
3
0
0
4
5
2
3
6
1
2
2
5
4
2
4
5
2
0
2
2
2
6
6
2
2
0
2
2
5
0
0
0
5
5
0
0
2
2
0
2
2
0
2
1
0
0
0
2
0
2
2
0
0
4
0
2
0
5
2
2
5
2
1
0
2
2
0
6
2
0
1
2
4
4
0
2
4
5
2
0
3
4
0
2
0
2
0
2
4
5
3
2
0
2
2
15
0
0
0
2
2
2
2
13
2
4
2
0
4
3
2
2
2
0
2
0
2
0
1
3
6
2
5
2
2
0
2
2
0
4
0
0
4
2
2
2
4
3
2
2
2
2
5
7
2
3
2
2
0
4
5
3
0
2
3
4
4
4
3
2
2
2
0
3
0
2
5
2
0
5
0
5
2
4
2
4
2
2
2
0
0
2
2
0
0
4
0
8
3
0
7
5
2
0
4
0
0
2
4
0
9
5
8
2
0
4
0
5
