40
8
6
87
91
31
39
15
6
70
4
31
43
2
0
2
0
33
0
2
27
4
2
2
0
0
2
4
2
2
3
2
0
2
8
6
0
4
2
0
4
0
2
2
4
4
2
0
2
2
0
2
0
4
2
2
0
0
4
4
2
0
2
2
2
0
6
2
0
2
2
0
2
0
8
0
6
0
2
0
2
4
0
2
0
2
4
0
2
0
2
4
4
4
4
2
2
2
6
2
2
4
2
4
4
10
2
2
2
4
0
2
0
2
6
2
2
0
2
8
0
4
4
2
2
2
2
2
2
2
0
2
4
0
4
2
2
4
4
4
4
4
2
0
2
4
4
2
2
4
4
4
4
10
2
0
2
2
31
33
10
0
4
6
2
4
0
6
2
12
4
14
0
4
4
4
0
0
0
4
2
2
0
2
0
0
2
0
0
0
2
4
4
2
0
2
0
2
2
0
4
2
2
2
6
8
4
4
2
2
4
4
0
0
2
2
0
0
4
0
0
2
4
2
0
2
0
6
4
0
2
2
2
0
0
4
4
6
4
60
0
0
60
58
0
4
2
2
0
60
10
2
0
0
60
66
2
2
2
0
2
4
6
2
0
4
59
58
0
4
2
4
2
60
2
2
2
4
4
2
0
4
4
2
2
2
0
8
