32
15
15
4
5
11
10
5
17
7
10
13
13
7
2
8
19
17
17
4
13
5
4
8
4
13
12
13
15
23
4
8
4
11
10
2
11
10
8
13
13
15
15
15
4
21
8
11
17
21
13
14
21
16
23
21
6
13
13
17
17
19
13
8
11
6
11
8
4
15
46
12
12
15
5
19
2
25
34
30
25
8
26
17
19
25
43
21
23
12
44
29
13
10
21
15
19
18
11
13
23
8
15
11
17
42
25
25
29
19
28
29
19
9
35
10
26
13
25
23
31
26
17
22
42
23
38
17
24
23
13
31
6
21
31
12
26
34
40
33
13
14
17
8
27
21
19
17
27
27
33
19
15
19
20
22
19
31
16
19
19
7
17
51
18
19
19
21
15
13
30
12
8
33
29
17
26
21
9
18
17
37
15
27
35
33
30
8
17
21
12
20
32
20
25
15
26
23
4
29
27
17
18
13
40
35
17
35
38
22
13
38
13
45
4
13
21
44
15
17
20
7
15
17
32
13
19
18
42
23
27
9
67
27
22
15
23
21
29
17
18
13
17
17
23
15
21
25
32
17
33
13
12
11
6
15
29
22
23
15
13
15
25
17
6
17
14
5
12
21
12
11
8
6
11
27
5
9
10
11
21
6
11
7
6
12
6
12
