6
10
6
8
6
6
6
8
4
6
4
2
2
4
0
2
2
2
29
45
4
2
8
0
4
2
4
6
0
4
4
8
8
6
2
6
4
4
2
6
10
4
6
2
0
4
6
14
6
4
6
6
12
6
4
17
6
6
12
6
8
6
10
6
4
12
6
16
14
10
6
6
8
10
8
16
10
10
6
6
10
12
8
6
10
10
10
8
6
4
19
17
15
12
8
14
12
6
6
14
24
8
8
8
10
6
4
14
12
10
8
12
19
10
0
6
2
8
4
8
6
12
10
6
14
2
6
8
6
12
10
4
10
8
12
14
10
2
4
8
8
6
12
4
6
10
2
12
8
6
4
6
8
6
8
4
10
8
14
6
10
8
6
4
10
6
4
6
6
10
6
10
8
8
8
6
10
0
6
6
10
14
6
2
6
8
4
10
6
8
8
10
6
4
8
6
8
10
10
16
12
17
15
8
10
12
12
8
19
16
6
6
10
15
17
4
8
12
2
19
6
14
12
4
8
12
6
4
51
2
10
17
8
8
15
16
12
2
17
10
8
4
14
4
10
12
2
8
17
8
8
10
6
6
8
6
6
6
15
4
4
2
6
8
2
12
4
10
17
6
8
2
2
2
8
8
6
6
13
8
6
6
6
9
4
6
0
10
