6
8
2
6
6
6
4
5
2
6
6
14
4
15
13
21
3
4
6
42
11
27
8
6
21
4
6
20
4
4
2
8
9
4
19
8
8
4
10
7
6
6
4
3
2
6
9
7
14
13
7
6
11
5
21
34
9
4
8
10
10
4
6
5
6
4
4
2
12
6
8
14
4
8
10
11
5
2
16
2
88
10
9
8
6
34
23
6
4
4
4
9
21
8
4
13
17
13
80
4
9
6
2
62
6
6
45
6
21
17
4
11
4
4
6
28
2
4
4
2
6
5
19
19
8
30
11
2
6
13
4
9
4
8
40
4
24
6
6
0
10
6
8
8
4
4
10
11
32
4
4
9
39
28
4
11
42
8
4
2
6
5
6
19
4
5
27
5
4
18
4
20
7
4
11
6
0
6
11
8
6
9
6
9
4
26
6
27
4
7
4
6
2
8
8
19
13
6
6
7
6
9
11
48
8
8
6
9
6
38
26
15
19
9
25
21
8
10
10
17
4
11
21
4
8
21
25
6
8
6
4
7
6
5
6
34
6
6
35
4
6
4
8
8
6
49
32
6
9
7
7
25
11
19
23
10
10
2
6
6
4
9
4
6
12
4
6
6
6
6
12
22
13
2
5
6
4
6
5
4
6
6
3
8
9
8
8
19
