26
23
5
20
25
22
20
16
5
5
5
9
6
24
3
23
18
5
20
28
17
31
3
34
6
8
15
20
11
7
5
8
18
6
5
36
41
16
27
5
17
31
31
5
6
33
4
5
9
22
21
20
9
20
17
15
19
13
22
13
15
24
2
17
8
20
15
5
12
16
3
2
8
10
12
13
6
9
6
17
18
24
6
6
9
5
7
18
8
6
9
5
24
18
13
5
9
34
7
13
5
20
5
10
8
5
11
7
9
34
20
15
17
19
18
11
11
17
10
5
3
14
33
17
5
10
19
23
5
10
12
17
14
21
22
17
14
7
13
13
12
7
7
16
15
9
18
21
23
15
4
17
8
9
9
6
38
18
27
7
5
19
19
12
9
10
9
13
19
12
7
9
8
4
8
20
3
9
8
17
10
10
4
18
12
8
11
8
8
13
4
17
43
12
9
8
4
8
13
9
13
14
12
10
10
10
19
7
16
20
7
11
4
5
5
26
5
26
19
13
22
10
11
14
11
21
6
23
20
9
7
8
17
5
13
13
21
4
15
14
21
8
7
10
11
13
16
12
20
10
11
30
8
5
5
17
12
16
10
8
4
12
21
7
5
23
15
7
3
11
24
35
5
7
16
20
5
18
21
17
4
9
9
23
25
8
16
19
