3
7
3
3
7
1
5
3
1
3
3
8
5
7
1
5
3
3
10
9
5
13
11
5
5
1
1
5
6
15
5
3
5
3
3
9
7
3
5
1
7
8
5
5
9
9
11
12
3
9
3
1
12
9
9
14
5
5
7
7
9
5
7
9
5
9
5
3
5
3
3
13
1
11
7
9
7
12
7
17
7
9
7
16
11
3
3
5
88
5
11
7
5
5
7
9
9
7
9
3
5
9
6
5
5
3
92
7
7
3
5
5
1
6
5
11
5
5
5
1
5
7
9
5
3
11
5
10
5
9
7
5
9
9
7
3
7
9
5
13
1
5
20
5
21
5
3
5
3
7
14
9
7
9
3
7
5
11
5
1
18
1
5
3
7
7
3
5
14
9
9
5
5
8
5
9
9
11
9
7
3
9
5
5
7
7
3
11
3
7
3
3
5
11
14
7
1
9
8
9
1
6
3
3
7
9
5
11
9
7
7
5
7
11
9
3
7
5
7
7
9
12
11
7
9
5
1
5
5
13
3
7
5
3
9
7
7
13
3
5
12
10
7
5
1
7
15
11
9
7
6
7
12
14
13
15
13
11
15
12
13
15
9
9
3
9
7
5
7
3
9
15
9
9
3
7
3
7
7
5
1
7
5
8
3
13
6
9
