2
4
0
2
4
0
2
4
0
6
0
4
4
4
2
6
4
0
8
4
4
2
4
6
2
4
2
6
2
4
0
6
4
6
2
4
8
4
2
6
2
2
0
2
2
6
4
4
2
2
2
8
4
6
2
2
4
0
8
4
4
4
6
2
2
4
4
8
2
0
4
2
6
2
0
0
4
2
0
2
4
10
4
0
0
8
6
6
8
2
6
8
6
2
2
2
0
8
2
4
12
0
2
0
8
0
2
4
0
4
2
2
4
2
2
2
6
0
2
8
4
0
4
0
6
2
14
0
6
0
6
0
2
4
4
2
2
2
1
6
4
2
2
8
4
4
6
6
2
6
4
0
0
4
4
10
4
4
0
4
10
6
6
4
0
0
2
0
2
14
4
6
6
0
10
0
12
3
4
0
2
6
4
0
2
4
2
62
6
3
8
4
4
8
2
6
12
0
2
6
4
3
6
8
2
4
2
4
6
6
0
2
4
2
4
2
3
2
4
8
4
6
4
0
4
2
4
4
6
4
4
2
4
2
6
6
6
0
2
2
0
0
2
0
0
4
0
6
2
0
2
6
6
0
4
4
4
0
10
10
4
4
4
6
2
2
4
6
4
6
2
0
2
12
4
6
0
8
8
0
2
0
0
4
2
2
2
4
