12
7
28
13
17
14
21
9
15
15
6
32
13
9
11
9
7
34
6
11
2
6
4
13
7
9
6
8
8
9
10
9
6
6
8
13
7
15
28
13
8
10
6
4
13
6
11
4
22
10
7
11
6
11
6
8
11
13
15
11
18
9
4
6
6
9
7
11
9
13
15
15
7
13
13
8
9
8
19
13
11
14
17
11
17
11
6
4
11
19
15
9
11
12
32
15
14
9
8
11
13
18
21
15
24
17
21
39
11
26
16
23
0
8
15
9
6
19
11
11
25
15
28
13
26
21
11
11
13
19
13
23
17
17
15
15
13
19
13
7
11
17
19
17
13
19
18
16
34
15
21
15
13
20
11
23
9
17
31
19
19
8
25
15
19
22
24
17
27
35
19
17
28
24
14
37
23
22
21
9
23
22
30
30
6
21
46
34
42
20
21
23
34
22
42
18
11
13
26
21
24
10
8
25
7
11
7
15
38
17
8
33
77
11
15
11
38
19
20
19
17
14
4
23
6
9
8
17
5
15
20
15
15
13
7
17
8
17
20
19
9
19
7
15
25
28
9
9
13
17
11
14
20
7
17
11
46
7
2
58
15
17
11
21
16
21
14
9
17
15
6
8
15
48
13
15
16
16
13
11
19
4
45
9
4
7
32
8
