4
29
54
6
4
7
6
8
6
2
9
2
8
8
10
11
4
6
6
4
6
6
10
6
6
8
6
6
6
9
7
0
15
4
6
7
4
10
6
4
7
4
2
4
4
5
11
6
6
8
4
2
9
4
6
10
6
4
4
6
9
5
10
0
7
7
7
6
11
4
2
4
2
9
2
2
5
8
3
3
7
2
2
5
5
0
5
4
8
4
6
5
28
5
2
4
0
6
2
9
6
84
8
10
7
5
5
11
8
6
4
4
2
4
6
7
4
7
4
4
4
6
6
10
2
4
7
7
5
9
7
8
10
11
5
6
2
2
7
54
2
2
2
6
6
12
5
6
4
7
4
2
7
8
4
4
4
8
6
21
7
4
4
4
13
4
4
7
4
10
0
5
4
11
6
2
9
7
8
46
13
8
6
6
4
2
6
35
2
10
6
6
6
6
12
12
4
6
2
0
8
6
8
4
6
6
60
6
4
6
10
10
6
2
3
7
24
4
8
4
24
0
4
10
10
7
7
5
7
2
6
4
7
8
3
7
7
8
7
6
10
9
8
5
8
8
10
63
6
6
10
8
6
2
4
2
3
6
6
8
4
8
8
4
2
7
9
9
5
10
11
11
39
2
9
16
8
8
9
4
2
4
83
11
6
4
6
83
