16
10
12
10
8
8
19
16
39
10
6
12
0
10
8
16
16
6
8
14
12
25
8
20
8
18
20
23
18
18
4
6
10
14
10
10
6
4
8
14
4
14
14
8
14
12
4
10
10
2
6
4
2
14
10
12
14
8
8
12
18
16
8
10
25
8
14
8
8
6
14
12
8
19
16
22
16
19
10
15
8
4
21
2
2
10
8
4
14
4
6
12
16
22
16
43
27
14
10
14
10
14
8
14
18
19
23
16
6
12
10
14
13
6
10
14
17
14
14
21
16
16
8
8
8
4
18
20
13
10
12
14
14
12
10
16
23
23
14
8
12
18
18
12
14
18
8
6
13
9
14
6
14
10
12
12
10
12
4
4
16
14
6
6
14
16
8
20
12
27
20
8
4
25
27
20
33
4
8
10
8
18
20
17
10
19
20
12
21
22
27
8
23
37
8
23
16
21
20
39
6
19
18
8
10
8
21
14
14
16
8
2
4
8
8
20
6
20
6
6
14
12
19
18
46
27
16
18
12
17
10
8
15
11
17
18
10
21
10
9
35
15
12
12
14
17
5
17
11
6
6
17
4
20
12
6
6
25
17
14
32
16
16
25
10
13
19
14
18
8
16
12
10
14
6
2
15
14
6
19
12
6
56
16
8
10
14
12
